26/05/2008	472.5	-1.361388889	1.28	0.747945205	3.42	1.128082192	4.02
27/05/2008	305	-0.388888889	2.51	1.198630137	3.68	1.431232877	4.3
28/05/2008	300	-0.2875	2.64	1.303835616	3.74	1.369863014	4.24
29/05/2008	305	-0.359722222	2.54	1.247945205	3.71	1.389041096	4.26
30/05/2008	304.5	-0.344444444	2.56	1.339726027	3.76	1.384246575	4.26
02/06/2008	293	-0.251944444	2.68	1.25569863	3.71	1.394520548	4.26
03/06/2008	277.5	-0.097222222	2.88	1.5	3.85	1.407534247	4.28
04/06/2008	294	-0.216555556	2.73	1.530136986	3.87	1.38630137	4.26
05/06/2008	275	-0.124611111	2.84	1.556164384	3.88	1.434246575	4.3
06/06/2008	282.48	-0.181	2.77	1.487726027	3.84	1.400027397	4.27
09/06/2008	270	-0.141666667	2.82	1.48630137	3.84	1.41369863	4.28
10/06/2008	272	-0.122222222	2.85	1.506849315	3.85	1.44239726	4.31
11/06/2008	272.52	-0.166777778	2.79	1.553287671	3.88	1.441684932	4.31
12/06/2008	257.5	-0.069444444	2.91	1.557534247	3.88	1.448493151	4.31
13/06/2008	259.5	-0.091666667	2.88	1.650684932	3.93	1.429315068	4.3
16/06/2008	259	0.030555556	3.01	1.749315068	3.99	1.428767123	4.3
17/06/2008	245.98	0.079277778	3.04	1.715123288	3.97	1.471260274	4.33
18/06/2008	254.12	0.074444444	3.04	1.675013699	3.95	1.476547945	4.34
19/06/2008	251.5	0.119333333	3.06	1.673972603	3.95	1.497054795	4.36
20/06/2008	257.5	0.175	3.08	1.636986301	3.93	1.441780822	4.31
23/06/2008	257	0.111388889	3.05	1.594520548	3.9	1.52739726	4.38
24/06/2008	248.93	0.200388889	3.1	1.646767123	3.93	1.524753425	4.38
26/06/2008	248.25	0.245833333	3.12	1.660958904	3.94	1.522945205	4.38
27/06/2008	235	0.255555556	3.12	1.684931507	3.95	1.532876712	4.39
30/06/2008	227	0.486111111	3.23	1.706849315	3.97	1.532876712	4.39
01/07/2008	225	0.505555556	3.24	1.732876712	3.98	1.523287671	4.38
02/07/2008	220.7	0.482222222	3.23	1.698219178	3.96	1.525068493	4.38
03/07/2008	220	0.458333333	3.22	1.746356164	3.99	1.546575342	4.4
04/07/2008	201.77	0.615055556	3.29	1.860493151	4.05	1.609630137	4.46
07/07/2008	215	0.447222222	3.21	1.835616438	4.04	1.560273973	4.41
08/07/2008	209.05	0.6025	3.29	1.83	4.03	1.561712329	4.42
09/07/2008	220.1	0.555	3.26	1.773972603	4	1.547260274	4.4
10/07/2008	221.12	0.546555556	3.26	1.750356164	3.99	1.486136986	4.35
11/07/2008	252.5	0.302777778	3.14	1.632876712	3.92	1.474657534	4.34
14/07/2008	240.5	0.330666667	3.16	1.621917808	3.92	1.50890411	4.37
15/07/2008	244	0.411111111	3.2	1.619178082	3.92	1.512328767	4.37
16/07/2008	240.5	0.491666667	3.23	1.676712329	3.95	1.561027397	4.42
17/07/2008	234	0.536111111	3.25	1.704438356	3.96	1.590410959	4.44
18/07/2008	224.95	0.515555556	3.24	1.731643836	3.98	1.601438356	4.45
21/07/2008	239.05	0.474722222	3.23	1.673835616	3.95	1.604041096	4.45
22/07/2008	249	0.311111111	3.15	1.687671233	3.95	1.604109589	4.45
23/07/2008	251	0.322222222	3.15	1.750684932	3.99	1.620547945	4.47
24/07/2008	245	0.375	3.18	1.79460274	4.01	1.609589041	4.46
25/07/2008	250	0.286111111	3.14	1.712328767	3.97	1.61369863	4.46
28/07/2008	249.5	0.363888889	3.17	1.747945205	3.99	1.611643836	4.46
29/07/2008	255.18	0.360388889	3.17	1.673260274	3.95	1.643520548	4.49
30/07/2008	256.5	0.422222222	3.2	1.660273973	3.94	1.644520548	4.49
31/07/2008	257.75	0.454166667	3.22	1.621506849	3.92	1.632808219	4.48
01/08/2008	261.35	0.450833333	3.21	1.557945205	3.88	1.600890411	4.45
04/08/2008	255	0.450277778	3.21	1.587452055	3.9	1.638356164	4.49
05/08/2008	259.35	0.456388889	3.22	1.683972603	3.95	1.604931507	4.46
06/08/2008	262.5	0.416666667	3.2	1.595890411	3.9	1.595410959	4.45
07/08/2008	281	0.358333333	3.17	1.573972603	3.89	1.557534247	4.41
08/08/2008	258.3	0.584444444	3.28	1.58	3.89	1.620136986	4.47
11/08/2008	280	0.638888889	3.3	1.595890411	3.9	1.575342466	4.43
12/08/2008	282.5	0.852777778	3.41	1.534246575	3.87	1.571780822	4.43
13/08/2008	271	1.133333333	3.54	1.639726027	3.93	1.615068493	4.46
14/08/2008	282	0.927777778	3.44	1.67260274	3.95	1.598150685	4.45
18/08/2008	280	0.889166667	3.42	1.681972603	3.95	1.57260274	4.43
19/08/2008	270.5	1.088888889	3.52	1.713561644	3.97	1.567808219	4.42
20/08/2008	278	1.091388889	3.52	1.704109589	3.96	1.595890411	4.45
21/08/2008	275.5	0.858055556	3.41	1.749315068	3.99	1.63630137	4.48
22/08/2008	256.9	1.150555556	3.55	1.749589041	3.99	1.688493151	4.53
25/08/2008	268.4	1.075555556	3.51	1.759643836	4	1.64260274	4.49
26/08/2008	270	1.188888889	3.56	1.698630137	3.96	1.62739726	4.48
27/08/2008	276.9	1.371111111	3.65	1.559452055	3.88	1.545342466	4.4
28/08/2008	291	1.105555556	3.53	1.615150685	3.91	1.45239726	4.32
29/08/2008	294.42	1.392111111	3.66	1.549534247	3.88	1.500794521	4.36
01/09/2008	287.5	1.547222222	3.73	1.705479452	3.96	1.574657534	4.43
02/09/2008	294	1.472222222	3.7	1.726027397	3.98	1.606849315	4.46
04/09/2008	300	1.485833333	3.71	1.754794521	3.99	1.602739726	4.45
05/09/2008	303	1.2875	3.61	1.764383562	4	1.591780822	4.44
08/09/2008	305	1.291666667	3.61	1.780821918	4.01	1.594520548	4.45
09/09/2008	296.5	1.383333333	3.66	1.797260274	4.02	1.585616438	4.44
10/09/2008	295	1.222222222	3.58	1.760273973	4	1.515068493	4.37
11/09/2008	307.55	1.165	3.55	1.71630137	3.97	1.526643836	4.38
12/09/2008	304.12	0.960444444	3.46	1.678849315	3.95	1.624082192	4.47
15/09/2008	305.55	1.066277778	3.51	1.728630137	3.98	1.70609589	4.55
16/09/2008	290.05	1.169444444	3.56	1.705342466	3.96	1.698561644	4.54
17/09/2008	307.5	0.977777778	3.46	1.689041096	3.96	1.647945205	4.49
18/09/2008	291.5	1.075	3.51	1.705479452	3.96	1.670273973	4.51
19/09/2008	318	0.870722222	3.41	1.661643836	3.94	1.739726027	4.58
22/09/2008	291.52	1.019333333	3.48	1.728712329	3.98	1.777369863	4.61
23/09/2008	300.65	1.065555556	3.51	1.649123288	3.93	1.80869863	4.64
24/09/2008	300	1.047222222	3.5	1.723287671	3.97	1.889041096	4.71
25/09/2008	289.2	1.237777778	3.59	1.793972603	4.01	1.855479452	4.68
26/09/2008	300	1.275	3.61	1.887671233	4.07	1.836986301	4.67
29/09/2008	290.73	1.159833333	3.55	1.941835616	4.1	1.851054795	4.68
30/09/2008	276.55	1.249722222	3.59	1.956027397	4.11	1.84	4.67
01/10/2008	294.25	1.140277778	3.54	1.948630137	4.1	1.754452055	4.59
03/10/2008	298	1.094444444	3.52	1.928767123	4.09	1.783561644	4.62
06/10/2008	287.5	1.166666667	3.55	2.102739726	4.19	1.851369863	4.68
07/10/2008	290.5	1.108333333	3.53	2.01369863	4.14	1.834931507	4.66
08/10/2008	282.5	1.166666667	3.55	2.075342466	4.17	1.830821918	4.66
10/10/2008	245	1.444444444	3.69	2.144383562	4.21	1.87760274	4.7
13/10/2008	229	1.519444444	3.72	2.217808219	4.25	1.920547945	4.74
14/10/2008	260	1.416388889	3.67	2.118493151	4.2	1.828767123	4.66
15/10/2008	256.75	1.531944444	3.73	2.170465753	4.23	1.75609589	4.59
16/10/2008	250	1.7	3.81	2.160273973	4.22	1.775342466	4.61
17/10/2008	267.5	1.722222222	3.82	2.063013699	4.17	1.710273973	4.55
20/10/2008	273	1.75	3.83	2.008219178	4.14	1.740684932	4.58
21/10/2008	276.95	1.767222222	3.84	2.094657534	4.18	1.694589041	4.54
22/10/2008	275	1.766666667	3.84	2.105205479	4.19	1.682191781	4.53
23/10/2008	255.5	1.858333333	3.88	2.203972603	4.25	1.748630137	4.59
24/10/2008	255.55	1.838444444	3.87	2.210684932	4.25	1.730753425	4.57
27/10/2008	225.27	2.037222222	3.97	2.228219178	4.26	1.772164384	4.61
28/10/2008	249.15	2.018611111	3.96	2.059863014	4.16	1.742260274	4.58
29/10/2008	269.2	1.896277778	3.9	2.104931507	4.19	1.686027397	4.53
31/10/2008	272.5	1.803722222	3.86	2.128767123	4.2	1.770547945	4.61
03/11/2008	267.2	1.932222222	3.92	2.158438356	4.22	1.816027397	4.65
04/11/2008	249	2.005555556	3.95	2.195890411	4.24	1.837054795	4.67
05/11/2008	238.05	2.3025	4.09	2.142328767	4.21	1.838150685	4.67
06/11/2008	220	2.458333333	4.17	2.260191781	4.28	1.953424658	4.77
07/11/2008	205	2.422222222	4.15	2.246575342	4.27	1.952054795	4.77
10/11/2008	212	2.269444444	4.08	2.277260274	4.29	1.934246575	4.75
11/11/2008	212.5	2.125	4.01	2.334246575	4.32	1.955479452	4.77
12/11/2008	197.05	1.872888889	3.89	2.391643836	4.35	1.960205479	4.78
14/11/2008	190	1.964833333	3.93	2.438356164	4.38	2.01369863	4.83
17/11/2008	185.07	2.041277778	3.97	2.506657534	4.42	2.063876712	4.87
18/11/2008	180	2.152777778	4.02	2.47260274	4.4	2.151369863	4.95
19/11/2008	175.02	2.083222222	3.99	2.520493151	4.43	2.205726027	5
20/11/2008	178	1.991666667	3.95	2.484931507	4.41	2.161643836	4.96
21/11/2008	176	2.188888889	4.04	2.463013699	4.39	2.124246575	4.93
24/11/2008	168	2.125	4.01	2.328164384	4.32	2.109589041	4.91
25/11/2008	167.02	2.158222222	4.03	2.460219178	4.39	2.127369863	4.93
26/11/2008	157.5	2.277777778	4.08	2.349315068	4.33	2.188356164	4.98
28/11/2008	161	2.194611111	4.04	2.346575342	4.33	2.176712329	4.97
01/12/2008	162.02	2.252666667	4.07	2.405342466	4.36	2.148260274	4.95
02/12/2008	147.32	2.403777778	4.14	2.521041096	4.43	2.145452055	4.95
03/12/2008	151.05	2.396944444	4.14	2.566986301	4.45	2.197191781	4.99
04/12/2008	156.25	2.476944444	4.18	2.518493151	4.42	2.164315068	4.96
05/12/2008	156.5	2.547055556	4.21	2.550958904	4.44	2.121917808	4.92
08/12/2008	163.5	2.341666667	4.11	2.606849315	4.47	2.140410959	4.94
10/12/2008	168.9	2.367222222	4.12	2.534520548	4.43	2.116438356	4.92
11/12/2008	174	2.422222222	4.15	2.495890411	4.41	2.069178082	4.88
12/12/2008	160	2.577777778	4.22	2.54109589	4.44	2.004109589	4.82
15/12/2008	196.45	2.453055556	4.17	2.468630137	4.4	1.915890411	4.74
16/12/2008	200	2.405555556	4.14	2.467452055	4.4	1.91369863	4.74
17/12/2008	207.7	2.235	4.06	2.54739726	4.44	1.974383562	4.79
18/12/2008	193	2.388888889	4.13	2.619178082	4.48	1.985342466	4.8
19/12/2008	196.05	2.463611111	4.17	2.579315068	4.46	1.945136986	4.76
22/12/2008	204.7	2.468333333	4.17	2.568767123	4.45	1.974383562	4.79
23/12/2008	209.45	2.655833333	4.26	2.550821918	4.44	2.036369863	4.85
24/12/2008	205	2.672222222	4.27	2.575342466	4.46	2.050684932	4.86
26/12/2008	195	2.863888889	4.36	2.609452055	4.48	2.089041096	4.89
29/12/2008	176.27	3.061277778	4.45	2.669123288	4.51	2.086616438	4.89
30/12/2008	186.68	3.126777778	4.49	2.661150685	4.5	2.072356164	4.88
31/12/2008	194	2.977777778	4.41	2.7	4.53	2.090205479	4.9
01/01/2009	196.07	2.931833333	4.39	2.739534247	4.55	2.083465753	4.89
02/01/2009	206.05	2.933055556	4.39	2.73	4.54	2.019109589	4.83
05/01/2009	212.5	2.805722222	4.33	2.773972603	4.57	1.934931507	4.75
06/01/2009	215.55	2.941388889	4.4	2.786164384	4.58	1.971849315	4.79
07/01/2009	222.95	2.9975	4.42	2.779589041	4.57	1.94109589	4.76
09/01/2009	209.9	2.992222222	4.42	2.849589041	4.61	1.979589041	4.79
12/01/2009	209.5	3.027777778	4.44	2.790410959	4.58	1.958219178	4.78
13/01/2009	225.5	2.913888889	4.38	2.739726027	4.55	1.958219178	4.78
14/01/2009	220.5	3.111111111	4.48	2.746575342	4.55	1.929452055	4.75
15/01/2009	212.57	3.305166667	4.57	2.698438356	4.53	1.894424658	4.72
16/01/2009	217.5	3.358333333	4.6	2.713013699	4.53	1.914383562	4.74
19/01/2009	225	3.3	4.57	2.717671233	4.54	1.904109589	4.73
20/01/2009	243.75	3.020833333	4.43	2.639041096	4.49	1.855205479	4.68
21/01/2009	225	2.944444444	4.4	2.692465753	4.52	1.931369863	4.75
22/01/2009	230	2.913888889	4.38	2.728767123	4.54	1.879452055	4.7
23/01/2009	227.55	2.846944444	4.35	2.698493151	4.53	1.883356164	4.71
27/01/2009	237.48	2.764	4.31	2.637041096	4.49	1.859616438	4.69
28/01/2009	222.5	2.861111111	4.36	2.684931507	4.52	1.719863014	4.56
29/01/2009	233.8	2.701111111	4.28	2.653972603	4.5	1.729041096	4.57
30/01/2009	234.45	2.686222222	4.28	2.665890411	4.51	1.630890411	4.48
02/02/2009	239.5	2.575	4.22	2.783561644	4.57	1.669863014	4.51
03/02/2009	235	2.638888889	4.25	2.763013699	4.56	1.661643836	4.51
04/02/2009	225.05	2.708055556	4.29	2.84369863	4.61	1.645136986	4.49
05/02/2009	229.5	2.697222222	4.28	3.015068493	4.71	1.671506849	4.52
06/02/2009	222.55	2.813611111	4.34	3.103972603	4.76	1.699246575	4.54
09/02/2009	232	2.807777778	4.33	3.1	4.75	1.7	4.54
10/02/2009	233	2.788888889	4.32	3.081643836	4.74	1.636986301	4.48
11/02/2009	228	2.886111111	4.37	3.121917808	4.77	1.650684932	4.5
12/02/2009	230.02	2.749888889	4.31	3.084	4.74	1.693123288	4.54
13/02/2009	235.5	2.788888889	4.32	3.094520548	4.75	1.678767123	4.52
16/02/2009	240	2.668611111	4.27	3.061643836	4.73	1.685205479	4.53
17/02/2009	227.45	2.819722222	4.34	3.075479452	4.74	1.818561644	4.65
18/02/2009	235	2.916666667	4.39	3.056164384	4.73	1.828767123	4.66
19/02/2009	248.25	2.856944444	4.36	2.95	4.67	1.817671233	4.65
20/02/2009	240.25	2.823611111	4.34	2.834931507	4.6	1.844657534	4.67
24/02/2009	242.5	2.770111111	4.32	2.95890411	4.67	1.802054795	4.63
25/02/2009	247.65	2.860277778	4.36	2.982657534	4.69	1.766232877	4.6
26/02/2009	260	2.697222222	4.28	2.971232877	4.68	1.780821918	4.61
27/02/2009	255.02	2.708222222	4.29	2.971178082	4.68	1.869835616	4.7
02/03/2009	252.57	2.907388889	4.38	3.005287671	4.7	1.884150685	4.71
03/03/2009	249.9	2.836666667	4.35	3.068767123	4.74	1.83609589	4.66
04/03/2009	244.5	3.05	4.45	3.165753425	4.79	1.884246575	4.71
05/03/2009	250	2.785166667	4.32	3.135616438	4.77	1.910958904	4.73
06/03/2009	242.5	3.236111111	4.54	3.22739726	4.83	1.914383562	4.74
09/03/2009	245	3.375	4.6	3.171232877	4.79	1.91239726	4.73
12/03/2009	243	3.333333333	4.58	3.169863014	4.79	1.96890411	4.79
13/03/2009	264.5	3.116666667	4.48	3.131506849	4.77	2.007534247	4.82
16/03/2009	260.25	3.068055556	4.46	3.110273973	4.76	1.999657534	4.81
17/03/2009	267.52	3.080444444	4.46	3.061589041	4.73	2.022575342	4.83
18/03/2009	272.98	3.147166667	4.49	3.043890411	4.72	1.984958904	4.8
19/03/2009	289	2.983333333	4.42	3.030136986	4.71	2.084246575	4.89
20/03/2009	277.05	3.249722222	4.54	3.195753425	4.81	2.087191781	4.89
23/03/2009	285	3.402777778	4.62	3.328767123	4.88	2.08630137	4.89
24/03/2009	292.5	3.219444444	4.53	3.376712329	4.91	2.081917808	4.89
25/03/2009	281	3.247222222	4.54	3.312054795	4.87	2.069041096	4.88
26/03/2009	314.5	3.044444444	4.45	3.152054795	4.78	2.021232877	4.83
27/03/2009	316	2.994444444	4.42	3.175342466	4.8	1.978082192	4.79
30/03/2009	307.5	2.952777778	4.4	3.212328767	4.82	1.934931507	4.75
31/03/2009	302.5	3.041666667	4.44	3.220547945	4.82	2.03630137	4.85
01/04/2009	312.48	3.011222222	4.43	3.127452055	4.77	2.06509589	4.87
02/04/2009	295.5	3.080555556	4.46	3.138356164	4.77	2.039246575	4.85
06/04/2009	317.5	2.958333333	4.41	3.144109589	4.78	1.941780822	4.76
08/04/2009	320	2.986111111	4.42	3.123287671	4.77	1.938356164	4.76
09/04/2009	319.5	2.894722222	4.37	3.089041096	4.75	1.930479452	4.75
13/04/2009	307	3.057888889	4.45	3.117808219	4.76	2.013767123	4.83
15/04/2009	300.02	3.226833333	4.53	3.164328767	4.79	1.993123288	4.81
16/04/2009	318	3.15	4.5	3.116575342	4.76	1.98630137	4.8
17/04/2009	329	3.044444444	4.45	3.112191781	4.76	2	4.81
20/04/2009	330.5	2.983888889	4.42	3.209589041	4.82	2.011643836	4.82
21/04/2009	317.75	3.0125	4.43	3.211369863	4.82	1.989383562	4.8
22/04/2009	324.5	2.911111111	4.38	3.357534247	4.9	1.925342466	4.75
23/04/2009	305	2.930555556	4.39	3.378082192	4.91	1.926027397	4.75
24/04/2009	309	2.922222222	4.39	3.536712329	5	1.920547945	4.74
27/04/2009	312.5	3	4.42	3.5	4.98	1.866438356	4.69
28/04/2009	301.5	3.081222222	4.46	3.508219178	4.98	1.959520548	4.78
29/04/2009	315	3.011111111	4.43	3.389726027	4.92	1.864383562	4.69
04/05/2009	320.05	2.944166667	4.4	3.372465753	4.91	1.905410959	4.73
05/05/2009	332.5	2.958333333	4.41	3.280821918	4.86	1.857808219	4.68
06/05/2009	339.5	3.058333333	4.45	3.337123288	4.89	1.796917808	4.63
07/05/2009	342.5	3.097388889	4.47	3.254931507	4.84	1.767808219	4.6
08/05/2009	336.05	2.994166667	4.42	3.213561644	4.82	1.805410959	4.64
11/05/2009	341.5	3.033333333	4.44	3.308219178	4.87	1.840410959	4.67
12/05/2009	337.5	2.935666667	4.39	3.27260274	4.85	1.803424658	4.64
13/05/2009	345.5	2.872222222	4.36	3.173972603	4.79	1.759589041	4.6
14/05/2009	363.5	2.700555556	4.28	3.138356164	4.77	1.738767123	4.58
15/05/2009	395	2.416666667	4.15	3.021917808	4.71	1.695616438	4.54
18/05/2009	436	2.213444444	4.05	2.923287671	4.65	1.639452055	4.49
19/05/2009	475	2.216666667	4.05	2.808219178	4.59	1.621506849	4.47
20/05/2009	449	2.2	4.04	2.862739726	4.62	1.628767123	4.48
21/05/2009	440.05	2.308055556	4.1	2.890273973	4.63	1.638287671	4.49
22/05/2009	466.5	2.047222222	3.97	2.91369863	4.65	1.610273973	4.46
25/05/2009	474.45	2.155833333	4.02	2.894657534	4.64	1.604452055	4.45
26/05/2009	429.95	2.291944444	4.09	3.085068493	4.74	1.652123288	4.5
27/05/2009	464	2.252777778	4.07	3.090410959	4.75	1.669863014	4.51
28/05/2009	462	2.391666667	4.14	3.15890411	4.79	1.730136986	4.57
29/05/2009	484	2.277333333	4.08	3.090547945	4.75	1.704109589	4.55
01/06/2009	523.7	2.068055556	3.98	2.959726027	4.67	1.615479452	4.46
02/06/2009	490	2.277777778	4.08	3.073972603	4.74	1.615068493	4.46
03/06/2009	545	2.05	3.97	2.890410959	4.63	1.510958904	4.37
04/06/2009	566	1.830555556	3.87	2.701369863	4.53	1.484931507	4.35
05/06/2009	559	1.953722222	3.93	2.816438356	4.59	1.456164384	4.32
08/06/2009	567.45	1.791944444	3.85	2.809863014	4.59	1.410068493	4.28
09/06/2009	534.75	1.729722222	3.82	2.759589041	4.56	1.490753425	4.35
10/06/2009	537.5	1.905722222	3.91	2.867123288	4.62	1.485616438	4.35
11/06/2009	545.5	1.747222222	3.83	2.809589041	4.59	1.425342466	4.29
12/06/2009	515	2.194444444	4.04	2.896712329	4.64	1.404452055	4.27
15/06/2009	517.25	2.259722222	4.07	3.066438356	4.73	1.332534247	4.21
16/06/2009	477	2.575	4.22	3.104109589	4.76	1.404109589	4.27
17/06/2009	497.48	2.497333333	4.19	3.102794521	4.75	1.335027397	4.21
18/06/2009	500.55	2.524722222	4.2	3.053287671	4.73	1.430753425	4.3
19/06/2009	483.5	2.605555556	4.24	2.952054795	4.67	1.39109589	4.26
22/06/2009	485	2.513888889	4.19	3.02739726	4.71	1.491780822	4.35
23/06/2009	474.73	2.5515	4.21	3.041835616	4.72	1.518178082	4.38
24/06/2009	475	2.455	4.17	3.013561644	4.7	1.525	4.38
25/06/2009	492.45	2.466944444	4.17	3.075479452	4.74	1.551438356	4.41
26/06/2009	488.5	2.355555556	4.12	3.031506849	4.71	1.440410959	4.31
29/06/2009	512	2.288888889	4.09	3	4.7	1.417808219	4.29
30/06/2009	529.5	2.136111111	4.01	2.809589041	4.59	1.37630137	4.25
01/07/2009	499.5	2.361111111	4.12	2.631506849	4.49	1.36369863	4.24
02/07/2009	501.5	2.338888889	4.11	2.716438356	4.54	1.313013699	4.19
03/07/2009	499.5	2.239333333	4.06	2.763013699	4.56	1.385616438	4.26
06/07/2009	495	2.411111111	4.15	2.753424658	4.56	1.394520548	4.26
07/07/2009	497.5	2.480555556	4.18	2.697260274	4.53	1.400684932	4.27
08/07/2009	490	2.772222222	4.32	2.624657534	4.48	1.397260274	4.27
09/07/2009	492.5	2.816666667	4.34	2.640410959	4.49	1.380136986	4.25
10/07/2009	505	2.697222222	4.28	2.608219178	4.47	1.369863014	4.24
13/07/2009	502.5	2.794444444	4.33	2.606849315	4.47	1.332534247	4.21
14/07/2009	514.95	2.705833333	4.29	2.550821918	4.44	1.332534247	4.21
15/07/2009	532.5	2.902777778	4.38	2.504246575	4.42	1.331917808	4.21
16/07/2009	556	2.608333333	4.24	2.483972603	4.4	1.361232877	4.23
17/07/2009	577.5	2.569444444	4.22	2.453013699	4.39	1.29109589	4.17
20/07/2009	588	2.442777778	4.16	2.453424658	4.39	1.291780822	4.17
21/07/2009	595.05	2.463611111	4.17	2.440821918	4.38	1.321849315	4.2
22/07/2009	593	2.445833333	4.16	2.649178082	4.5	1.339657534	4.21
23/07/2009	590	2.549833333	4.21	2.430136986	4.37	1.328835616	4.2
24/07/2009	586.47	2.511277778	4.19	2.324191781	4.31	1.344561644	4.22
27/07/2009	591.97	2.380722222	4.13	2.191863014	4.24	1.309630137	4.19
28/07/2009	612.5	2.186111111	4.04	1.965753425	4.11	1.279589041	4.16
29/07/2009	610.53	2.394277778	4.14	1.957178082	4.11	1.272835616	4.15
30/07/2009	597.17	2.479055556	4.18	1.857068493	4.05	1.277917808	4.16
31/07/2009	615	2.471944444	4.17	1.935342466	4.09	1.257534247	4.14
03/08/2009	610	2.513611111	4.19	1.898630137	4.07	1.307808219	4.19
04/08/2009	652.5	2.144833333	4.02	1.752054795	3.99	1.222876712	4.11
05/08/2009	662.5	1.880555556	3.89	1.601369863	3.91	1.23630137	4.12
06/08/2009	641	2.202777778	4.05	1.723972603	3.97	1.262945205	4.15
07/08/2009	620.5	2.383333333	4.13	1.87260274	4.06	1.295205479	4.17
10/08/2009	595	2.555722222	4.21	1.980821918	4.12	1.338493151	4.21
11/08/2009	534.17	2.8685	4.36	2.109123288	4.19	1.399835616	4.27
12/08/2009	543.67	2.646277778	4.26	2.132410959	4.21	1.399150685	4.27
13/08/2009	552.5	2.735944444	4.3	2.094520548	4.18	1.36890411	4.24
14/08/2009	567.5	2.541666667	4.21	1.985616438	4.12	1.35	4.22
17/08/2009	550	2.74	4.3	2.01369863	4.14	1.356164384	4.23
18/08/2009	536.5	2.933333333	4.39	1.954794521	4.11	1.326712329	4.2
19/08/2009	570	2.777777778	4.32	1.917808219	4.08	1.300821918	4.18
20/08/2009	550.5	2.941666667	4.4	1.930136986	4.09	1.30760274	4.19
21/08/2009	555.5	3.025	4.44	1.793150685	4.01	1.286986301	4.17
24/08/2009	567.5	2.861111111	4.36	1.760273973	4	1.297945205	4.18
25/08/2009	556.03	2.994277778	4.42	1.887589041	4.07	1.287630137	4.17
26/08/2009	567.5	2.875	4.37	1.815068493	4.03	1.203424658	4.09
27/08/2009	580	2.75	4.31	1.794520548	4.01	1.301438356	4.18
28/08/2009	582.5	2.418222222	4.15	1.752054795	3.99	1.311575342	4.19
31/08/2009	602.1	2.571666667	4.22	1.679178082	3.95	1.333493151	4.21
01/09/2009	614.97	2.222388889	4.06	1.79460274	4.01	1.294561644	4.17
02/09/2009	585	2.402777778	4.14	1.98630137	4.12	1.334931507	4.21
03/09/2009	595	2.472055556	4.17	2.008219178	4.14	1.322671233	4.2
04/09/2009	610	2.541666667	4.21	2.01369863	4.14	1.335616438	4.21
07/09/2009	624	2.577777778	4.22	2.006849315	4.13	1.309589041	4.19
08/09/2009	638	2.430555556	4.15	1.923287671	4.09	1.320547945	4.2
09/09/2009	633	2.525555556	4.2	1.893150685	4.07	1.321917808	4.2
10/09/2009	610	2.805555556	4.33	1.95890411	4.11	1.371232877	4.24
11/09/2009	623	2.616666667	4.24	1.871232877	4.06	1.353082192	4.23
14/09/2009	639.5	2.475	4.18	1.809315068	4.02	1.340410959	4.22
15/09/2009	649	2.436111111	4.16	1.769863014	4	1.351575342	4.23
16/09/2009	687.5	2.277777778	4.08	1.609589041	3.91	1.318630137	4.2
17/09/2009	686	2.303444444	4.09	1.791780822	4.01	1.355068493	4.23
18/09/2009	710.5	2.372222222	4.13	1.779452055	4.01	1.341575342	4.22
22/09/2009	727.3	2.342777778	4.11	1.74630137	3.99	1.299589041	4.18
23/09/2009	749.5	2.155555556	4.02	1.689041096	3.96	1.313013699	4.19
24/09/2009	730	2.290555556	4.09	1.81369863	4.03	1.317054795	4.19
25/09/2009	723.8	2.315	4.1	1.901917808	4.08	1.330410959	4.21
29/09/2009	734	2.283333333	4.08	1.816438356	4.03	1.310821918	4.19
30/09/2009	717.53	2.388444444	4.13	1.798547945	4.02	1.341054795	4.22
01/10/2009	745	2.252777778	4.07	1.671506849	3.95	1.302739726	4.18
05/10/2009	762.5	2.197222222	4.04	1.664383562	3.94	1.297945205	4.18
06/10/2009	748.5	2.394444444	4.14	1.702739726	3.96	1.33760274	4.21
07/10/2009	754.5	2.452777778	4.17	1.691232877	3.96	1.295273973	4.17
08/10/2009	750	2.513888889	4.19	1.671232877	3.95	1.305890411	4.18
09/10/2009	780.5	2.469444444	4.17	1.582328767	3.89	1.296575342	4.18
12/10/2009	807.5	2.361111111	4.12	1.502739726	3.85	1.192671233	4.08
14/10/2009	822	2.308333333	4.1	1.501369863	3.85	1.079589041	3.98
15/10/2009	819	2.394444444	4.14	1.486164384	3.84	1.11369863	4.01
16/10/2009	787.5	2.447222222	4.16	1.626027397	3.92	1.140410959	4.03
20/10/2009	755	2.613888889	4.24	1.789041096	4.01	1.22609589	4.11
21/10/2009	754.5	2.602777778	4.24	1.798767123	4.02	1.194520548	4.08
22/10/2009	740	2.541666667	4.21	1.884931507	4.07	1.239589041	4.12
23/10/2009	735	2.626388889	4.25	2.01369863	4.14	1.26	4.14
26/10/2009	737.5	2.663611111	4.27	2.00630137	4.13	1.284246575	4.16
27/10/2009	720	2.705555556	4.29	2	4.13	1.338356164	4.21
28/10/2009	717.97	2.721	4.29	1.983643836	4.12	1.364424658	4.24
29/10/2009	703	2.905555556	4.38	2.081232877	4.18	1.378082192	4.25
30/10/2009	710	2.791666667	4.33	2.02739726	4.15	1.382191781	4.25
03/11/2009	712.5	2.708333333	4.29	1.924657534	4.09	1.395205479	4.27
04/11/2009	715	2.708333333	4.29	1.789726027	4.01	1.397260274	4.27
05/11/2009	729	2.630555556	4.25	1.851917808	4.05	1.396164384	4.27
06/11/2009	737.4	2.611666667	4.24	1.892054795	4.07	1.384383562	4.26
09/11/2009	735	2.891666667	4.37	1.917808219	4.08	1.442465753	4.31
10/11/2009	747.5	2.755555556	4.31	1.943835616	4.1	1.432191781	4.3
11/11/2009	725	2.988888889	4.42	2.060273973	4.17	1.486164384	4.35
12/11/2009	737.5	3.291666667	4.56	1.979452055	4.12	1.431986301	4.3
13/11/2009	720.35	3.528611111	4.68	2.075753425	4.17	1.479452055	4.34
16/11/2009	735	3.491666667	4.66	2.052465753	4.16	1.479452055	4.34
17/11/2009	760	3.321111111	4.58	1.967123288	4.11	1.475342466	4.34
18/11/2009	762.5	3.361111111	4.6	1.957534247	4.11	1.438013699	4.3
19/11/2009	748.5	3.373222222	4.6	2.010958904	4.14	1.447260274	4.31
20/11/2009	741.12	3.466	4.65	1.887342466	4.07	1.436821918	4.3
23/11/2009	762.5	3.305555556	4.57	1.628767123	3.92	1.399315068	4.27
24/11/2009	745.5	3.358333333	4.6	1.538356164	3.87	1.37739726	4.25
25/11/2009	742.5	3.377777778	4.6	1.516438356	3.86	1.337671233	4.21
26/11/2009	775.9	3.050555556	4.45	1.572328767	3.89	1.317945205	4.2
27/11/2009	760.5	2.858333333	4.36	1.478082192	3.84	1.345890411	4.22
30/11/2009	793.5	2.938888889	4.4	1.439726027	3.81	1.310205479	4.19
01/12/2009	751.33	3.249944444	4.54	1.54430137	3.87	1.361191781	4.23
02/12/2009	825	2.886111111	4.37	1.331506849	3.75	1.278013699	4.16
03/12/2009	852.5	2.705555556	4.29	1.239726027	3.7	1.239109589	4.12
04/12/2009	843	2.813888889	4.34	1.268493151	3.72	1.253424658	4.14
07/12/2009	825.5	3.025	4.44	1.360273973	3.77	1.299315068	4.18
08/12/2009	812.5	3.263888889	4.55	1.347945205	3.76	1.313424658	4.19
09/12/2009	822	3.180555556	4.51	1.315068493	3.74	1.312191781	4.19
10/12/2009	839.47	3.227944444	4.53	1.330082192	3.75	1.275931507	4.16
11/12/2009	826	3.202777778	4.52	1.366986301	3.77	1.296164384	4.18
14/12/2009	862	2.988888889	4.42	1.240821918	3.7	1.25739726	4.14
15/12/2009	897.5	2.833333333	4.35	1.110684932	3.63	1.22260274	4.11
16/12/2009	872	2.908333333	4.38	1.178082192	3.67	1.283561644	4.16
17/12/2009	865.5	2.886111111	4.37	1.245205479	3.7	1.280068493	4.16
18/12/2009	862.5	2.897222222	4.38	1.28630137	3.73	1.299041096	4.18
21/12/2009	855	3	4.42	1.340684932	3.76	1.369726027	4.24
22/12/2009	839	3.358333333	4.6	1.290410959	3.73	1.446575342	4.31
23/12/2009	850	3.611111111	4.72	1.430136986	3.81	1.373972603	4.25
24/12/2009	854.5	3.725	4.77	1.390410959	3.79	1.36130137	4.23
25/12/2009	850	3.555	4.69	1.397260274	3.79	1.369863014	4.24
28/12/2009	850	3.416666667	4.62	1.380821918	3.78	1.35890411	4.23
29/12/2009	857.5	3.430555556	4.63	1.338356164	3.76	1.361917808	4.23
30/12/2009	840.55	3.5525	4.69	1.360136986	3.77	1.389726027	4.26
31/12/2009	857.42	3.447666667	4.64	1.30569863	3.74	1.366616438	4.24
01/01/2010	880.85	3.184166667	4.51	1.28260274	3.73	1.302945205	4.18
04/01/2010	885	3.088888889	4.47	1.34739726	3.76	1.310205479	4.19
05/01/2010	877	3.267222222	4.55	1.306849315	3.74	1.278561644	4.16
06/01/2010	867.6	3.291111111	4.56	1.319178082	3.75	1.359452055	4.23
07/01/2010	860	3.261111111	4.55	1.341369863	3.76	1.328767123	4.2
08/01/2010	848.5	3.313888889	4.57	1.253424658	3.71	1.340136986	4.22
11/01/2010	832.5	3.458333333	4.64	1.360273973	3.77	1.365890411	4.24
12/01/2010	835	3.4475	4.64	1.389041096	3.79	1.351986301	4.23
13/01/2010	852.5	3.4025	4.62	1.357534247	3.77	1.332191781	4.21
14/01/2010	856.12	3.588222222	4.7	1.435424658	3.81	1.374424658	4.25
15/01/2010	857	3.516111111	4.67	1.473972603	3.83	1.380821918	4.25
18/01/2010	850	3.888888889	4.85	1.490410959	3.84	1.504109589	4.36
19/01/2010	865	3.738888889	4.78	1.493150685	3.84	1.452191781	4.32
20/01/2010	890	3.943888889	4.87	1.452054795	3.82	1.404520548	4.27
21/01/2010	900.03	3.833166667	4.82	1.462931507	3.83	1.456123288	4.32
22/01/2010	875	3.927777778	4.87	1.493150685	3.84	1.458972603	4.32
25/01/2010	887.5	3.693055556	4.75	1.480821918	3.84	1.452739726	4.32
26/01/2010	865.92	3.806	4.81	1.534465753	3.87	1.461753425	4.33
27/01/2010	862.5	3.708333333	4.76	1.623150685	3.92	1.474589041	4.34
28/01/2010	849.6	3.933055556	4.87	1.664109589	3.94	1.584246575	4.44
29/01/2010	830	3.891944444	4.85	1.697808219	3.96	1.675342466	4.52
01/02/2010	834.42	3.747666667	4.78	1.631726027	3.92	1.706410959	4.55
02/02/2010	874	3.75	4.78	1.580821918	3.89	1.650684932	4.5
03/02/2010	845	3.816666667	4.81	1.605342466	3.91	1.719315068	4.56
04/02/2010	855.5	3.602777778	4.71	1.566164384	3.89	1.698082192	4.54
05/02/2010	835	3.744444444	4.78	1.597260274	3.9	1.793150685	4.63
08/02/2010	862.5	3.530555556	4.68	1.584931507	3.9	1.70890411	4.55
09/02/2010	842.5	3.669444444	4.74	1.609589041	3.91	1.708493151	4.55
10/02/2010	869.5	3.502777778	4.66	1.535342466	3.87	1.694931507	4.54
11/02/2010	892.5	3.341111111	4.59	1.52739726	3.86	1.674246575	4.52
15/02/2010	893.92	3.339333333	4.59	1.519808219	3.86	1.713808219	4.55
16/02/2010	895.95	3.5225	4.67	1.457671233	3.82	1.690479452	4.53
17/02/2010	900	3.505555556	4.67	1.410958904	3.8	1.684931507	4.53
18/02/2010	914	3.566666667	4.69	1.449315068	3.82	1.693219178	4.54
19/02/2010	895.5	3.869444444	4.84	1.573972603	3.89	1.704931507	4.55
22/02/2010	910.67	3.912944444	4.86	1.585835616	3.9	1.788123288	4.62
23/02/2010	890	4.011388889	4.91	1.582191781	3.89	1.824246575	4.65
24/02/2010	846.1	4.210555556	5	1.676438356	3.95	1.862876712	4.69
25/02/2010	880.53	4.063722222	4.93	1.43690411	3.81	1.814342466	4.65
26/02/2010	860	4.111111111	4.95	1.345890411	3.76	1.839589041	4.67
02/03/2010	910	3.566666667	4.69	1.315068493	3.74	1.712328767	4.55
03/03/2010	924	3.683333333	4.75	1.405479452	3.79	1.664383562	4.51
04/03/2010	940.5	3.625277778	4.72	1.442465753	3.82	1.64	4.49
05/03/2010	947	3.305555556	4.57	1.432876712	3.81	1.569589041	4.42
08/03/2010	955	3.494444444	4.66	1.397260274	3.79	1.609589041	4.46
09/03/2010	952.5	3.436111111	4.63	1.415068493	3.8	1.571506849	4.42
10/03/2010	937.5	3.526666667	4.68	1.415068493	3.8	1.530958904	4.39
11/03/2010	934	3.902777778	4.85	1.279452055	3.72	1.526164384	4.38
12/03/2010	916.9	3.850555556	4.83	1.383835616	3.78	1.552191781	4.41
15/03/2010	936.5	3.852777778	4.83	1.515616438	3.86	1.559589041	4.41
16/03/2010	912.5	3.902777778	4.85	1.749315068	3.99	1.537671233	4.39
17/03/2010	924	3.538888889	4.68	1.660273973	3.94	1.473972603	4.34
18/03/2010	914	3.755555556	4.78	1.634246575	3.92	1.597260274	4.45
19/03/2010	924.5	3.669444444	4.74	1.60630137	3.91	1.591438356	4.44
22/03/2010	922.5	3.624722222	4.72	1.823287671	4.03	1.533424658	4.39
23/03/2010	902.58	3.957888889	4.88	1.88060274	4.06	1.552767123	4.41
25/03/2010	929	3.7	4.76	1.895890411	4.07	1.520547945	4.38
26/03/2010	944	3.683333333	4.75	2.01369863	4.14	1.531506849	4.39
29/03/2010	989	3.144444444	4.49	1.79369863	4.01	1.446712329	4.31
30/03/2010	999.5	2.558333333	4.22	1.757534247	3.99	1.507534247	4.37
31/03/2010	990.5	2.791666667	4.33	1.784931507	4.01	1.466575342	4.33
01/04/2010	1005.5	2.791666667	4.33	1.682876712	3.95	1.440410959	4.31
05/04/2010	1002	2.766666667	4.31	1.569863014	3.89	1.413082192	4.28
06/04/2010	1055	2.372222222	4.13	1.493150685	3.84	1.355753425	4.23
07/04/2010	1025.5	2.347222222	4.11	1.680821918	3.95	1.440410959	4.31
08/04/2010	1040	2.3125	4.1	1.616438356	3.91	1.338767123	4.21
09/04/2010	1027.7	2.385	4.13	1.62	3.92	1.349315068	4.22
12/04/2010	1038.5	2.308333333	4.1	1.581232877	3.89	1.278767123	4.16
13/04/2010	1033.25	2.293055556	4.09	1.637671233	3.93	1.250068493	4.13
15/04/2010	1048.97	2.208777778	4.05	1.495972603	3.85	1.295863014	4.17
16/04/2010	1038.5	2.356388889	4.12	1.370410959	3.77	1.286986301	4.17
19/04/2010	1020.5	2.513055556	4.19	1.439726027	3.81	1.326712329	4.2
20/04/2010	1006	2.652777778	4.26	1.397260274	3.79	1.352054795	4.23
21/04/2010	1041.5	2.469166667	4.17	1.375890411	3.78	1.271986301	4.15
22/04/2010	1043.4	2.869722222	4.36	1.289315068	3.73	1.195479452	4.08
23/04/2010	1059.95	2.316944444	4.1	1.213835616	3.69	1.240342466	4.12
26/04/2010	1062.45	2.068611111	3.98	1.286438356	3.73	1.241849315	4.13
27/04/2010	1038.57	1.9635	3.93	1.316246575	3.74	1.358123288	4.23
28/04/2010	1001	1.827777778	3.87	1.419041096	3.8	1.354794521	4.23
29/04/2010	1037.5	1.596666667	3.76	1.324657534	3.75	1.284657534	4.16
30/04/2010	1049.5	1.252777778	3.6	1.234246575	3.7	1.251780822	4.14
03/05/2010	1055.03	1.479833333	3.7	1.397178082	3.79	1.269342466	4.15
04/05/2010	1050.5	1.402777778	3.67	1.486027397	3.84	1.321232877	4.2
05/05/2010	1020	1.511111111	3.72	1.561780822	3.88	1.323150685	4.2
06/05/2010	1044.97	1.122388889	3.53	1.465561644	3.83	1.245246575	4.13
07/05/2010	1025	1.3625	3.65	1.701369863	3.96	1.184931507	4.07
10/05/2010	1043.2	1.448888889	3.69	1.607671233	3.91	1.11630137	4.01
11/05/2010	1064.5	1.408333333	3.67	1.532876712	3.87	1.069178082	3.97
12/05/2010	1070	1.3	3.62	1.561643836	3.88	1.019589041	3.92
13/05/2010	1080	1.344444444	3.64	1.501369863	3.85	1.035616438	3.94
14/05/2010	1100	1.205555556	3.57	1.534246575	3.87	1.026027397	3.93
17/05/2010	1082.5	1.165277778	3.55	1.669041096	3.94	0.928082192	3.84
18/05/2010	1095	1.055555556	3.5	1.795890411	4.02	1.01369863	3.92
19/05/2010	1085	0.916666667	3.44	1.918356164	4.08	0.988630137	3.9
20/05/2010	1075	1.083333333	3.51	1.865753425	4.06	0.986575342	3.89
21/05/2010	1017.78	1.317888889	3.63	1.942246575	4.1	1.071534247	3.97
24/05/2010	1065	0.805555556	3.38	1.761643836	4	0.999863014	3.91
25/05/2010	1015	1.083333333	3.51	1.931506849	4.09	1.085890411	3.98
26/05/2010	1017.5	1.263888889	3.6	2.020547945	4.14	1.050136986	3.95
27/05/2010	1039.97	1.055722222	3.5	1.945287671	4.1	0.979493151	3.89
28/05/2010	1067.5	0.930555556	3.44	1.815753425	4.03	0.852739726	3.77
31/05/2010	1088	0.744444444	3.35	1.71369863	3.97	0.790410959	3.72
01/06/2010	1075.5	0.775	3.37	1.861643836	4.05	0.856849315	3.78
02/06/2010	1087.6	1.013333333	3.48	1.776986301	4	0.870273973	3.79
03/06/2010	1115	1.083333333	3.51	1.617808219	3.91	0.821917808	3.75
04/06/2010	1094	1.3	3.62	1.731506849	3.98	0.863561644	3.78
07/06/2010	1085	1.444444444	3.69	1.723013699	3.97	0.838356164	3.76
08/06/2010	1087.5	1.494444444	3.71	1.635616438	3.92	0.870136986	3.79
09/06/2010	1097.5	1.347222222	3.64	1.439726027	3.81	0.859589041	3.78
10/06/2010	1100.62	1.241	3.59	1.35460274	3.77	0.909835616	3.82
11/06/2010	1137.5	1.041666667	3.49	1.25890411	3.71	0.911232877	3.83
14/06/2010	1149	0.872222222	3.41	1.369863014	3.77	0.880547945	3.8
15/06/2010	1137.5	0.902222222	3.43	1.383013699	3.78	0.919452055	3.83
16/06/2010	1142.3	0.848333333	3.4	1.297808219	3.73	0.848972603	3.77
17/06/2010	1140.5	0.747222222	3.35	1.384931507	3.78	0.909109589	3.82
18/06/2010	1145	1.083333333	3.51	1.509589041	3.85	0.921849315	3.84
21/06/2010	1147.45	1.180833333	3.56	1.519315068	3.86	0.943219178	3.86
22/06/2010	1150.5	1.19	3.57	1.560273973	3.88	1.012054795	3.92
23/06/2010	1158	1.155555556	3.55	1.483561644	3.84	1.055753425	3.96
24/06/2010	1179.5	1.180555556	3.56	1.424657534	3.81	0.962054795	3.87
25/06/2010	1196	1.233333333	3.59	1.435205479	3.81	0.936986301	3.85
28/06/2010	1202.5	1.080555556	3.51	1.409589041	3.8	0.900684932	3.82
29/06/2010	1225	0.827777778	3.39	1.246575342	3.7	0.814657534	3.74
30/06/2010	1232.5	0.681111111	3.32	1.075342466	3.61	0.831780822	3.75
01/07/2010	1237.5	0.736111111	3.35	1.143835616	3.65	0.839041096	3.76
02/07/2010	1250	0.666666667	3.32	1.068356164	3.6	0.808219178	3.73
05/07/2010	1228	0.798888889	3.38	1.169863014	3.66	0.831643836	3.75
06/07/2010	1225.5	0.747222222	3.35	1.132876712	3.64	0.873287671	3.79
07/07/2010	1223	0.750277778	3.36	1.183561644	3.67	0.810958904	3.74
08/07/2010	1197.5	0.880555556	3.42	1.182191781	3.67	0.798082192	3.72
09/07/2010	1207.75	0.901388889	3.43	1.062328767	3.6	0.865684932	3.78
12/07/2010	1216.95	0.802777778	3.38	1.090547945	3.62	0.808150685	3.73
13/07/2010	1207	0.966666667	3.46	1.117808219	3.63	0.857534247	3.78
14/07/2010	1207.75	1.1125	3.53	1.069315068	3.6	0.900342466	3.82
15/07/2010	1226	1.028055556	3.49	1.120273973	3.63	0.860273973	3.78
16/07/2010	1212.5	1.197222222	3.57	1.067123288	3.6	0.886986301	3.8
19/07/2010	1200	1.5	3.71	1.102465753	3.62	0.874178082	3.79
20/07/2010	1202.5	1.485	3.71	1.075342466	3.61	0.826575342	3.75
21/07/2010	1202.5	1.375	3.65	0.754794521	3.43	0.843150685	3.76
22/07/2010	1207.5	1.302777778	3.62	0.790410959	3.45	0.869657534	3.79
23/07/2010	1255.5	1.150833333	3.55	0.464383562	3.26	0.773287671	3.7
26/07/2010	1243.5	1.147222222	3.54	0.589041096	3.33	0.81	3.73
27/07/2010	1263	0.844444444	3.4	0.506849315	3.29	0.797260274	3.72
28/07/2010	1330	0.2125	3.1	0.263013699	3.15	0.576780822	3.52
29/07/2010	1355.5	0.274722222	3.13	0.258082192	3.15	0.554109589	3.5
30/07/2010	1363.5	0.358333333	3.17	0.27260274	3.15	0.52260274	3.47
02/08/2010	1357.8	0.428888889	3.2	0.315616438	3.18	0.534520548	3.48
03/08/2010	1367.5	0.497222222	3.24	0.165753425	3.09	0.543287671	3.49
04/08/2010	1355.68	0.674	3.32	0.211835616	3.12	0.56769863	3.51
05/08/2010	1365	0.527777778	3.25	0.276712329	3.16	0.552054795	3.5
06/08/2010	1357.5	0.669444444	3.32	0.283561644	3.16	0.523561644	3.47
09/08/2010	1350	0.745277778	3.35	0.329315068	3.19	0.504109589	3.46
10/08/2010	1350.5	0.708333333	3.34	0.560273973	3.32	0.56369863	3.51
11/08/2010	1325	0.844444444	3.4	0.671232877	3.38	0.65890411	3.6
12/08/2010	1275	1.152777778	3.55	0.822328767	3.47	0.751917808	3.68
13/08/2010	1322.5	0.597222222	3.28	0.724246575	3.41	0.690958904	3.63
16/08/2010	1336.32	0.114888889	3.05	0.607342466	3.34	0.669424658	3.61
17/08/2010	1344.5	-0.208333333	2.74	0.52739726	3.3	0.667671233	3.61
18/08/2010	1339.5	-0.241666667	2.69	0.604109589	3.34	0.617123288	3.56
19/08/2010	1349.5	0.001666667	3	0.74109589	3.42	0.585616438	3.53
20/08/2010	1370	-0.388888889	2.51	0.706849315	3.4	0.575342466	3.52
23/08/2010	1400	-0.45	2.43	0.521232877	3.29	0.61369863	3.56
24/08/2010	1394.5	-0.441666667	2.44	0.617808219	3.35	0.719863014	3.65
25/08/2010	1420.5	-0.608333333	2.23	0.615068493	3.35	0.684246575	3.62
26/08/2010	1402.5	-0.541666667	2.31	0.650684932	3.37	0.685205479	3.62
27/08/2010	1400	-0.522222222	2.34	0.660410959	3.37	0.636849315	3.58
30/08/2010	1407.5	-0.475	2.4	0.74739726	3.42	0.660958904	3.6
31/08/2010	1395.5	-0.505555556	2.36	0.916438356	3.52	0.64369863	3.58
01/09/2010	1385	-0.461111111	2.42	0.917808219	3.52	0.658013699	3.6
02/09/2010	1384	-0.328055556	2.58	0.98630137	3.56	0.7	3.63
03/09/2010	1395	-0.389166667	2.51	0.895890411	3.51	0.650684932	3.59
06/09/2010	1443.5	-0.714444444	2.1	1.005479452	3.57	0.591232877	3.54
07/09/2010	1500	-1.095	1.61	0.823835616	3.47	0.472739726	3.43
08/09/2010	1525	-1.238888889	1.43	0.775342466	3.44	0.510547945	3.46
09/09/2010	1489.9	-0.943888889	1.8	0.883287671	3.5	0.581164384	3.53
13/09/2010	1465	-0.738888889	2.06	0.894246575	3.51	0.608219178	3.55
14/09/2010	1475	-0.725833333	2.08	0.863013699	3.49	0.582191781	3.53
15/09/2010	1480	-0.944444444	1.8	0.767123288	3.43	0.643835616	3.58
16/09/2010	1478	-0.588888889	2.25	0.663013699	3.37	0.706849315	3.64
17/09/2010	1454	-0.511111111	2.35	0.917808219	3.52	0.7	3.63
20/09/2010	1441	-0.45	2.43	1.038356164	3.59	0.765753425	3.69
21/09/2010	1465.1	-0.617222222	2.22	0.874109589	3.49	0.746438356	3.68
22/09/2010	1460	-0.633333333	2.2	0.753424658	3.43	0.773972603	3.7
23/09/2010	1447	-0.611111111	2.23	0.789041096	3.45	0.751780822	3.68
24/09/2010	1445	-0.616666667	2.22	0.77739726	3.44	0.660273973	3.6
27/09/2010	1455	-0.588888889	2.25	0.882328767	3.5	0.659246575	3.6
28/09/2010	1455.55	-0.4375	2.45	0.820410959	3.46	0.660890411	3.6
29/09/2010	1464.95	-0.616388889	2.22	0.830273973	3.47	0.611438356	3.55
30/09/2010	1502	-0.849444444	1.92	0.78630137	3.44	0.502739726	3.46
01/10/2010	1489.9	-0.779444444	2.01	0.846849315	3.48	0.437534247	3.4
04/10/2010	1550	-1.355555556	1.28	0.602739726	3.34	0.300958904	3.27
05/10/2010	1538	-1.161111111	1.53	0.526027397	3.3		
06/10/2010	1599.9	-1.432777778	1.19	0.304383562	3.17		
07/10/2010	1590	-1.344444444	1.3	0.331506849	3.19		
08/10/2010	1582	-1.121944444	1.58	0.254794521	3.14		
11/10/2010	1552.25	-0.873611111	1.89	0.492328767	3.28		
12/10/2010	1551	-0.872222222	1.9	0.342465753	3.19		
13/10/2010	1530	-0.666666667	2.16	0.495890411	3.28		
14/10/2010	1557.55	-0.764166667	2.03	0.359315068	3.2		
15/10/2010	1530.55	-0.536388889	2.32	0.330684932	3.19		
18/10/2010	1509	-0.494444444	2.37	0.339726027	3.19		
19/10/2010	1549	-0.672222222	2.15	0.287671233	3.16		
20/10/2010	1532	-0.588888889	2.25	0.419178082	3.24		
21/10/2010	1504	-0.2725	2.65	0.410958904	3.23		
22/10/2010	1509	-0.288888889	2.63	0.331506849	3.19		
25/10/2010	1498	-0.268333333	2.66	0.369315068	3.21		
26/10/2010	1503	-0.405555556	2.49	0.355616438	3.2		
27/10/2010	1500	-0.272222222	2.66	0.363835616	3.21		
28/10/2010	1493.9	-0.349722222	2.56	0.451506849	3.26		
29/10/2010	1495	-0.376944444	2.52	0.391780822	3.22		
01/11/2010	1530	-0.622222222	2.21	0.290410959	3.16		
02/11/2010	1531	-0.5	2.37	0.304109589	3.17		
03/11/2010	1556	-0.7	2.11	0.245753425	3.14		
04/11/2010	1592	-0.900555556	1.86	0.120547945	3.07		
05/11/2010	1615	-0.916666667	1.84	0.18630137	3.11		
08/11/2010	1612.05	-0.907777778	1.85	0.309452055	3.17		
09/11/2010	1604	-0.977777778	1.76	0.339726027	3.19		
10/11/2010	1612	-1.094444444	1.61	0.249315068	3.14		
11/11/2010	1600	-0.872222222	1.9	0.189041096	3.11		
12/11/2010	1552	-0.455555556	2.42	0.263013699	3.15		
15/11/2010	1587	-0.541666667	2.31	0.17260274	3.1		
16/11/2010	1593.05	-0.6975	2.12	0.079315068	3.04		
18/11/2010	1542	-0.466666667	2.41	0.150136986	3.08		
19/11/2010	1584	-0.994444444	1.74	0.106849315	3.06		
22/11/2010	1571	-1.220833333	1.45	0.139726027	3.08		
23/11/2010	1572.3	-1.012777778	1.72	0.037534247	3.02		
24/11/2010	1636.5	-1.108333333	1.6	-0.26369863	1.65		
25/11/2010	1610	-0.794444444	1.99	-0.328767123	1.32		
26/11/2010	1630	-0.888888889	1.87	-0.350684932	1.21		
29/11/2010	1615	-0.833333333	1.94	-0.391643836	1		
30/11/2010	1561	-0.511111111	2.35	-0.043835616	2.78		
01/12/2010	1590	-0.755555556	2.04	-0.249315068	1.73		
02/12/2010	1585	-1.022222222	1.71	-0.030136986	2.85		
03/12/2010	1574.95	-0.849722222	1.92	0.022054795	3.01		
06/12/2010	1615	-0.696111111	2.12	-0.073287671	2.63		
07/12/2010	1595	-0.244444444	2.69	0.082191781	3.05		
08/12/2010	1607	-0.427777778	2.46	-0.183561644	2.06		
09/12/2010	1555	-0.247222222	2.69	-0.021917808	2.89		
10/12/2010	1460	0.282222222	3.13	0.203287671	3.11		
13/12/2010	1493	0.527777778	3.25	0.005479452	3		
14/12/2010	1508	0.45	3.21	-0.131506849	2.33		
15/12/2010	1500	0.672222222	3.32	0.030136986	3.02		
16/12/2010	1482	1.094444444	3.52	0.084931507	3.05		
20/12/2010	1448	1.087222222	3.52	0.197260274	3.11		
21/12/2010	1456.25	1.026388889	3.49	0.147260274	3.08		
22/12/2010	1457	1.027777778	3.49	0.117808219	3.07		
23/12/2010	1454	0.920833333	3.44	0.139726027	3.08		
24/12/2010	1446	0.716666667	3.34	0.080136986	3.05		
27/12/2010	1446.55	0.8525	3.4	0.112739726	3.06		
28/12/2010	1462.65	0.979722222	3.47	0.115479452	3.07		
29/12/2010	1472.85	0.873055556	3.41	0.210547945	3.12		
30/12/2010	1483.5	0.752777778	3.36	0.1	3.06		
31/12/2010	1485.95	0.720555556	3.34	0.123424658	3.07		
03/01/2011	1559.95	0.394722222	3.19	0.000136986	3		
04/01/2011	1477	0.655555556	3.31	0.25739726	3.15		
05/01/2011	1434.8	0.577222222	3.27	0.343150685	3.19		
06/01/2011	1392	0.855555556	3.41	0.482191781	3.27		
07/01/2011	1330	1.033333333	3.49	0.597260274	3.34		
10/01/2011	1324.9	1.215555556	3.58	0.60739726	3.34		
11/01/2011	1275	1.327777778	3.63	0.725205479	3.41		
12/01/2011	1321.4	1.008888889	3.48	0.571643836	3.32		
13/01/2011	1303	1.272222222	3.6	0.630136986	3.36		
14/01/2011	1292	1.261111111	3.6	0.747123288	3.42		
17/01/2011	1247	1.510833333	3.72	0.816986301	3.46		
18/01/2011	1270.25	1.393055556	3.66	0.807534247	3.46		
19/01/2011	1304	1.088888889	3.52	0.709452055	3.4		
20/01/2011	1318	1.372222222	3.65	0.679452055	3.38		
21/01/2011	1304	1.605	3.76	0.734520548	3.42		
24/01/2011	1322	1.489166667	3.71	0.641232877	3.36		
25/01/2011	1317	1.460555556	3.69	0.679589041	3.38		
27/01/2011	1292.25	1.965277778	3.93	0.71109589	3.4		
28/01/2011	1285	1.916666667	3.91	0.734246575	3.42		
31/01/2011	1250	2.077777778	3.99	0.794520548	3.45		
01/02/2011	1270	2.055555556	3.98	0.643835616	3.36		
02/02/2011	1255	2.072222222	3.98	0.724931507	3.41		
03/02/2011	1210	2.5	4.19	0.808356164	3.46		
04/02/2011	1210	2.676111111	4.27	0.780821918	3.44		
07/02/2011	1245	2.808333333	4.33	0.739726027	3.42		
08/02/2011	1230	3.084444444	4.47	0.728767123	3.41		
09/02/2011	1235	2.894444444	4.37	0.578082192	3.33		
10/02/2011	1222	2.803888889	4.33	0.843972603	3.48		
11/02/2011	1215	2.738888889	4.3	0.890273973	3.5		
14/02/2011	1270	2.5	4.19	0.837123288	3.47		
15/02/2011	1310	2.472222222	4.17	0.684931507	3.39		
16/02/2011	1328	2.344444444	4.11	0.634246575	3.36		
17/02/2011	1345	2.140277778	4.02	0.590547945	3.33		
18/02/2011	1356.5	1.983333333	3.94	0.626027397	3.35		
21/02/2011	1340	2.305555556	4.1	0.657534247	3.37		
22/02/2011	1324	2.29	4.09	0.761643836	3.43		
23/02/2011	1325	2.113888889	4	0.747945205	3.42		
24/02/2011	1306	2.333333333	4.11	0.835616438	3.47		
25/02/2011	1299.9	2.3	4.09	0.851643836	3.48		
28/02/2011	1295	2.163888889	4.03	0.884931507	3.5		
01/03/2011	1275	1.933333333	3.92	0.988082192	3.56		
03/03/2011	1340	1.416944444	3.67	0.849589041	3.48		
04/03/2011	1360	1.316666667	3.63	0.863561644	3.49		
07/03/2011	1364.7	1.579444444	3.75	0.890821918	3.5		
08/03/2011	1366	1.535	3.73	0.849315068	3.48		
09/03/2011	1392	1.244444444	3.59	0.865753425	3.49		
10/03/2011	1418	1.266666667	3.6	0.749178082	3.42		
11/03/2011	1397	1.661111111	3.79	0.816438356	3.46		
14/03/2011	1374	1.822222222	3.87	0.868219178	3.49		
15/03/2011	1355.1	2.027222222	3.96	0.935342466	3.53		
16/03/2011	1370	1.830555556	3.87	0.893150685	3.51		
17/03/2011	1370	1.830555556	3.87	0.931506849	3.53		
18/03/2011	1371.8	1.933611111	3.92	0.967534247	3.55		
21/03/2011	1360	1.983333333	3.94	0.931643836	3.53		
22/03/2011	1358.05	1.788611111	3.85	0.945890411	3.53		
23/03/2011	1356	1.494444444	3.71	1.016438356	3.57		
24/03/2011	1370	1.583333333	3.75	0.844246575	3.48		
25/03/2011	1361.45	1.547222222	3.73	0.681232877	3.39		
28/03/2011	1381	1.522222222	3.72	0.687671233	3.39		
29/03/2011	1408	1.283333333	3.61	0.580821918	3.33		
30/03/2011	1411.05	1.355277778	3.64	0.654794521	3.37		
31/03/2011	1428	1.116666667	3.53	0.543835616	3.31		
01/04/2011	1470	0.697222222	3.33	0.479178082	3.27		
04/04/2011	1469.8	0.806666667	3.38	0.506849315	3.29		
05/04/2011	1450	0.916666667	3.44	0.616438356	3.35		
06/04/2011	1442	0.866944444	3.41	0.698630137	3.4		
07/04/2011	1462.65	0.956944444	3.45	0.688630137	3.39		
08/04/2011	1450	0.844444444	3.4	0.709589041	3.4		
11/04/2011	1415	1.041111111	3.49	0.832876712	3.47		
13/04/2011	1368.25	1.259722222	3.6	0.993835616	3.56		
15/04/2011	1404.95	0.405833333	3.19	0.904246575	3.51		
18/04/2011	1428	0.377777778	3.18	0.877260274	3.5		
19/04/2011	1435	-0.055555556	2.93	0.857534247	3.48		
20/04/2011	1457	0.008333333	3	0.906849315	3.51		
21/04/2011	1477	-0.161111111	2.8	0.865753425	3.49		
25/04/2011	1460	-0.188888889	2.76	0.958630137	3.54		
26/04/2011	1478	-0.157222222	2.8	0.835205479	3.47		
27/04/2011	1484.15	-0.1175	2.85	0.86630137	3.49		
28/04/2011	1478	-0.027777778	2.96	0.923287671	3.52		
29/04/2011	1477	-0.272222222	2.66	0.98630137	3.56		
02/05/2011	1482.5	-0.275	2.65	0.903424658	3.51		
03/05/2011	1430	0.2	3.09	1.02739726	3.58		
04/05/2011	1357	0.577777778	3.27	1.18630137	3.67		
05/05/2011	1307	0.906666667	3.43	1.306849315	3.74		
06/05/2011	1296	1.438888889	3.68	1.246575342	3.7		
09/05/2011	1349.8	1.223333333	3.58	1.011506849	3.57		
10/05/2011	1300	1.528611111	3.73	1.2	3.68		
11/05/2011	1319	1.488055556	3.71	1.161643836	3.66		
12/05/2011	1315	1.35	3.64	1.191643836	3.67		
13/05/2011	1311	1.255555556	3.6	1.189041096	3.67		
16/05/2011	1305	1.416666667	3.67	1.240958904	3.7		
17/05/2011	1306	1.744444444	3.83	1.235753425	3.7		
18/05/2011	1322	1.7	3.81	1.194520548	3.68		
19/05/2011	1304.5	1.5875	3.75	1.28630137	3.73		
20/05/2011	1302	1.766666667	3.84	1.285753425	3.73		
23/05/2011	1324.95	1.778055556	3.84	1.246438356	3.7		
24/05/2011	1324.95	1.750277778	3.83	1.221780822	3.69		
25/05/2011	1314.9	1.811944444	3.86	1.252876712	3.71		
26/05/2011	1302.9	2.096666667	4	1.306849315	3.74		
27/05/2011	1302	2.377777778	4.13	1.336986301	3.76		
30/05/2011	1320	2.222222222	4.06	1.339726027	3.76		
31/05/2011	1332	2.288888889	4.09	1.282054795	3.72		
01/06/2011	1344.35	2.098055556	4	1.277945205	3.72		
02/06/2011	1310	2.780555556	4.32	1.492876712	3.84		
03/06/2011	1372	2.381666667	4.13	1.432876712	3.81		
06/06/2011	1362	2.477777778	4.18	1.345205479	3.76		
07/06/2011	1360	2.512777778	4.19	1.337671233	3.76		
08/06/2011	1354	2.43	4.15	1.35890411	3.77		
09/06/2011	1346	2.466666667	4.17	1.35890411	3.77		
10/06/2011	1337	2.35	4.12	1.410136986	3.8		
13/06/2011	1334	2.144444444	4.02	1.427534247	3.81		
14/06/2011	1349	2.444444444	4.16	1.386438356	3.78		
15/06/2011	1376.8	2.462222222	4.17	1.247123288	3.71		
16/06/2011	1354	2.389722222	4.14	1.335479452	3.76		
17/06/2011	1349.1	2.143888889	4.02	1.26369863	3.71		
20/06/2011	1349.6	2.141111111	4.02	1.398356164	3.79		
21/06/2011	1306	2.348611111	4.12	1.435616438	3.81		
22/06/2011	1329	2.489166667	4.18	1.363835616	3.77		
23/06/2011	1342	2.294444444	4.09	1.335890411	3.76		
24/06/2011	1348	2.333333333	4.11	1.298493151	3.73		
27/06/2011	1380.05	2.271944444	4.08	1.219041096	3.69		
28/06/2011	1395	2.244444444	4.07	1.272465753	3.72		
29/06/2011	1394	2.088888889	3.99	1.290410959	3.73		
30/06/2011	1410	1.777777778	3.84	1.473972603	3.83		
01/07/2011	1420	1.616666667	3.77	1.383835616	3.78		
04/07/2011	1434	1.538888889	3.73	1.318630137	3.75		
05/07/2011	1420	1.416666667	3.67	1.487671233	3.84		
06/07/2011	1428	1.688611111	3.8	1.402876712	3.79		
07/07/2011	1426	1.388888889	3.66	1.430136986	3.81		
08/07/2011	1454.95	1.4225	3.68	1.309726027	3.74		
11/07/2011	1457	1.287222222	3.61	1.320410959	3.75		
12/07/2011	1449.7	1.119722222	3.53	1.524383562	3.86		
13/07/2011	1430	1.127777778	3.54	1.706849315	3.97		
14/07/2011	1451	1.127777778	3.54	1.723561644	3.97		
15/07/2011	1430.95	1.411388889	3.67	1.775479452	4		
18/07/2011	1427.15	1.260277778	3.6	1.84369863	4.04		
19/07/2011	1418	1.177777778	3.56	1.855068493	4.05		
20/07/2011	1441	1.065555556	3.51	1.926027397	4.09		
21/07/2011	1430	1.126666667	3.54	1.863013699	4.05		
22/07/2011	1429.9	1.127222222	3.54	1.807671233	4.02		
25/07/2011	1450	1.159444444	3.55	1.799452055	4.02		
26/07/2011	1448.65	1.051944444	3.5	1.824794521	4.03		
27/07/2011	1428	1.155555556	3.55	1.964383562	4.11		
28/07/2011	1415	1.261111111	3.6	1.95890411	4.11		
29/07/2011	1443	1.126111111	3.53	1.882191781	4.06		
01/08/2011	1470	0.922222222	3.44	1.863150685	4.05		
02/08/2011	1489.5	1.075	3.51	1.782465753	4.01		
03/08/2011	1467.5	1.430555556	3.68	2.050684932	4.16		
04/08/2011	1458	1.5	3.71	2.092328767	4.18		
05/08/2011	1405	1.655555556	3.79	2.194520548	4.24		
08/08/2011	1351.25	1.765277778	3.84	2.339041096	4.32		
09/08/2011	1390	1.433333333	3.68	2.227123288	4.26		
10/08/2011	1437	1.183333333	3.56	1.980821918	4.12		
11/08/2011	1467	0.861111111	3.41	1.84109589	4.04		
12/08/2011	1470	0.704444444	3.33	1.829315068	4.03		
16/08/2011	1465	0.877777778	3.42	1.72	3.97		
17/08/2011	1469	0.85	3.4	1.810958904	4.02		
18/08/2011	1454	0.733333333	3.35	1.769041096	4		
19/08/2011	1401	0.773611111	3.37	1.792054795	4.01		
22/08/2011	1422	0.377777778	3.18	1.715342466	3.97		
23/08/2011	1489.7	0.068333333	3.03	1.535068493	3.87		
24/08/2011	1551	-0.438611111	2.44	1.435616438	3.81		
25/08/2011	1530	0.083333333	3.04	1.383561644	3.78		
26/08/2011	1510.5	-0.063888889	2.92	1.34109589	3.76		
29/08/2011	1510.8	0.351111111	3.17	1.559452055	3.88		
30/08/2011	1588	-0.027777778	2.96	1.365068493	3.77		
02/09/2011	1589	-0.004166667	2.99	1.240821918	3.7		
05/09/2011	1621	0.022222222	3.01	1.137260274	3.64		
06/09/2011	1679	-0.772222222	2.02	0.98630137	3.56		
07/09/2011	1643.7	-0.537222222	2.32	1.146027397	3.65		
08/09/2011	1641	-0.593333333	2.25	1.107123288	3.63		
09/09/2011	1642	-0.816666667	1.97	1.254794521	3.71		
12/09/2011	1619.75	-0.8875	1.88	1.209178082	3.68		
13/09/2011	1575	-0.355555556	2.55	1.320547945	3.75		
14/09/2011	1600	-0.483333333	2.39	1.187808219	3.67		
15/09/2011	1639	-0.661111111	2.16	1.111506849	3.63		
16/09/2011	1630	-0.666666667	2.16	1.224657534	3.69		
19/09/2011	1619	-0.661111111	2.16	1.091232877	3.62		
20/09/2011	1615.65	-0.614722222	2.22	1.087808219	3.62		
21/09/2011	1631	-0.865277778	1.9	0.934246575	3.53		
22/09/2011	1595	-0.596111111	2.25	0.96109589	3.54		
23/09/2011	1538.7	-0.188333333	2.76	1.25	3.71		
26/09/2011	1546	0.020555556	3.01	1.183561644	3.67		
27/09/2011	1516	0.022222222	3.01	1.295890411	3.73		
28/09/2011	1543.7	-0.070555556	2.91	1.230958904	3.7		
29/09/2011	1514	0.255555556	3.12	1.249452055	3.71		
30/09/2011	1503	0.3775	3.18	1.131780822	3.64		
03/10/2011	1532	0.155833333	3.07	1.18739726	3.67		
04/10/2011	1519	0.272222222	3.13	1.232876712	3.7		
05/10/2011	1518.95	0.161388889	3.08	1.400136986	3.79		
07/10/2011	1521	0.142222222	3.07	1.284931507	3.73		
10/10/2011	1500	0.220555556	3.1	1.302191781	3.74		
11/10/2011	1565	-0.194166667	2.75	1.091232877	3.62		
12/10/2011	1592.9	-0.332777778	2.58	1.065068493	3.6		
13/10/2011	1590.05	-0.140833333	2.82	1.164246575	3.66		
14/10/2011	1579.9	-0.192777778	2.76	1.112328767	3.63		
17/10/2011	1646	-0.45	2.43	0.843835616	3.48		
18/10/2011	1630	-0.3725	2.53	0.712328767	3.4		
19/10/2011	1624	-0.322222222	2.59	0.641369863	3.36		
20/10/2011	1640	-0.377222222	2.52	0.561643836	3.32		
21/10/2011	1628	-0.399722222	2.49	0.510410959	3.29		
24/10/2011	1660	-0.5275	2.33	0.482191781	3.27		
25/10/2011	1691.7	-0.777222222	2.02	0.430958904	3.24		
26/10/2011	1750.5	-1.097222222	1.61	0.026027397	3.01		
28/10/2011	1785.2	-1.362222222	1.27	0.136438356	3.08		
31/10/2011	1756	-1.394444444	1.23	0.13890411	3.08		
01/11/2011	1726.7	-1.150555556	1.54	0.187671233	3.11		
02/11/2011	1708	-1.1275	1.57	0.252054795	3.14		
03/11/2011	1720	-1.25	1.42	0.205205479	3.12		
04/11/2011	1755	-1.333333333	1.31	0.144383562	3.08		
08/11/2011	1750	-1.411111111	1.21	0.093424658	3.05		
09/11/2011	1730.25	-1.579166667	1	0.067808219	3.04		
11/11/2011	1713.5	-1.019166667	1.71	-0.064383562	2.67		
14/11/2011	1755	-1.194722222	1.49	-0.246575342	1.74		
15/11/2011	1736.2	-0.8925	1.87	-0.096438356	2.51		
16/11/2011	1705.5	-0.808333333	1.98	0.047671233	3.03		
17/11/2011	1726	-0.925	1.83	-0.030136986	2.85		
18/11/2011	1713.9	-0.851944444	1.92	0.028767123	3.02		
21/11/2011	1684.5	-0.552777778	2.3	0.034246575	3.02		
22/11/2011	1623	-0.238888889	2.7	0.273150685	3.15		
23/11/2011	1595.05	0.038611111	3.02	0.356027397	3.2		
24/11/2011	1597	0.005555556	3	0.459726027	3.26		
25/11/2011	1649	-0.211111111	2.73	0.42109589	3.24		
28/11/2011	1642.3	-0.175277778	2.78	0.409589041	3.23		
29/11/2011	1616	0.011111111	3.01	0.527945205	3.3		
30/11/2011	1646	-0.0575	2.93	0.317945205	3.18		
01/12/2011	1696	-0.255	2.68	0.29630137	3.17		
02/12/2011	1702	-0.148888889	2.81	0.317671233	3.18		
05/12/2011	1720	-0.1675	2.79	0.317808219	3.18		
06/12/2011	1699.5	-0.130555556	2.83	0.52	3.29		
07/12/2011	1699.5	0.047222222	3.02	0.627945205	3.36		
08/12/2011	1719.85	-0.157777778	2.8	0.44369863	3.25		
09/12/2011	1717	-0.122222222	2.85	0.446575342	3.25		
12/12/2011	1680	0.060555556	3.03	0.493150685	3.28		
13/12/2011	1625	0.397222222	3.19	0.533424658	3.3		
14/12/2011	1655	0.227777778	3.11	0.506027397	3.29		
15/12/2011	1639.95	0.389166667	3.18	0.575479452	3.33		
16/12/2011	1655	0.388611111	3.18	0.506849315	3.29		
19/12/2011	1639	0.339166667	3.16	0.537260274	3.3		
20/12/2011	1655	0.268333333	3.13	0.569863014	3.32		
21/12/2011	1629	0.544444444	3.26	0.509589041	3.29		
22/12/2011	1595.5	0.459166667	3.22	0.505753425	3.29		
23/12/2011	1615	-0.027222222	2.97	0.615616438	3.35		
26/12/2011	1615	0.094444444	3.04	0.525753425	3.3		
27/12/2011	1598.05	0.121944444	3.06	0.64369863	3.36		
28/12/2011	1634.9	0.084166667	3.04	0.630410959	3.36		
29/12/2011	1602	0.136111111	3.06	0.690410959	3.39		
30/12/2011	1602.4	0.236111111	3.11	0.705753425	3.4		
02/01/2012	1595	0.332222222	3.16	0.666164384	3.38		
03/01/2012	1478	1.094444444	3.52	0.898356164	3.51		
04/01/2012	1496	1.116666667	3.53	0.882191781	3.5		
05/01/2012	1425	1.605555556	3.76	1.143424658	3.65		
06/01/2012	1458.5	1.391666667	3.66	0.990410959	3.56		
09/01/2012	1448	1.505555556	3.72	1.059726027	3.6		
10/01/2012	1426	1.694444444	3.8	1.147945205	3.65		
11/01/2012	1449.7	1.585	3.75	0.825616438	3.47		
12/01/2012	1463	1.584444444	3.75	0.81369863	3.46		
13/01/2012	1473	1.527777778	3.73	0.745205479	3.42		
16/01/2012	1428	2	3.95	0.876712329	3.5		
17/01/2012	1433	2	3.95	0.907123288	3.51		
18/01/2012	1466	1.910555556	3.91	0.833150685	3.47		
19/01/2012	1461	1.788055556	3.85	0.84109589	3.48		
20/01/2012	1470.2	1.834166667	3.87	0.738356164	3.42		
23/01/2012	1555	1.444444444	3.69	0.446575342	3.25		
24/01/2012	1570	1.483333333	3.7	0.526027397	3.3		
25/01/2012	1575.15	1.317222222	3.63	0.632465753	3.36		
26/01/2012	1586.85	1.211944444	3.58	0.649452055	3.37		
27/01/2012	1558	1.288888889	3.61	0.736712329	3.42		
30/01/2012	1537	1.372222222	3.65	0.789041096	3.45		
31/01/2012	1560	1.061111111	3.5	0.744931507	3.42		
01/02/2012	1620	0.55	3.26	0.465753425	3.26		
02/02/2012	1628	0.611111111	3.29	0.408219178	3.23		
03/02/2012	1590.25	0.848611111	3.4	0.547260274	3.31		
06/02/2012	1620	0.721944444	3.34	0.624657534	3.35		
07/02/2012	1645	0.555555556	3.26	0.753424658	3.43		
08/02/2012	1640	0.655277778	3.31	0.767123288	3.43		
09/02/2012	1641.05	0.644444444	3.31	0.716849315	3.41		
10/02/2012	1680.3	0.431666667	3.21	0.505753425	3.29		
13/02/2012	1730	0.244444444	3.12	0.438356164	3.25		
14/02/2012	1720	0.285	3.14	0.398356164	3.23		
15/02/2012	1744	0.199444444	3.09	0.332465753	3.19		
16/02/2012	1722	0.271666667	3.13	0.473972603	3.27		
17/02/2012	1810.5	-0.212777778	2.73	0.163013699	3.09		
20/02/2012	1800.7	-0.115555556	2.85	0.203835616	3.12		
21/02/2012	1808	-0.1	2.87	0.101643836	3.06		
22/02/2012	1812.3	-0.018333333	2.98	0.233972603	3.13		
23/02/2012	1791.4	0.0475	3.02	0.33630137	3.19		
24/02/2012	1790	0.115555556	3.05	0.326027397	3.18		
27/02/2012	1760	0.527222222	3.25	0.383561644	3.22		
28/02/2012	1720	0.972222222	3.46	0.630136986	3.36		
29/02/2012	1789	0.355555556	3.17	0.561643836	3.32		
01/03/2012	1820	0.156944444	3.07	0.397260274	3.22		
02/03/2012	1784.15	0.365833333	3.17	0.591369863	3.33		
05/03/2012	1735	0.594444444	3.28	0.753424658	3.43		
06/03/2012	1735	0.648333333	3.31	0.794520548	3.45		
07/03/2012	1728.75	0.701666667	3.33	0.731643836	3.41		
08/03/2012	1777.05	0.433333333	3.21	0.410821918	3.23		
09/03/2012	1755	0.427777778	3.2	0.496575342	3.28		
12/03/2012	1768	0.408055556	3.19	0.465753425	3.26		
13/03/2012	1789	0.118611111	3.06	0.335068493	3.19		
14/03/2012	1799	0.338888889	3.16	0.191780822	3.11		
15/03/2012	1770	0.333333333	3.16	0.107671233	3.06		
16/03/2012	1730	0.537777778	3.26	0.108767123	3.06		
19/03/2012	1711	0.658888889	3.31				
20/03/2012	1711	0.616388889	3.29				
21/03/2012	1675	0.833333333	3.4				
22/03/2012	1731.95	0.708333333	3.34				
23/03/2012	1676	1.05	3.5				
26/03/2012	1711	1.316666667	3.63				
27/03/2012	1688.7	1.313333333	3.62				
28/03/2012	1651.25	1.466944444	3.7				
29/03/2012	1633	1.833333333	3.87				
30/03/2012	1654	1.589166667	3.75				
02/04/2012	1685	1.461111111	3.69				
03/04/2012	1654	1.55	3.74				
04/04/2012	1630	1.716388889	3.82				
05/04/2012	1632.8	2.073888889	3.99				
06/04/2012	1632.8	2.334444444	4.11				
09/04/2012	1632.8	2.485	4.18				
10/04/2012	1658.7	2.335	4.11				
11/04/2012	1638	2.567222222	4.22				
12/04/2012	1636	2.550555556	4.21				
13/04/2012	1642	2.788888889	4.32				
16/04/2012	1645.7	2.579444444	4.23				
17/04/2012	1636	2.520555556	4.2				
18/04/2012	1683	2.354444444	4.12				
19/04/2012	1725	2.165	4.03				
20/04/2012	1728	2.316666667	4.1				
23/04/2012	1703	2.372222222	4.13				
24/04/2012	1669	2.561111111	4.22				
25/04/2012	1648	2.789166667	4.32				
26/04/2012	1650	2.722777778	4.29				
27/04/2012	1622	3.3	4.57				
30/04/2012	1596.8	3.471666667	4.65				
01/05/2012	1623	3.238888889	4.54				
02/05/2012	1622	3.238888889	4.54				
03/05/2012	1586	3.427222222	4.63				
04/05/2012	1540.25	3.443055556	4.64				
07/05/2012	1490	3.605555556	4.71				
08/05/2012	1502	3.531666667	4.68				
09/05/2012	1472.05	3.448611111	4.64				
10/05/2012	1545	3.25	4.54				
11/05/2012	1499	3.337222222	4.59				
14/05/2012	1574	2.672777778	4.27				
15/05/2012	1583	2.583888889	4.23				
16/05/2012	1588.25	2.565277778	4.22				
17/05/2012	1625	2.5	4.19				
18/05/2012	1540	2.75	4.31				
21/05/2012	1547	2.516666667	4.2				
22/05/2012	1534.2	3.032222222	4.44				
23/05/2012	1495	3.284722222	4.56				
24/05/2012	1460	3.232777778	4.54				
25/05/2012	1511	2.917222222	4.39				
28/05/2012	1513	2.922222222	4.39				
29/05/2012	1520	3.011111111	4.43				
30/05/2012	1510	2.972777778	4.41				
31/05/2012	1500	3.333333333	4.58				
01/06/2012	1505	3.089444444	4.47				
04/06/2012	1475.25	3.231944444	4.54				
05/06/2012	1487.7	3.0325	4.44				
06/06/2012	1504.8	2.999444444	4.42				
07/06/2012	1549.7	2.929444444	4.39				
08/06/2012	1520	2.762777778	4.31				
11/06/2012	1531	2.676111111	4.27				
12/06/2012	1560	2.288888889	4.09				
13/06/2012	1570.95	2.0825	3.99				
14/06/2012	1560.05	2.416111111	4.15				
15/06/2012	1568	2.277777778	4.08				
18/06/2012	1548	2.45	4.16				
19/06/2012	1546.6	2.48	4.18				
20/06/2012	1539.7	2.390833333	4.14				
21/06/2012	1530.05	2.144722222	4.02				
22/06/2012	1533	2.402222222	4.14				
25/06/2012	1564.7	2.246111111	4.07				
26/06/2012	1545.2	2.693333333	4.28				
27/06/2012	1565	2.361111111	4.12				
28/06/2012	1562.95	2.290833333	4.09				
29/06/2012	1566	2.207222222	4.05				
02/07/2012	1572.1	2.275277778	4.08				
03/07/2012	1556.05	2.549722222	4.21				
04/07/2012	1565.05	2.338055556	4.11				
05/07/2012	1551.8	2.234444444	4.06				
06/07/2012	1553	1.872222222	3.89				
09/07/2012	1540	1.767222222	3.84				
10/07/2012	1505	1.888888889	3.9				
11/07/2012	1519.6	1.637222222	3.78				
12/07/2012	1505.05	1.838611111	3.87				
13/07/2012	1495	1.966666667	3.93				
16/07/2012	1515	1.361111111	3.65				
17/07/2012	1496	1.883333333	3.89				
18/07/2012	1446	2.003888889	3.95				
19/07/2012	1530.05	1.473055556	3.7				
20/07/2012	1539.95	1.444722222	3.69				
23/07/2012	1575.55	1.218611111	3.58				
24/07/2012	1560	1.376111111	3.65				
25/07/2012	1559.5	1.247777778	3.59				
26/07/2012	1560.55	1.080277778	3.51				
27/07/2012	1585	0.583333333	3.28				
30/07/2012	1580	0.472222222	3.22				
31/07/2012	1602	0.55	3.26				
01/08/2012	1598	0.693888889	3.33				
02/08/2012	1611	0.577777778	3.27				
03/08/2012	1610.75	0.631388889	3.3				
06/08/2012	1618	0.438888889	3.21				
07/08/2012	1635.65	0.483611111	3.23				
08/08/2012	1650.1	0.416111111	3.2				
09/08/2012	1675.2	0.497777778	3.24				
10/08/2012	1689.85	0.626944444	3.3				
13/08/2012	1676	0.643333333	3.31				
14/08/2012	1708	0.559444444	3.27				
15/08/2012	1691.45	0.392222222	3.19				
16/08/2012	1695	0.606388889	3.29				
17/08/2012	1690.9	0.705833333	3.34				
20/08/2012	1696.5	0.775	3.37				
21/08/2012	1696	1.073888889	3.51				
22/08/2012	1710	1.215	3.58				
23/08/2012	1724.95	0.871388889	3.41				
24/08/2012	1700.05	0.999722222	3.47				
27/08/2012	1703.3	0.870555556	3.41				
28/08/2012	1727	0.515	3.24				
29/08/2012	1678.15	0.8975	3.43				
30/08/2012	1610.1	1.332777778	3.63				
31/08/2012	1632	1.155555556	3.55				
03/09/2012	1620	1.195	3.57				
04/09/2012	1650.05	1.183055556	3.56				
05/09/2012	1626.5	1.047222222	3.5				
06/09/2012	1644.9	0.751111111	3.36				
07/09/2012	1654.8	1.027222222	3.49				
10/09/2012	1675	0.732777778	3.35				
11/09/2012	1697	0.755555556	3.36				
12/09/2012	1714	0.838888889	3.4				
13/09/2012	1709	0.805555556	3.38				
14/09/2012	1719	0.783333333	3.37				
17/09/2012	1731	0.595277778	3.28				
18/09/2012	1735	0.393888889	3.19				
19/09/2012	1748.2	0.387777778	3.18				
20/09/2012	1748	0.524166667	3.25				
21/09/2012	1788	0.177777778	3.08				
24/09/2012	1793	0.232222222	3.11				
25/09/2012	1809.9	0.195	3.09				
26/09/2012	1782.85	-0.176666667	2.78				
27/09/2012	1800.35	-0.224166667	2.72				
28/09/2012	1815	-0.388888889	2.51				
01/10/2012	1837	-0.494444444	2.37				
02/10/2012	1812.25	-0.2675	2.66				
03/10/2012	1805	-0.193888889	2.75				
04/10/2012	1790	-0.122222222	2.85				
05/10/2012	1784	-0.246111111	2.69				
08/10/2012	1751	-0.183333333	2.77				
09/10/2012	1719	0.238888889	3.11				
10/10/2012	1738	0.377777778	3.18				
11/10/2012	1743	0.449444444	3.21				
12/10/2012	1749.95	0.4275	3.2				
15/10/2012	1745	0.444444444	3.21				
16/10/2012	1757.95	0.410833333	3.2				
17/10/2012	1757.05	0.183055556	3.09				
18/10/2012	1758	0.105555556	3.05				
19/10/2012	1774	0.088888889	3.04				
22/10/2012	1771.3	0.426111111	3.2				
23/10/2012	1779.9	0.778333333	3.37				
24/10/2012	1770.9	0.828333333	3.39				
25/10/2012	1772.2	0.725	3.34				
26/10/2012	1779.9	0.472222222	3.22				
29/10/2012	1790	0.555555556	3.26				
30/10/2012	1809	0.313333333	3.15				
31/10/2012	1799.95	0.363333333	3.17				
01/11/2012	1810.8	0.467777778	3.22				
02/11/2012	1854.9	0.083888889	3.04				
05/11/2012	1895	-0.110555556	2.86				
06/11/2012	1853	-0.043888889	2.94				
07/11/2012	1848.25	0.274722222	3.13				
08/11/2012	1850	0.356388889	3.17				
09/11/2012	1842	0.372222222	3.18				
12/11/2012	1851.7	0.268333333	3.13				
13/11/2012	1855.05	0.5275	3.25				
14/11/2012	1855.05	0.771944444	3.37				
15/11/2012	1832	0.738888889	3.35				
16/11/2012	1841.45	0.880833333	3.42				
19/11/2012	1810.35	1.109166667	3.53				
20/11/2012	1860	0.916666667	3.44				
21/11/2012	1830	0.921111111	3.44				
22/11/2012	1826.8	0.556666667	3.26				
23/11/2012	1829.6	0.5925	3.28				
26/11/2012	1821.95	0.644722222	3.31				
27/11/2012	1825	0.479444444	3.23				
28/11/2012	1859.45	0.053055556	3.03				
29/11/2012	1865	-0.309444444	2.61				
30/11/2012	1948	-0.990555556	1.75				
03/12/2012	1925.1	-0.784722222	2.01				
04/12/2012	1915.3						
05/12/2012	1963						
06/12/2012	1940.05						
07/12/2012	1948						
10/12/2012	1933						
11/12/2012	1938.95						
12/12/2012	2006.1						
13/12/2012	2053						
14/12/2012	2080.1						
17/12/2012	2079						
18/12/2012	2100.1						
19/12/2012	2095.1						
20/12/2012	2144						
21/12/2012	2110						
24/12/2012	2089.7						
25/12/2012	2106.8						
26/12/2012	2114.7						
27/12/2012	2145						
28/12/2012	2130						
31/12/2012	2130						
01/01/2013	2150.05						
02/01/2013	2140.1						
03/01/2013	2216						
04/01/2013	2221.7						
07/01/2013	2206						
08/01/2013	2205						
09/01/2013	2202.9						
10/01/2013	2160						
11/01/2013	2139						
14/01/2013	2137.7						
15/01/2013	2092.8						
16/01/2013	2130						
17/01/2013	2099.7						
18/01/2013	2055.1						
21/01/2013	2048.1						
22/01/2013	2050						
23/01/2013	2075						
24/01/2013	2035						
25/01/2013	2000						
28/01/2013	2080						
29/01/2013	2086.25						
30/01/2013	2041.9						
31/01/2013	2036.1						
01/02/2013	2039						
04/02/2013	2062						
05/02/2013	2045.1						
06/02/2013	2100						
07/02/2013	2061.1						
08/02/2013	2057						
11/02/2013	2033.55						
12/02/2013	2044.7						
13/02/2013	2077						
14/02/2013	2017.3						
15/02/2013	2012.7						
18/02/2013	1972						
19/02/2013	1945.8						
20/02/2013	1994.95						
21/02/2013	1978						
22/02/2013	1989						
25/02/2013	1993						
26/02/2013	1970.05						
27/02/2013	1916.1						
28/02/2013	1965.4						
01/03/2013	1969						
04/03/2013	2030						
05/03/2013	1990						
06/03/2013	1975.3						
07/03/2013	1963.3						
08/03/2013	1981.65						
11/03/2013	2015						
12/03/2013	1985.9						
13/03/2013	1954						
14/03/2013	1890						
15/03/2013	1858.1						
18/03/2013	1845						
19/03/2013	1814.3						
20/03/2013	1836						
21/03/2013	1849						
22/03/2013	1760						
25/03/2013	1835						
26/03/2013	1806.7						
27/03/2013	1795.2						
28/03/2013	1800						
29/03/2013	1794.9						
01/04/2013	1807.7						
02/04/2013	1784.1						
03/04/2013	1755						
04/04/2013	1690						
05/04/2013	1665						
08/04/2013	1701						
09/04/2013	1722.9						
10/04/2013	1715						
11/04/2013	1724.4						
12/04/2013	1697						
15/04/2013	1722.7						
16/04/2013	1725						
17/04/2013	1764.8						
18/04/2013	1802.7						
19/04/2013	1791.8						
22/04/2013	1808.7						
23/04/2013	1762.05						
24/04/2013	1804.15						
25/04/2013	1817.95						
26/04/2013	1836						
29/04/2013	1889.3						
30/04/2013	1928.7						
01/05/2013	1881.8						
02/05/2013	1880						
03/05/2013	1860						
06/05/2013	1819.7						
07/05/2013	1839.7						
08/05/2013	1850						
09/05/2013	1840						
10/05/2013	1835.1						
13/05/2013	1863						
14/05/2013	1815						
15/05/2013	1780.1						
16/05/2013	1839.7						
17/05/2013	1806.9						
20/05/2013	1833						
21/05/2013	1865						
22/05/2013	1854						
23/05/2013	1860						
24/05/2013	1838.15						
27/05/2013	1805.9						
28/05/2013	1818						
29/05/2013	1842.35						
30/05/2013	1820						
31/05/2013	1834.8						
03/06/2013	1845						
04/06/2013	1751.05						
05/06/2013	1760						
06/06/2013	1745						
07/06/2013	1748						
10/06/2013	1764.1						
11/06/2013	1770.1						
12/06/2013	1768						
13/06/2013	1739.7						
14/06/2013	1718						
17/06/2013	1762						
18/06/2013	1806						
19/06/2013	1823.9						
20/06/2013	1826.9						
21/06/2013	1825						
24/06/2013	1831.9						
25/06/2013	1790						
26/06/2013	1777						
27/06/2013	1790						
28/06/2013	1848						
01/07/2013	1920						
02/07/2013	1920						
03/07/2013	1902.7						
04/07/2013	1864.9						
05/07/2013	1890						
08/07/2013	1865.4						
09/07/2013	1865.35						
10/07/2013	1895						
11/07/2013	1870						
12/07/2013	1875.1						
15/07/2013	1845.1						
16/07/2013	1897.7						
17/07/2013	1914.15						
18/07/2013	1909						
19/07/2013	1900						
22/07/2013	1950						
23/07/2013	1994						
24/07/2013	1965						
25/07/2013	2000						
26/07/2013	2010						
29/07/2013	2025						
30/07/2013	1995.8						
31/07/2013	1927						
01/08/2013	1936.25						
02/08/2013	1938						
05/08/2013	1911.3						
06/08/2013	1869						
07/08/2013	1809.3						
08/08/2013	1769.7						
09/08/2013	1783.85						
12/08/2013	1794.4	
							
							
							
							
							
							
							
							
							
							
							
							
							
							
							
							
							
							
							
							
							
							
							
							
							
							
							
							
							
							
							
							
							
							
							
							
							
							
							
							
							
							
							
							
							
							
							
							
							
							
							
							
							
							
							
							
							
							
							
							
							
							
							
							
							
							
							
							
							
							
							
							
							
							
							
							
							
							
							
							
							
							
							
							
							
							
							
							
							
							
							
							
							
							
							
							
							
							
							
							
							
							
							
							
							
							
							
							
							
							
							
							
							
							
							
							
							
							
							
							
							
							
							
							
							
							
							
							
							
							
							
							
							
							
							
							
							
							
							
							
							
							
							
							
							
							
							
							
							
							
							
							
							
							
							
							
							
							
							
							
							
							
							
							
							
							
							
							
							
							
							
							
							
							
							
							
							
							
							
							
							
							
							
							
							
							
							
							
							
							
							
							
							
							
							
							
							
							
							
							
							
							
							
							
							
							
							
							
							
							
							
							
							
							
							
							
							
							
							
							
							
							
							
							
							
							
							
							
							
							
							
							
							
							
							
							
							
							
							
							
							
							
							
							
							
							
							
							
							
							
							
							
							
							
							
							
							
							
							
							
							
							
							
							
							
							
							
							
							
							
							
							
							
							
							
							
							
							
							
							
							
							
							
							
							
							
							
							
							
							
							
							
							
							
							
							
							
							
							
							
							
							
							
							
							
							
							
							
							
							
							
							
							
							
							
							
							
							
							
							
							
							
							
							
							
							
							
							
							
							
							
							
							
							
							
							
							
							
							
							
							
							
							
							
							
							
							
							
							
							
							
							
							
							
							
							
							
							
							
							
							
							
							
							
							
							
							
							
							
							
							
							
							
							
							
							
							
							
							
							
							
							
							
							
							
							
							
							
							
							
							
							
							
							
							
							
							
							
							
							
							
							
							
							
							
							
							
							
							
							
							
							
							
							
							
							
							
							
							
							
							
							
							
							
							
							
							
							
							
							
							
							
							
							
							
							
							
							
							
							
							
							
							
							
							
							
							
							
							
							
							
							
							
							
							
							
							
							
							
							
							
							
							
							
							
							
							
							
							
							
							
							
							
							
							
							
							
							
							
							
							
							
							
							
							
							
							
							
							
							
							
							
							
							
							
							
							
							
							
							
							
							
							
							
							
							
							
							
							
							
							
							
							
							
							
							
							
							
							
							
							
							
							
							
							
							
							
							
							
							
							
							
							
							
							
							
							
							
							
							
							
							
							
							
							
							
							
							
							
							
							
							
							
							
							
							
							
							
							
							
							
							
							
							
							
							
							
							
							
							
							
							
							
							
							
							
							
							
							
							
							
							
							
							
							
							
							
							
							
							
							
							
							
							
							
							
							
							
							
							
			