10/01/2007	137.2	0.243888889	3.49	0.391232877	4.43	0.18739726	4.37
11/01/2007	135	0.261666667	3.52	0.391780822	4.43	0.194520548	4.42
12/01/2007	134.15	0.274166667	3.55	0.31739726	4.16	0.18609589	4.36
15/01/2007	136.85	0.234166667	3.47	0.35109589	4.28	0.184452055	4.35
16/01/2007	144.95	0.1675	3.33	0.31109589	4.14	0.17630137	4.29
17/01/2007	143	0.1475	3.29	0.287671233	4.05	0.17260274	4.26
18/01/2007	145.5	0.176944444	3.35	0.234246575	3.86	0.173561644	4.27
19/01/2007	148.5	0.153611111	3.31	0.250684932	3.92	0.169178082	4.24
22/01/2007	148	0.192777778	3.38	0.247945205	3.91	0.171849315	4.26
23/01/2007	146.05	0.2075	3.41	0.27109589	3.99	0.210958904	4.54
24/01/2007	147	0.25	3.5	0.27260274	4	0.185273973	4.36
25/01/2007	150	0.177777778	3.35	0.243835616	3.89	0.178767123	4.31
29/01/2007	148	0.249444444	3.5	0.230136986	3.84	0.181506849	4.33
31/01/2007	151	0.217222222	3.43	0.205479452	3.75	0.181369863	4.33
01/02/2007	151	0.298888889	3.59	0.180410959	3.66	0.181369863	4.33
02/02/2007	147	0.231388889	3.46	0.202739726	3.74	0.183013699	4.34
05/02/2007	148.65	0.2625	3.52	0.186712329	3.68	0.183356164	4.34
06/02/2007	146.8	0.344444444	3.69	0.206027397	3.75	0.186712329	4.37
07/02/2007	145.4	0.346111111	3.69	0.200273973	3.73	0.195205479	4.43
08/02/2007	145.05	0.344722222	3.69	0.221780822	3.81	0.209520548	4.53
09/02/2007	145	0.336666667	3.67	0.208219178	3.76	0.21369863	4.56
12/02/2007	138.4	0.348055556	3.69	0.242739726	3.89	0.232328767	4.7
13/02/2007	134.1	0.442777778	3.88	0.262739726	3.96	0.237945205	4.74
14/02/2007	127.9	0.473333333	3.94	0.296438356	4.08	0.239178082	4.75
15/02/2007	134	0.5	3.99	0.284931507	4.04	0.219726027	4.61
19/02/2007	133.7	0.5	3.99	0.304931507	4.12	0.220684932	4.62
20/02/2007	132.75	0.503611111	4	0.287534247	4.05	0.220890411	4.62
21/02/2007	132	0.454444444	3.9	0.276712329	4.01	0.223561644	4.64
22/02/2007	131.5	0.473888889	3.94	0.294657534	4.08	0.223972603	4.64
23/02/2007	129	0.422222222	3.84	0.314794521	4.15	0.220890411	4.62
26/02/2007	128	0.472222222	3.94	0.284931507	4.04	0.222260274	4.63
27/02/2007	125	0.461111111	3.92	0.287671233	4.05	0.226369863	4.66
28/02/2007	120.5	0.5375	4.07	0.316164384	4.16	0.232534247	4.7
01/03/2007	119.7	0.573888889	4.14	0.338493151	4.24	0.233630137	4.71
02/03/2007	117	0.6	4.19	0.35109589	4.28	0.237328767	4.74
05/03/2007	118	0.583333333	4.16	0.32630137	4.19	0.235958904	4.73
06/03/2007	114.5	0.538055556	4.07	0.349315068	4.28	0.240753425	4.76
07/03/2007	116	0.487777778	3.97	0.33890411	4.24	0.23869863	4.75
08/03/2007	115.85	0.495277778	3.99	0.348356164	4.27	0.23890411	4.75
09/03/2007	115.3	0.496666667	3.99	0.359041096	4.31	0.239657534	4.75
12/03/2007	124.35	0.480555556	3.96	0.323287671	4.18	0.227260274	4.66
13/03/2007	126.5	0.491666667	3.98	0.324657534	4.19	0.170547945	4.25
14/03/2007	122	0.505277778	4	0.338082192	4.24	0.181369863	4.33
15/03/2007	124	0.461111111	3.92	0.339726027	4.24	0.177054795	4.3
16/03/2007	126	0.5	3.99	0.334246575	4.22	0.188356164	4.38
19/03/2007	128	0.468888889	3.93	0.324657534	4.19	0.183561644	4.34
20/03/2007	129.9	0.439444444	3.87	0.284931507	4.04	0.18369863	4.34
21/03/2007	126.75	0.495833333	3.99	0.299178082	4.09	0.182465753	4.34
22/03/2007	127.5	0.509722222	4.01	0.294520548	4.08	0.190273973	4.39
23/03/2007	127.5	0.500833333	4	0.282739726	4.03	0.196575342	4.44
26/03/2007	127.9	0.489444444	3.97	0.274246575	4	0.190342466	4.39
28/03/2007	125.5	0.496111111	3.99	0.269863014	3.99	0.200684932	4.47
29/03/2007	124.65	0.534166667	4.06	0.265890411	3.97	0.193630137	4.42
30/03/2007	128.25	0.512222222	4.02	0.248630137	3.91	0.180547945	4.32
02/04/2007	130	0.544444444	4.08	0.2	3.73	0.178082192	4.3
03/04/2007	129.05	0.460833333	3.92	0.194383562	3.71	0.173356164	4.27
04/04/2007	130	0.511111111	4.02	0.208082192	3.76	0.182054795	4.33
05/04/2007	127.55	0.5125	4.02	0.231232877	3.85	0.197945205	4.45
09/04/2007	127	0.56	4.11	0.265890411	3.97	0.20130137	4.47
10/04/2007	128.5	0.597222222	4.19	0.251369863	3.92	0.193972603	4.42
11/04/2007	127.4	0.637222222	4.27	0.267260274	3.98	0.196643836	4.44
12/04/2007	124.8	0.646111111	4.29	0.278630137	4.02	0.197671233	4.45
13/04/2007	127.55	0.685833333	4.36	0.258767123	3.95	0.193630137	4.42
16/04/2007	130	0.721666667	4.44	0.238630137	3.87	0.182808219	4.34
17/04/2007	133.1	0.641111111	4.28	0.188767123	3.69	0.184109589	4.35
18/04/2007	139.95	0.577222222	4.15	0.217123288	3.79	0.188630137	4.38
19/04/2007	131	0.705277778	4.4	0.216164384	3.79	0.194520548	4.42
20/04/2007	132	0.685	4.36	0.17260274	3.63	0.206849315	4.51
23/04/2007	131.05	0.741388889	4.47	0.134109589	3.49	0.204315068	4.5
24/04/2007	128.1	0.693333333	4.38	0.114794521	3.42	0.212534247	4.56
25/04/2007	132.5	0.666944444	4.33	0.075342466	3.28	0.202054795	4.48
26/04/2007	140	0.569722222	4.13	0.035890411	3.13	0.199520548	4.46
27/04/2007	139.8	0.556666667	4.11	0.123835616	3.45	0.212671233	4.56
30/04/2007	134.7	0.617777778	4.23	0.122739726	3.45	0.226438356	4.66
03/05/2007	134.55	0.575555556	4.14	0.080684932	3.3	0.222534247	4.63
04/05/2007	133.7	0.546666667	4.09	0.072054795	3.26	0.224041096	4.64
07/05/2007	132.8	0.578888889	4.15	0.060821918	3.22	0.229383562	4.68
08/05/2007	130	0.477777778	3.95	0.095890411	3.35	0.241780822	4.77
09/05/2007	130.05	0.305833333	3.61	0.098493151	3.36	0.248561644	4.82
10/05/2007	130	0.316666667	3.63	0.049315068	3.18	0.250547945	4.83
11/05/2007	130.1	0.388333333	3.77	0.037808219	3.14	0.245753425	4.8
14/05/2007	133	0.330555556	3.66	-0.049315068	2.66	0.239863014	4.76
15/05/2007	135.1	0.316111111	3.63	-0.072739726	2.5	0.233082192	4.71
16/05/2007	134.85	0.343611111	3.68	-0.057123288	2.61	0.239931507	4.76
17/05/2007	135	0.4	3.8	-0.02739726	2.81	0.240616438	4.76
18/05/2007	140	0.316111111	3.63	-0.019315068	2.87	0.228356164	4.67
21/05/2007	145	0.327777778	3.65	-0.010958904	2.92	0.220547945	4.61
22/05/2007	154	0.288888889	3.57	-0.010958904	2.92	0.203424658	4.49
23/05/2007	152.5	0.319444444	3.64	-0.05	2.66	0.200547945	4.47
24/05/2007	149	0.338888889	3.67	-0.045205479	2.69	0.209589041	4.53
25/05/2007	148	0.344444444	3.69	0.008219178	3.03	0.209178082	4.53
28/05/2007	151.4	0.280555556	3.56	0.01260274	3.05	0.205	4.5
29/05/2007	149.9	0.248333333	3.49	-0.024383562	2.83	0.206986301	4.51
30/05/2007	150	0.244444444	3.49	-0.024657534	2.83	0.207739726	4.52
31/05/2007	148	0.305555556	3.61	-0.021917808	2.85	0.210958904	4.54
04/06/2007	144.4	0.357777778	3.71	-0.031232877	2.79	0.220342466	4.61
05/06/2007	139	0.422222222	3.84	-0.008219178	2.94	0.236849315	4.73
06/06/2007	144	0.369444444	3.73	-0.024657534	2.83	0.234109589	4.71
07/06/2007	141	0.433333333	3.86	-0.038356164	2.74	0.243424658	4.78
08/06/2007	137.5	0.430555556	3.86	0.001369863	3.01	0.224041096	4.64
11/06/2007	134.25	0.431944444	3.86	0.002054795	3.01	0.223424658	4.64
12/06/2007	134.7	0.412777778	3.82	0.004931507	3.02	0.208630137	4.53
13/06/2007	134	0.408333333	3.81	0.01369863	3.05	0.211643836	4.55
14/06/2007	134.35	0.452777778	3.9	0.020958904	3.08	0.229657534	4.68
15/06/2007	136	0.516111111	4.03	-0.012328767	2.92	0.220890411	4.62
18/06/2007	137	0.499722222	3.99	-0.002739726	2.98	0.221027397	4.62
19/06/2007	140	0.471666667	3.94	-0.019178082	2.87	0.219178082	4.6
20/06/2007	145	0.438888889	3.87	-0.026027397	2.82	0.197260274	4.44
21/06/2007	144.8	0.429722222	3.85	-0.01890411	2.87	0.198219178	4.45
22/06/2007	139	0.438888889	3.87	0.016438356	3.06	0.204794521	4.5
25/06/2007	139.7	0.406666667	3.81	0.030958904	3.11	0.193082192	4.41
26/06/2007	140.1	0.371666667	3.74	0.010684932	3.04	0.184794521	4.35
27/06/2007	144.95	0.458611111	3.91	0.022739726	3.08	0.187671233	4.37
28/06/2007	144.8	0.501111111	4	0.041643836	3.15	0.179315068	4.31
29/06/2007	147.5	0.541666667	4.08	0.075205479	3.28	0.174657534	4.28
02/07/2007	146	0.410555556	3.82	0.043835616	3.16	0.190410959	4.39
03/07/2007	147	0.405555556	3.81	0.021917808	3.08	0.194863014	4.43
04/07/2007	147.7	0.373888889	3.74	0.020273973	3.07	0.198356164	4.45
05/07/2007	149.25	0.4375	3.87	0.026712329	3.1	0.20390411	4.49
06/07/2007	148	0.419444444	3.83	0.030273973	3.11	0.200616438	4.47
09/07/2007	157	0.349444444	3.7	0.015753425	3.06	0.186438356	4.36
10/07/2007	158	0.325	3.65	0.01369863	3.05	0.184931507	4.35
11/07/2007	155	0.3	3.6	0.016986301	3.06	0.191506849	4.4
12/07/2007	155.05	0.355833333	3.71	0.054657534	3.2	0.18760274	4.37
13/07/2007	160.3	0.370555556	3.74	0.034794521	3.13	0.177945205	4.3
16/07/2007	156	0.382777778	3.76	0.053424658	3.2	0.186986301	4.37
17/07/2007	163	0.4	3.8	0.026027397	3.1	0.186986301	4.37
18/07/2007	158	0.361111111	3.72	0.048219178	3.18	0.199657534	4.46
19/07/2007	159.4	0.381111111	3.76	0.061369863	3.22	0.199246575	4.46
20/07/2007	160	0.361111111	3.72	0.057534247	3.21	0.203630137	4.49
23/07/2007	155.5	0.407222222	3.81	0.048630137	3.18	0.211643836	4.55
24/07/2007	159	0.344444444	3.69	0.035616438	3.13	0.202465753	4.48
25/07/2007	156.3	0.408888889	3.81	0.026575342	3.1	0.209178082	4.53
26/07/2007	154.3	0.487222222	3.97	0.026575342	3.1	0.214657534	4.57
27/07/2007	153.5	0.552777778	4.1	0.004109589	3.02	0.206986301	4.51
30/07/2007	147.9	0.556111111	4.11	0.008493151	3.03	0.223082192	4.63
31/07/2007	147	0.600277778	4.19	0.008219178	3.03	0.217123288	4.59
01/08/2007	143	0.657777778	4.31	0.032876712	3.12	0.229041096	4.68
02/08/2007	142.25	0.668055556	4.33	0.036164384	3.13	0.233219178	4.71
03/08/2007	143.9	0.6725	4.34	0.02630137	3.1	0.209726027	4.53
06/08/2007	135	0.700277778	4.39	0.042876712	3.16	0.228082192	4.67
07/08/2007	146.5	0.629722222	4.25	0.023287671	3.09	0.20390411	4.49
08/08/2007	146.9	0.617222222	4.23	0.021643836	3.08	0.202876712	4.48
09/08/2007	152	0.6	4.19	0.021917808	3.08	0.194383562	4.42
10/08/2007	145	0.639444444	4.27	0.081917808	3.3	0.214520548	4.57
13/08/2007	144.5	0.597777778	4.19	0.042328767	3.15	0.214178082	4.57
14/08/2007	146.7	0.586388889	4.17	0.031232877	3.11	0.215479452	4.58
16/08/2007	143	0.638888889	4.27	0.038356164	3.14	0.217808219	4.59
17/08/2007	143	0.643611111	4.28	0.059452055	3.22	0.23239726	4.7
20/08/2007	141.75	0.740277778	4.47	0.058219178	3.21	0.240753425	4.76
21/08/2007	141.75	0.685	4.36	0.057671233	3.21	0.237876712	4.74
22/08/2007	139.35	0.736944444	4.47	0.077123288	3.28	0.237876712	4.74
23/08/2007	141.5	0.913888889	4.82	0.075890411	3.28	0.237191781	4.74
24/08/2007	147	0.721388889	4.43	0.049315068	3.18	0.233835616	4.71
27/08/2007	145	0.777777778	4.55	0.049315068	3.18	0.230547945	4.69
28/08/2007	145.15	0.793611111	4.58	0.040684932	3.15	0.231369863	4.69
29/08/2007	146.5	0.869444444	4.73	0.050684932	3.19	0.247123288	4.81
30/08/2007	149	1.005555556	5	0.024657534	3.09	0.245890411	4.8
31/08/2007	146.4	0.992222222	4.97	0.020821918	3.08	0.259589041	4.9
03/09/2007	151	0.919166667	4.83	0.008219178	3.03	0.253424658	4.85
04/09/2007	152	0.844444444	4.68	0.00109589	3	0.238356164	4.74
05/09/2007	150.25	0.881944444	4.75	0.001506849	3.01	0.253082192	4.85
06/09/2007	148.55	0.819166667	4.63	0.020410959	3.07	0.258150685	4.89
07/09/2007	153	0.805555556	4.6	0.024657534	3.09	0.261643836	4.91
10/09/2007	151	0.743888889	4.48	0.033013699	3.12	0.261164384	4.91
11/09/2007	158.75	0.694722222	4.38	0.017123288	3.06	0.255821918	4.87
12/09/2007	160	0.622222222	4.24	-0.005753425	2.96	0.252191781	4.85
13/09/2007	159.25	0.676944444	4.35	-0.006438356	2.96	0.252534247	4.85
14/09/2007	160	0.55	4.09	0.002739726	3.01	0.245205479	4.79
17/09/2007	162.7	0.590555556	4.17	-0.015616438	2.89	0.236027397	4.73
18/09/2007	162	0.766666667	4.52	-0.004109589	2.97	0.236986301	4.73
19/09/2007	165	0.738888889	4.47	0	3	0.246575342	4.8
20/09/2007	167.5	0.696111111	4.38	-0.007123288	2.95	0.26369863	4.93
21/09/2007	176.4	0.658888889	4.31	-0.021643836	2.85	0.249726027	4.83
24/09/2007	179	0.630555556	4.25	-0.021917808	2.85	0.220547945	4.61
25/09/2007	185	0.561111111	4.12	-0.038356164	2.74	0.219589041	4.61
26/09/2007	186.4	0.531111111	4.06	-0.030410959	2.79	0.214589041	4.57
27/09/2007	178.55	0.5525	4.1	-0.004246575	2.97	0.225273973	4.65
28/09/2007	175.85	0.552222222	4.1	0.005890411	3.02	0.234246575	4.71
01/10/2007	181.1	0.563333333	4.12	0.01890411	3.07	0.233424658	4.71
03/10/2007	182.1	0.488333333	3.97	-0.000273973	3	0.225890411	4.65
04/10/2007	183.5	0.483333333	3.96	0.021506849	3.08	0.213561644	4.56
05/10/2007	179	0.444444444	3.88	0.038356164	3.14	0.220273973	4.61
08/10/2007	175.1	0.510555556	4.02	0.04630137	3.17	0.219041096	4.6
09/10/2007	169.55	0.551388889	4.1	0.028630137	3.1	0.22390411	4.64
10/10/2007	177.35	0.570277778	4.13	0.016849315	3.06	0.226917808	4.66
11/10/2007	176.15	0.565833333	4.13	0.019589041	3.07	0.220342466	4.61
12/10/2007	182.7	0.373888889	3.74	0.055616438	3.2	0.211369863	4.55
15/10/2007	183.4	0.453333333	3.9	0.054383562	3.2	0.209041096	4.53
16/10/2007	192	0.369444444	3.73	0.017534247	3.06	0.191780822	4.4
17/10/2007	182	0.366666667	3.73	0.070273973	3.26	0.201917808	4.48
18/10/2007	192.9	0.211666667	3.42	0.016027397	3.06	0.186438356	4.36
19/10/2007	190.1	0.277222222	3.55	0.037808219	3.14	0.18760274	4.37
22/10/2007	204.8	0.187222222	3.37	-0.00630137	2.96	0.171369863	4.25
23/10/2007	188.65	0.313055556	3.62	0.030821918	3.11	0.199109589	4.46
24/10/2007	195.9	0.281111111	3.56	0.038630137	3.14	0.200136986	4.46
25/10/2007	208.8	0.167777778	3.33	-0.051506849	2.65	0.182465753	4.34
26/10/2007	207.7	0.135	3.27	-0.056712329	2.61	0.186369863	4.36
29/10/2007	207.1	0.105	3.21	-0.066849315	2.54	0.184794521	4.35
30/10/2007	205.6	0.0625	3.12	-0.05369863	2.63	0.177260274	4.3
31/10/2007	201.05	0.110833333	3.22	-0.051643836	2.64	0.17869863	4.31
01/11/2007	213.8	0.016666667	3.03	-0.07369863	2.49	0.159863014	4.17
02/11/2007	213.1	0.049444444	3.1	-0.05369863	2.63	0.166712329	4.22
05/11/2007	224	-0.030555556	2.93	-0.093150685	2.36	0.150684932	4.1
06/11/2007	223.7	0.012777778	3.03	-0.10739726	2.26	0.149726027	4.1
07/11/2007	223.4	-0.013333333	2.97	-0.103561644	2.29	0.156164384	4.14
08/11/2007	213.8	0.073333333	3.15	-0.077260274	2.47	0.173561644	4.27
09/11/2007	216.8	0.073333333	3.15	-0.067945205	2.53	0.164589041	4.2
12/11/2007	205	0.172777778	3.34	-0.005479452	2.96	0.180890411	4.32
13/11/2007	213	0.138888889	3.28	-0.024657534	2.83	0.180958904	4.32
14/11/2007	208	0.205555556	3.41	-0.00630137	2.96	0.182123288	4.33
15/11/2007	217.25	0.113611111	3.23	0.002054795	3.01	0.168150685	4.23
16/11/2007	223	0.055555556	3.11	-0.008219178	2.94	0.164383562	4.2
19/11/2007	225	0.078055556	3.16	-0.054794521	2.62	0.160821918	4.18
20/11/2007	223	0.116111111	3.23	-0.029589041	2.8	0.166780822	4.22
21/11/2007	211.35	0.114722222	3.23	-0.020136986	2.86	0.173493151	4.27
22/11/2007	203.8	0.145555556	3.29	-0.013150685	2.91	0.189178082	4.38
23/11/2007	205	0.171666667	3.34	0.037808219	3.14	0.184931507	4.35
26/11/2007	204.7	0.214166667	3.43	0.041917808	3.15	0.178493151	4.31
27/11/2007	210.85	0.190555556	3.38	0.011369863	3.04	0.176643836	4.29
28/11/2007	215	0.122777778	3.24	0.02739726	3.1	0.168287671	4.23
29/11/2007	212.95	0.161388889	3.32	0.026164384	3.1	0.169931507	4.24
30/11/2007	207	0.181666667	3.36	0.038356164	3.14	0.178082192	4.3
03/12/2007	216	0.15	3.3	-0.021917808	2.85	0.154794521	4.13
04/12/2007	212.4	0.188611111	3.38	-0.006438356	2.96	0.150273973	4.1
05/12/2007	209	0.185277778	3.37	0.035616438	3.13	0.160136986	4.17
06/12/2007	216	0.161111111	3.32	0.010958904	3.04	0.151712329	4.11
07/12/2007	219.25	0.145277778	3.29	0.04630137	3.17	0.145753425	4.07
10/12/2007	217.65	0.168611111	3.34	0.124246575	3.45	0.15390411	4.13
11/12/2007	216	0.177777778	3.35	0.139726027	3.51	0.158630137	4.16
12/12/2007	214.8	0.176111111	3.35	0.112876712	3.41	0.157808219	4.15
13/12/2007	220.8	0.072777778	3.14	0.100273973	3.37	0.147534247	4.08
14/12/2007	220.45	0.086111111	3.17	0.113835616	3.42	0.153493151	4.12
17/12/2007	228	0.038888889	3.08	0.040547945	3.15	0.14109589	4.03
18/12/2007	212	0.103888889	3.21	0.104109589	3.38	0.16869863	4.23
19/12/2007	222	0.033333333	3.07	0.110821918	3.41	0.149315068	4.09
20/12/2007	219.8	0.023333333	3.05	0.104657534	3.38	0.152328767	4.11
24/12/2007	227.8	-0.033888889	2.92	0.034109589	3.12	0.140684932	4.03
26/12/2007	236	-0.094444444	2.79	-0.002739726	2.98	0.126027397	3.92
27/12/2007	242.1	-0.217222222	2.52	-0.005479452	2.96	0.104657534	3.77
28/12/2007	241.1	-0.228333333	2.49	-0.011232877	2.92	0.101232877	3.74
31/12/2007	251	-0.250277778	2.45	-0.056438356	2.61	0.095547945	3.7
01/01/2008	259.9	-0.266388889	2.41	-0.074520548	2.49	0.079589041	3.58
02/01/2008	248.5	-0.135833333	2.7	-0.064383562	2.56	0.096575342	3.71
03/01/2008	243.85	-0.131111111	2.71	-0.035479452	2.76	0.09609589	3.7
04/01/2008	257.95	-0.183333333	2.59	-0.073835616	2.49	0.053835616	3.39
07/01/2008	255.3	-0.16	2.65	-0.083013699	2.43	0.080890411	3.59
08/01/2008	264.5	-0.236111111	2.48	-0.078082192	2.46	0.069657534	3.51
09/01/2008	252.9	-0.198888889	2.56	-0.035342466	2.76	0.093493151	3.68
10/01/2008	252.55	-0.280833333	2.38	-0.053835616	2.63	0.099178082	3.73
11/01/2008	242.55	-0.129722222	2.71	-0.016575342	2.89	0.115547945	3.85
14/01/2008	240	-0.167222222	2.63	-0.021917808	2.85	0.123287671	3.9
15/01/2008	245.9	-0.282777778	2.37	-0.049041096	2.66	0.114794521	3.84
16/01/2008	238.15	-0.323055556	2.28	-0.059589041	2.59	0.119863014	3.88
17/01/2008	232.1	-0.345	2.24	-0.046849315	2.68	0.125890411	3.92
18/01/2008	237	-0.427777778	2.05	-0.087671233	2.4	0.128767123	3.94
21/01/2008	216	-0.349444444	2.23	-0.016438356	2.89	0.157534247	4.15
22/01/2008	185.1	-0.000555556	3	0.069589041	3.25	0.210068493	4.54
23/01/2008	187	-0.041666667	2.91	0.093150685	3.34	0.195890411	4.43
24/01/2008	200	-0.2	2.56	0.060273973	3.22	0.174246575	4.28
25/01/2008	192.5	-0.180555556	2.6	0.118082192	3.43	0.188356164	4.38
28/01/2008	192	-0.205555556	2.54	0.104109589	3.38	0.199726027	4.46
29/01/2008	196.7	-0.176111111	2.61	0.104931507	3.38	0.184726027	4.35
30/01/2008	207	-0.227777778	2.5	0.123287671	3.45	0.167671233	4.23
31/01/2008	196.9	-0.271666667	2.4	0.131780822	3.48	0.182808219	4.34
01/02/2008	204	-0.333888889	2.26	0.094657534	3.35	0.174383562	4.28
04/02/2008	206	-0.505555556	1.88	0.1	3.37	0.172465753	4.26
05/02/2008	210	-0.563611111	1.75	0.104109589	3.38	0.168356164	4.23
06/02/2008	210	-0.533333333	1.82	0.098630137	3.36	0.16609589	4.22
07/02/2008	210	-0.472222222	1.95	0.079452055	3.29	0.169178082	4.24
08/02/2008	201.9	-0.383055556	2.15	0.084109589	3.31	0.184383562	4.35
11/02/2008	194.6	-0.297777778	2.34	0.11890411	3.43	0.198561644	4.45
12/02/2008	194	-0.244444444	2.46	0.11890411	3.43	0.201643836	4.48
13/02/2008	203	-0.381944444	2.15	0.115068493	3.42	0.187671233	4.37
14/02/2008	208.8	-0.423888889	2.06	0.088219178	3.32	0.18109589	4.33
15/02/2008	215	-0.355555556	2.21	0.071232877	3.26	0.162328767	4.19
18/02/2008	210.5	-0.302777778	2.33	0.080821918	3.3	0.168493151	4.23
19/02/2008	219	-0.433333333	2.04	0.060273973	3.22	0.169794521	4.24
20/02/2008	215	-0.411111111	2.09	0.05890411	3.22	0.177054795	4.3
21/02/2008	212	-0.4	2.11	0.076986301	3.28	0.171232877	4.25
22/02/2008	209	-0.422222222	2.06	0.084931507	3.31	0.182191781	4.33
25/02/2008	207.5	-0.397222222	2.12	0.1	3.37	0.189726027	4.39
26/02/2008	215.85	-0.449166667	2	0.078493151	3.29	0.171712329	4.26
27/02/2008	228.9	-0.566111111	1.75	0.022191781	3.08	0.157054795	4.15
28/02/2008	226.95	-0.494166667	1.91	0.027534247	3.1	0.152123288	4.11
29/02/2008	224.9	-0.499444444	1.89	0.033150685	3.12	0.156506849	4.15
03/03/2008	224	-0.486111111	1.92	0.035616438	3.13	0.155753425	4.14
04/03/2008	222.15	-0.461944444	1.98	0.069726027	3.26	0.151643836	4.11
05/03/2008	218	-0.422222222	2.06	0.101369863	3.37	0.145890411	4.07
07/03/2008	212.9	-0.452222222	2	0.127671233	3.47	0.165890411	4.21
10/03/2008	207	-0.394444444	2.13	0.136986301	3.5	0.168630137	4.23
11/03/2008	227.5	-0.525	1.84	0.076712329	3.28	0.137808219	4.01
12/03/2008	235	-0.552777778	1.78	0.069863014	3.26	0.134246575	3.98
13/03/2008	245	-0.595	1.68	0.057534247	3.21	0.108219178	3.79
14/03/2008	219.9	-0.416111111	2.08	0.096164384	3.35	0.143972603	4.05
17/03/2008	220	-0.383333333	2.15	0.104109589	3.38	0.138356164	4.01
18/03/2008	215	-0.394444444	2.13	0.109589041	3.4	0.135616438	3.99
19/03/2008	228	-0.415277778	2.08	0.087671233	3.32	0.131506849	3.96
24/03/2008	223.5	-0.352777778	2.22	0.109726027	3.4	0.142123288	4.04
25/03/2008	219.9	-0.249722222	2.45	0.131643836	3.48	0.149178082	4.09
26/03/2008	216.5	-0.302777778	2.33	0.149315068	3.55	0.147260274	4.08
27/03/2008	209	-0.3	2.34	0.148767123	3.54	0.153424658	4.12
28/03/2008	219.1	-0.355555556	2.21	0.112054795	3.41	0.138356164	4.01
31/03/2008	227	-0.377777778	2.16	0.094520548	3.35	0.125342466	3.92
01/04/2008	224.9	-0.365833333	2.19	0.108767123	3.4	0.133835616	3.98
02/04/2008	235	-0.401388889	2.11	0.101643836	3.37	0.13369863	3.98
03/04/2008	223	-0.333333333	2.26	0.120273973	3.44	0.146506849	4.07
04/04/2008	228	-0.371111111	2.18	0.09630137	3.35	0.142465753	4.04
07/04/2008	225	-0.277777778	2.38	0.106849315	3.39	0.143835616	4.05
08/04/2008	228.8	-0.31	2.31	0.101780822	3.37	0.150958904	4.1
09/04/2008	221	-0.252777778	2.44	0.106849315	3.39	0.169863014	4.24
10/04/2008	229.9	-0.318888889	2.29	0.07260274	3.27	0.167260274	4.22
11/04/2008	242	-0.368888889	2.18	0.058219178	3.21	0.152054795	4.11
15/04/2008	253	-0.395555556	2.12	0.032876712	3.12	0.145205479	4.06
16/04/2008	248	-0.372222222	2.18	0.04109589	3.15	0.14109589	4.03
17/04/2008	255.05	-0.454444444	1.99	0.023150685	3.08	0.121164384	3.89
21/04/2008	261.4	-0.496666667	1.9	-0.00109589	2.99	0.107808219	3.79
22/04/2008	262.5	-0.536111111	1.81	-0.002739726	2.98	0.103150685	3.75
23/04/2008	264.95	-0.560833333	1.76	-0.015753425	2.89	0.106917808	3.78
24/04/2008	261.05	-0.589166667	1.69	0.005342466	3.02	0.109863014	3.8
25/04/2008	259.85	-0.604722222	1.66	0.006164384	3.02	0.111164384	3.81
28/04/2008	258	-0.6	1.67	0.029041096	3.11	0.126575342	3.93
29/04/2008	260	-0.583333333	1.71	0.007671233	3.03	0.124657534	3.91
30/04/2008	260.1	-0.581388889	1.71	0.008630137	3.03	0.122465753	3.9
02/05/2008	252.1	-0.547777778	1.79	0.036712329	3.13	0.140821918	4.03
05/05/2008	252.25	-0.564444444	1.75	0.083150685	3.3	0.140616438	4.03
06/05/2008	258	-0.572222222	1.73	0.073424658	3.27	0.12739726	3.93
07/05/2008	258.85	-0.578055556	1.72	0.09260274	3.34	0.125	3.91
08/05/2008	275	-0.638888889	1.58	0.060273973	3.22	0.105479452	3.77
09/05/2008	265.05	-0.500833333	1.89	0.061506849	3.23	0.121986301	3.89
12/05/2008	272	-0.6225	1.62	0.031917808	3.12	0.107260274	3.78
13/05/2008	306	-0.821666667	1.18	-0.047671233	2.67	0.063150685	3.46
14/05/2008	276.85	-0.665833333	1.52	0.020684932	3.08	0.105684932	3.77
15/05/2008	285	-0.668333333	1.52	-0.041232877	2.72	0.115616438	3.85
16/05/2008	288	-0.694444444	1.46	-0.049315068	2.66	0.112054795	3.82
20/05/2008	303	-0.778888889	1.27	-0.103561644	2.29	0.062945205	3.46
21/05/2008	330	-0.902777778	1	-0.164383562	1.87	0.017808219	3.13
22/05/2008	325	-0.865555556	1.08	-0.171232877	1.82	0.030136986	3.22
23/05/2008	316.45	-0.841388889	1.14	-0.153835616	1.94	0.035068493	3.26
26/05/2008	304	-0.783333333	1.26	-0.117123288	2.19	0.054794521	3.4
27/05/2008	309	-0.827777778	1.17	-0.116438356	2.2	0.041506849	3.3
28/05/2008	296	-0.727777778	1.39	-0.058630137	2.6	0.053630137	3.39
29/05/2008	298	-0.777777778	1.28	-0.079452055	2.45	0.065342466	3.48
30/05/2008	284.9	-0.727222222	1.39	-0.006712329	2.95	0.088424658	3.65
02/06/2008	283.8	-0.721111111	1.4	-0.004931507	2.97	0.085547945	3.63
03/06/2008	272	-0.664444444	1.53	0.035616438	3.13	0.104178082	3.76
04/06/2008	281.1	-0.723888889	1.4	-0.013972603	2.9	0.092534247	3.68
05/06/2008	259	-0.572222222	1.73	0.053424658	3.2	0.115068493	3.84
06/06/2008	269	-0.594444444	1.68	0.043835616	3.16	0.105616438	3.77
09/06/2008	300	-0.760833333	1.31	-0.042191781	2.71	0.068835616	3.5
10/06/2008	298	-0.738888889	1.36	-0.032876712	2.77	0.078082192	3.57
11/06/2008	292.8	-0.749444444	1.34	-0.033835616	2.77	0.083767123	3.61
12/06/2008	295	-0.767222222	1.3	-0.03630137	2.75	0.076849315	3.56
13/06/2008	292.5	-0.730555556	1.38	-0.009863014	2.93	0.066438356	3.49
16/06/2008	286	-0.716666667	1.41	-0.010684932	2.93	0.07390411	3.54
17/06/2008	282	-0.675	1.5	-0.007945205	2.95	0.084246575	3.62
18/06/2008	278	-0.627777778	1.61	-0.043835616	2.7	0.089726027	3.66
19/06/2008	275.25	-0.613055556	1.64	-0.010410959	2.93	0.088767123	3.65
20/06/2008	282.5	-0.633333333	1.6	-0.005479452	2.96	0.071917808	3.53
23/06/2008	270	-0.55	1.78	0.055068493	3.2	0.098219178	3.72
24/06/2008	270.5	-0.552777778	1.78	0.045342466	3.17	0.086986301	3.64
25/06/2008	259	-0.465	1.97	0.068493151	3.25	0.102739726	3.75
26/06/2008	267	-0.5	1.89	0.032876712	3.12	0.103287671	3.76
27/06/2008	268.8	-0.504444444	1.88	0.010136986	3.04	0.100136986	3.73
30/06/2008	280	-0.511111111	1.87	-0.01369863	2.91	0.075890411	3.56
01/07/2008	278	-0.533333333	1.82	-0.010958904	2.92	0.074109589	3.54
02/07/2008	250	-0.325833333	2.28	0.073972603	3.27	0.123561644	3.9
03/07/2008	265	-0.4	2.11	0.01369863	3.05	0.111643836	3.82
04/07/2008	258.5	-0.369444444	2.18	0.035616438	3.13	0.118493151	3.87
07/07/2008	248	-0.377777778	2.16	0.070273973	3.26	0.130753425	3.96
08/07/2008	231	-0.263888889	2.42	0.104109589	3.38	0.145205479	4.06
09/07/2008	240	-0.315	2.3	0.088219178	3.32	0.136369863	4
10/07/2008	238.5	-0.197222222	2.56	0.091780822	3.34	0.130958904	3.96
11/07/2008	245	-0.231944444	2.49	0.077945205	3.29	0.120684932	3.88
14/07/2008	246.5	-0.267222222	2.41	0.146712329	3.54	0.119863014	3.88
15/07/2008	239	-0.174166667	2.61	0.118493151	3.43	0.131506849	3.96
16/07/2008	232	-0.184722222	2.59	0.132876712	3.49	0.138356164	4.01
17/07/2008	226	-0.122777778	2.73	0.149315068	3.55	0.150684932	4.1
18/07/2008	216.85	-0.079722222	2.82	0.182328767	3.67	0.162534247	4.19
21/07/2008	221	-0.117222222	2.74	0.170958904	3.63	0.157191781	4.15
22/07/2008	216.8	-0.037777778	2.92	0.174794521	3.64	0.166027397	4.22
23/07/2008	222	-0.177777778	2.61	0.165753425	3.61	0.156164384	4.14
24/07/2008	218.5	-0.175	2.61	0.176986301	3.65	0.156780822	4.15
25/07/2008	226	-0.240555556	2.47	0.169589041	3.62	0.146438356	4.07
28/07/2008	221	-0.194444444	2.57	0.210958904	3.77	0.142808219	4.05
29/07/2008	227	-0.248888889	2.45	0.202739726	3.74	0.11239726	3.82
30/07/2008	230	-0.239444444	2.47	0.21369863	3.78	0.105479452	3.77
31/07/2008	236.1	-0.236666667	2.48	0.196438356	3.72	0.10369863	3.76
01/08/2008	238	-0.266666667	2.41	0.176712329	3.65	0.092123288	3.67
04/08/2008	245	-0.336111111	2.26	0.135342466	3.5	0.082876712	3.61
05/08/2008	237.7	-0.289444444	2.36	0.156438356	3.57	0.088082192	3.64
06/08/2008	233	-0.263333333	2.42	0.167123288	3.61	0.102945205	3.75
07/08/2008	239.05	-0.261388889	2.42	0.153835616	3.56	0.093630137	3.69
08/08/2008	243.9	-0.227222222	2.5	0.14	3.51	0.090684932	3.66
11/08/2008	232	-0.155555556	2.66	0.159589041	3.58	0.12739726	3.93
12/08/2008	230	-0.135	2.7	0.165068493	3.6	0.128493151	3.94
13/08/2008	235.9	-0.099444444	2.78	0.14890411	3.54	0.108219178	3.79
14/08/2008	243.25	-0.129166667	2.71	0.128767123	3.47	0.098561644	3.72
18/08/2008	245.15	-0.223055556	2.51	0.123561644	3.45	0.104657534	3.77
19/08/2008	237.1	-0.138333333	2.69	0.145616438	3.53	0.11369863	3.83
20/08/2008	242	-0.211111111	2.53	0.132191781	3.48	0.09869863	3.72
21/08/2008	239.7	-0.226111111	2.5	0.138493151	3.51	0.103150685	3.75
22/08/2008	243	-0.134444444	2.7	0.129452055	3.47	0.1	3.73
25/08/2008	246.35	-0.146388889	2.68	0.120273973	3.44	0.09609589	3.7
26/08/2008	242.35	-0.151944444	2.66	0.131232877	3.48	0.102534247	3.75
27/08/2008	245	-0.111111111	2.75	0.123972603	3.45	0.095821918	3.7
28/08/2008	245.4	-0.127222222	2.72	0.015342466	3.06	0.10630137	3.78
29/08/2008	248	-0.15	2.67	0.017534247	3.06	0.096986301	3.71
01/09/2008	248	-0.222222222	2.51	0.014383562	3.05	0.101986301	3.75
02/09/2008	246.5	-0.2025	2.55	0.046575342	3.17	0.107534247	3.79
04/09/2008	233.9	-0.066111111	2.85	0.076986301	3.28	0.134383562	3.98
05/09/2008	235.95	-0.088611111	2.8	0.076849315	3.28	0.124863014	3.91
08/09/2008	235	0.006388889	3.01	0.068356164	3.25	0.109589041	3.8
09/09/2008	230.7	0.179444444	3.36	0.097808219	3.36	0.11260274	3.82
10/09/2008	228	0.216666667	3.43	0.117808219	3.43	0.112328767	3.82
11/09/2008	224	0.177777778	3.35	0.11739726	3.43	0.118013699	3.86
12/09/2008	221.7	0.198333333	3.39	0.137808219	3.5	0.114246575	3.84
15/09/2008	219	0.238888889	3.48	0.128767123	3.47	0.12630137	3.92
16/09/2008	203	0.221111111	3.44	0.15630137	3.57	0.131369863	3.96
17/09/2008	200	0.277777778	3.55	0.164383562	3.6	0.109589041	3.8
18/09/2008	205.95	0.313888889	3.62	0.136027397	3.5	0.087739726	3.64
19/09/2008	211.95	0.255833333	3.51	0.139589041	3.51	0.095273973	3.7
22/09/2008	224.05	0.09	3.18	0.131506849	3.48	0.065684932	3.48
23/09/2008	220.25	0.081944444	3.16	0.147123288	3.54	0.079109589	3.58
24/09/2008	224.95	0.084166667	3.17	0.12369863	3.45	0.076780822	3.56
25/09/2008	226.5	0.058333333	3.12	0.121780822	3.45	0.070547945	3.52
26/09/2008	222	0.046666667	3.09	0.129041096	3.47	0.083424658	3.61
29/09/2008	217.1	0.086666667	3.17	0.141917808	3.52	0.069726027	3.51
30/09/2008	202	0.127777778	3.25	0.168356164	3.62	0.090410959	3.66
01/10/2008	219.2	0.065	3.13	0.132328767	3.48	0.06890411	3.5
03/10/2008	209.9	0.117222222	3.23	0.185616438	3.68	0.078013699	3.57
06/10/2008	195	0.166666667	3.33	0.21369863	3.78	0.094383562	3.69
07/10/2008	180	0.311111111	3.62	0.282191781	4.03	0.109041096	3.8
08/10/2008	170	0.388888889	3.77	0.301917808	4.1	0.116506849	3.85
10/10/2008	160	0.405	3.81	0.337671233	4.24	0.153424658	4.12
13/10/2008	153.1	0.463333333	3.92	0.347671233	4.27	0.18390411	4.35
14/10/2008	185	0.261111111	3.52	0.275753425	4.01	0.130958904	3.96
15/10/2008	179.5	0.269444444	3.54	0.316575342	4.16	0.126712329	3.93
16/10/2008	164	0.291111111	3.58	0.37260274	4.36	0.154589041	4.13
17/10/2008	160	0.305555556	3.61	0.375342466	4.37	0.165821918	4.21
20/10/2008	155	0.277777778	3.55	0.389726027	4.43	0.184931507	4.35
21/10/2008	165	0.25	3.5	0.370547945	4.36	0.155205479	4.14
22/10/2008	166	0.247222222	3.49	0.384931507	4.41	0.152054795	4.11
23/10/2008	148	0.405555556	3.81	0.447945205	4.64	0.197260274	4.44
24/10/2008	143.9	0.433888889	3.86	0.463013699	4.69	0.20109589	4.47
27/10/2008	115	0.67	4.33	0.532876712	4.95	0.249315068	4.82
28/10/2008	108.55	0.674722222	4.34	0.546712329	5	0.245821918	4.8
29/10/2008	114	0.672222222	4.34	0.523972603	4.92	0.238356164	4.74
31/10/2008	125	0.705555556	4.4	0.506849315	4.85	0.246575342	4.8
03/11/2008	132.95	0.6225	4.24	0.486849315	4.78	0.22130137	4.62
04/11/2008	141	0.541944444	4.08	0.453972603	4.66	0.194520548	4.42
05/11/2008	150	0.513888889	4.02	0.42739726	4.56	0.17260274	4.26
06/11/2008	134.25	0.631944444	4.26	0.460958904	4.69	0.191986301	4.41
07/11/2008	132.5	0.630555556	4.25	0.455890411	4.67	0.214109589	4.57
10/11/2008	151	0.488888889	3.97	0.41369863	4.51	0.17260274	4.26
11/11/2008	156	0.425555556	3.85	0.396438356	4.45	0.168424658	4.23
12/11/2008	141	0.538888889	4.07	0.438493151	4.6	0.180753425	4.32
14/11/2008	141	0.535555556	4.07	0.438356164	4.6	0.173287671	4.27
17/11/2008	140	0.583333333	4.16	0.442876712	4.62	0.173972603	4.27
18/11/2008	133	0.6	4.19	0.463013699	4.69	0.193767123	4.42
19/11/2008	136	0.583333333	4.16	0.46369863	4.7	0.188356164	4.38
20/11/2008	135	0.583333333	4.16	0.484657534	4.77	0.198972603	4.46
21/11/2008	127	0.633333333	4.26	0.514794521	4.88	0.209520548	4.53
24/11/2008	138	0.547222222	4.09	0.495068493	4.81	0.200479452	4.47
25/11/2008	135	0.583888889	4.16	0.454931507	4.66	0.196575342	4.44
26/11/2008	136.5	0.575	4.14	0.440684932	4.61	0.210136986	4.54
28/11/2008	139	0.583333333	4.16	0.405479452	4.48	0.213493151	4.56
01/12/2008	142	0.569444444	4.13	0.401369863	4.47	0.216438356	4.58
02/12/2008	131.5	0.586111111	4.17	0.467123288	4.71	0.225342466	4.65
03/12/2008	136	0.561111111	4.12	0.441780822	4.62	0.207534247	4.52
04/12/2008	133	0.577777778	4.15	0.453013699	4.66	0.219041096	4.6
05/12/2008	135.5	0.563888889	4.12	0.450684932	4.65	0.219863014	4.61
08/12/2008	137.9	0.609444444	4.21	0.413972603	4.51	0.219178082	4.6
10/12/2008	145	0.611111111	4.22	0.395890411	4.45	0.221780822	4.62
11/12/2008	151	0.602777778	4.2	0.376712329	4.38	0.21109589	4.54
12/12/2008	144	0.627777778	4.25	0.374383562	4.37	0.210342466	4.54
15/12/2008	153.25	0.568055556	4.13	0.333561644	4.22	0.196917808	4.44
16/12/2008	160	0.558333333	4.11	0.334109589	4.22	0.194520548	4.42
17/12/2008	174.95	0.505833333	4.01	0.276027397	4.01	0.174726027	4.28
18/12/2008	162	0.516666667	4.03	0.309589041	4.13	0.198630137	4.45
19/12/2008	155	0.572222222	4.14	0.356164384	4.3	0.231506849	4.69
22/12/2008	155.1	0.555	4.1	0.367534247	4.34	0.217123288	4.59
23/12/2008	159	0.561111111	4.12	0.365753425	4.34	0.217808219	4.59
24/12/2008	159.05	0.580555556	4.15	0.380958904	4.39	0.217876712	4.59
25/12/2008	162.75	0.584444444	4.16	0.360821918	4.32	0.195	4.43
26/12/2008	163	0.6	4.19	0.356438356	4.3	0.204109589	4.49
29/12/2008	161.2	0.567222222	4.13	0.36109589	4.32	0.196780822	4.44
30/12/2008	175	0.472222222	3.94	0.328219178	4.2	0.180136986	4.32
31/12/2008	173	0.491666667	3.98	0.326027397	4.19	0.160547945	4.17
01/01/2009	175.5	0.495	3.98	0.314246575	4.15	0.169452055	4.24
02/01/2009	172.5	0.553333333	4.1	0.328767123	4.2	0.164109589	4.2
05/01/2009	175.6	0.507222222	4.01	0.339452055	4.24	0.170410959	4.25
06/01/2009	181.8	0.451944444	3.9	0.334109589	4.22	0.165342466	4.21
07/01/2009	181	0.461111111	3.92	0.339315068	4.24	0.171369863	4.25
08/01/2009	173.25	0.515	4.02	0.370958904	4.36	0.179109589	4.31
09/01/2009	172	0.488888889	3.97	0.378082192	4.38	0.187671233	4.37
12/01/2009	166	0.502222222	4	0.385753425	4.41	0.198767123	4.45
13/01/2009	164	0.551388889	4.1	0.397260274	4.45	0.209726027	4.53
14/01/2009	155	0.611111111	4.22	0.42739726	4.56	0.228561644	4.67
15/01/2009	151	0.622222222	4.24	0.420821918	4.54	0.238356164	4.74
16/01/2009	150	0.630555556	4.25	0.440410959	4.61	0.237945205	4.74
19/01/2009	155	0.588888889	4.17	0.412328767	4.51	0.215068493	4.57
20/01/2009	155.45	0.589166667	4.17	0.423972603	4.55	0.211575342	4.55
21/01/2009	153.5	0.587222222	4.17	0.435616438	4.59	0.199383562	4.46
22/01/2009	150.65	0.624166667	4.24	0.400958904	4.47	0.218150685	4.6
23/01/2009	155	0.595	4.18	0.401369863	4.47	0.198630137	4.45
27/01/2009	154.8	0.632222222	4.26	0.385068493	4.41	0.205753425	4.51
28/01/2009	160	0.571111111	4.14	0.369863014	4.35	0.188630137	4.38
29/01/2009	174.9	0.490833333	3.98	0.326027397	4.19	0.185753425	4.36
30/01/2009	159.95	0.586388889	4.17	0.388082192	4.42	0.215136986	4.57
02/02/2009	158.1	0.691666667	4.38	0.39109589	4.43	0.221780822	4.62
03/02/2009	157	0.71	4.41	0.402739726	4.47	0.219178082	4.6
04/02/2009	164.7	0.710833333	4.41	0.376164384	4.38	0.21	4.54
05/02/2009	163	0.744444444	4.48	0.41	4.5	0.219178082	4.6
06/02/2009	162.8	0.692777778	4.38	0.423835616	4.55	0.222191781	4.63
09/02/2009	167.5	0.645277778	4.28	0.405205479	4.48	0.19869863	4.45
10/02/2009	169.2	0.663333333	4.32	0.393972603	4.44	0.190136986	4.39
11/02/2009	165	0.663333333	4.32	0.41	4.5	0.205479452	4.5
12/02/2009	163	0.594166667	4.18	0.423835616	4.55	0.212328767	4.55
13/02/2009	160	0.611111111	4.22	0.42	4.54	0.234246575	4.71
16/02/2009	165	0.556666667	4.11	0.408356164	4.49	0.224657534	4.64
17/02/2009	158	0.622222222	4.24	0.462739726	4.69	0.249178082	4.82
18/02/2009	154	0.602777778	4.2	0.478082192	4.75	0.252739726	4.85
19/02/2009	154	0.590555556	4.17	0.498356164	4.82	0.249315068	4.82
20/02/2009	152.4	0.604722222	4.2	0.503013699	4.84	0.253972603	4.86
24/02/2009	150.8	0.642777778	4.28	0.48	4.76	0.249383562	4.83
25/02/2009	156	0.658888889	4.31	0.490410959	4.79	0.238493151	4.75
26/02/2009	162	0.594444444	4.18	0.479452055	4.75	0.237671233	4.74
27/02/2009	163.05	0.663333333	4.32	0.495753425	4.81	0.243630137	4.78
02/03/2009	165	0.65	4.29	0.483972603	4.77	0.246575342	4.8
03/03/2009	157.9	0.706111111	4.4	0.513972603	4.88	0.260547945	4.91
04/03/2009	156.9	0.661666667	4.32	0.512876712	4.88	0.264520548	4.94
05/03/2009	161	0.652777778	4.3	0.500273973	4.83	0.247808219	4.81
06/03/2009	157	0.711111111	4.41	0.498630137	4.82	0.262328767	4.92
09/03/2009	160.5	0.689444444	4.37	0.478082192	4.75	0.273287671	5
12/03/2009	165	0.672222222	4.34	0.465753425	4.7	0.247739726	4.81
13/03/2009	164.9	0.641944444	4.28	0.493424658	4.81	0.255753425	4.87
16/03/2009	168.5	0.629166667	4.25	0.524657534	4.92	0.249726027	4.83
17/03/2009	171	0.655	4.3	0.514246575	4.88	0.235958904	4.73
18/03/2009	171	0.617222222	4.23	0.463013699	4.69	0.235479452	4.72
19/03/2009	175.3	0.576666667	4.15	0.465753425	4.7	0.239109589	4.75
20/03/2009	177	0.472222222	3.94	0.454931507	4.66	0.221643836	4.62
23/03/2009	178	0.519166667	4.03	0.452054795	4.65	0.232876712	4.7
24/03/2009	188	0.513888889	4.02	0.435205479	4.59	0.235616438	4.72
25/03/2009	182	0.600555556	4.19	0.464383562	4.7	0.256712329	4.88
26/03/2009	191.35	0.531666667	4.06	0.426438356	4.56	0.252945205	4.85
27/03/2009	193	0.505555556	4.01	0.40109589	4.47	0.263013699	4.92
30/03/2009	192	0.483333333	3.96	0.404931507	4.48	0.254794521	4.86
31/03/2009	180	0.513888889	4.02	0.424657534	4.55	0.26609589	4.95
01/04/2009	183.5	0.508333333	4.01	0.409589041	4.5	0.271917808	4.99
02/04/2009	183.3	0.503888889	4	0.437534247	4.6	0.272191781	4.99
06/04/2009	203	0.411111111	3.82	0.367123288	4.34	0.264383562	4.93
07/04/2009	203.25	0.370833333	3.74	0.366438356	4.34	0.251027397	4.84
08/04/2009	198.4	0.406111111	3.81	0.376986301	4.38	0.258356164	4.89
09/04/2009	207.65	0.366666667	3.73	0.340684932	4.25	0.252191781	4.85
10/04/2009	198.75	0.390277778	3.78	0.357945205	4.31	0.256506849	4.88
13/04/2009	203.9	0.379444444	3.75	0.342739726	4.25	0.249452055	4.83
14/04/2009	202.5	0.386111111	3.77	0.341232877	4.25	0.255479452	4.87
15/04/2009	199.9	0.408611111	3.81	0.356164384	4.3	0.243150685	4.78
16/04/2009	210	0.500277778	4	0.339726027	4.24	0.216438356	4.58
17/04/2009	190	0.5125	4.02	0.416438356	4.52	0.243835616	4.78
20/04/2009	187	0.519444444	4.03	0.424657534	4.55	0.264520548	4.94
21/04/2009	182.7	0.543333333	4.08	0.441232877	4.61	0.259315068	4.9
22/04/2009	186	0.541111111	4.08	0.42739726	4.56	0.251986301	4.84
23/04/2009	182.2	0.562222222	4.12	0.418630137	4.53	0.243561644	4.78
24/04/2009	186.9	0.520555556	4.04	0.396164384	4.45	0.260273973	4.9
27/04/2009	193.5	0.494444444	3.98	0.375342466	4.37	0.232191781	4.7
28/04/2009	190	0.517222222	4.03	0.396712329	4.45	0.256438356	4.88
29/04/2009	184.5	0.574444444	4.14	0.409589041	4.5	0.259657534	4.9
30/04/2009	185.6	0.624444444	4.24	0.403835616	4.48	0.264931507	4.94
01/05/2009	185.6	0.641111111	4.28	0.415890411	4.52	0.257945205	4.89
04/05/2009	192	0.644444444	4.28	0.406849315	4.49	0.243767123	4.78
05/05/2009	203	0.582222222	4.16	0.366986301	4.34	0.186643836	4.37
06/05/2009	204	0.547222222	4.09	0.364520548	4.33	0.20260274	4.48
07/05/2009	205.7	0.492777778	3.98	0.381917808	4.4	0.208630137	4.53
08/05/2009	218	0.426666667	3.85	0.336849315	4.23	0.189863014	4.39
11/05/2009	220	0.411111111	3.82	0.328767123	4.2	0.174520548	4.28
12/05/2009	205	0.501111111	4	0.378082192	4.38	0.205342466	4.5
13/05/2009	212.2	0.46	3.91	0.356712329	4.3	0.191232877	4.4
14/05/2009	204	0.479166667	3.95	0.385616438	4.41	0.203835616	4.49
15/05/2009	199	0.506944444	4.01	0.380821918	4.39	0.187671233	4.37
18/05/2009	218.8	0.396944444	3.79	0.337260274	4.23	0.159178082	4.16
19/05/2009	220	0.390277778	3.78	0.328767123	4.2	0.15890411	4.16
20/05/2009	215	0.418055556	3.83	0.328767123	4.2	0.176712329	4.29
21/05/2009	225	0.3625	3.72	0.314520548	4.15	0.185342466	4.36
22/05/2009	222.5	0.376388889	3.75	0.316027397	4.16	0.186780822	4.37
25/05/2009	221	0.384722222	3.77	0.317808219	4.16	0.188835616	4.38
26/05/2009	208	0.456944444	3.91	0.353424658	4.29	0.204315068	4.5
27/05/2009	210.05	0.445555556	3.89	0.325890411	4.19	0.183493151	4.34
28/05/2009	222	0.379166667	3.75	0.274246575	4	0.166712329	4.22
29/05/2009	220	0.390277778	3.78	0.290136986	4.06	0.173013699	4.27
01/06/2009	236.15	0.0825	3.16	0.248219178	3.91	0.143767123	4.05
02/06/2009	263	-0.047777778	2.89	0.171643836	3.63	0.103082192	3.75
03/06/2009	267	-0.076388889	2.83	0.17260274	3.63	0.108082192	3.79
04/06/2009	256	0.041666667	3.08	0.207671233	3.76	0.115068493	3.84
05/06/2009	257.4	0.025555556	3.05	0.19890411	3.73	0.129589041	3.95
08/06/2009	262	0.011111111	3.02	0.182191781	3.67	0.124520548	3.91
09/06/2009	242.8	0.095277778	3.19	0.245753425	3.9	0.145479452	4.06
10/06/2009	250	0.091111111	3.18	0.221917808	3.81	0.124520548	3.91
11/06/2009	262.45	0.0475	3.09	0.199178082	3.73	0.108150685	3.79
12/06/2009	258	0.049166667	3.1	0.2	3.73	0.120616438	3.88
15/06/2009	240.25	0.176388889	3.35	0.248630137	3.91	0.138082192	4.01
16/06/2009	235	0.172222222	3.34	0.261643836	3.96	0.13739726	4.01
17/06/2009	240.1	0.110833333	3.22	0.240821918	3.88	0.145684932	4.07
18/06/2009	237	0.127777778	3.25	0.223287671	3.82	0.145410959	4.06
19/06/2009	230.4	0.14	3.28	0.231780822	3.85	0.155616438	4.14
22/06/2009	232.7	0.167777778	3.33	0.241232877	3.88	0.152671233	4.12
23/06/2009	225	0.261388889	3.52	0.254794521	3.93	0.136986301	4
24/06/2009	230.9	0.239166667	3.48	0.241369863	3.88	0.131506849	3.96
25/06/2009	231	0.217222222	3.43	0.22739726	3.83	0.111369863	3.82
26/06/2009	225	0.255277778	3.51	0.197945205	3.72	0.116438356	3.85
29/06/2009	236	0.183888889	3.37	0.214657534	3.79	0.110958904	3.81
30/06/2009	240	0.160555556	3.32	0.206438356	3.76	0.103356164	3.76
01/07/2009	232.9	0.169722222	3.34	0.241780822	3.88	0.095890411	3.7
02/07/2009	236.5	0.172222222	3.34	0.242328767	3.89	0.104726027	3.77
03/07/2009	232	0.253611111	3.5	0.26	3.95	0.120684932	3.88
06/07/2009	228	0.25	3.5	0.279452055	4.02	0.123013699	3.9
07/07/2009	216.4	0.37	3.74	0.310410959	4.14	0.143150685	4.05
08/07/2009	215	0.362222222	3.72	0.303150685	4.11	0.153424658	4.12
09/07/2009	205	0.434722222	3.86	0.326027397	4.19	0.161643836	4.18
10/07/2009	210	0.388888889	3.77	0.331506849	4.21	0.150547945	4.1
13/07/2009	210.5	0.4175	3.83	0.330136986	4.21	0.146027397	4.07
14/07/2009	221	0.411388889	3.82	0.321780822	4.18	0.142671233	4.04
15/07/2009	222	0.433333333	3.86	0.295890411	4.08	0.145753425	4.07
16/07/2009	235.6	0.341111111	3.68	0.250958904	3.92	0.136164384	4
17/07/2009	230	0.373611111	3.74	0.273972603	4	0.141438356	4.04
20/07/2009	235	0.3625	3.72	0.281643836	4.03	0.130273973	3.95
21/07/2009	252	0.302777778	3.6	0.217945205	3.8	0.079452055	3.58
22/07/2009	245	0.369444444	3.73	0.231232877	3.85	0.091780822	3.67
23/07/2009	238.55	0.413055556	3.82	0.251506849	3.92	0.107328767	3.79
24/07/2009	242.5	0.372222222	3.74	0.243287671	3.89	0.111164384	3.81
27/07/2009	248	0.333888889	3.66	0.229863014	3.84	0.109452055	3.8
28/07/2009	246	0.329166667	3.65	0.238082192	3.87	0.112191781	3.82
29/07/2009	239	0.394444444	3.78	0.252739726	3.92	0.105547945	3.77
30/07/2009	232.6	0.433611111	3.86	0.276438356	4.01	0.120890411	3.88
31/07/2009	238	0.381666667	3.76	0.269863014	3.99	0.11369863	3.83
03/08/2009	237.4	0.381111111	3.76	0.279863014	4.02	0.123972603	3.91
04/08/2009	245	0.319444444	3.64	0.263561644	3.96	0.117808219	3.86
05/08/2009	241	0.321666667	3.64	0.271232877	3.99	0.122671233	3.9
06/08/2009	241	0.338888889	3.67	0.273972603	4	0.121780822	3.89
07/08/2009	240	0.337222222	3.67	0.256164384	3.94	0.123356164	3.9
10/08/2009	241	0.333611111	3.66	0.253424658	3.93	0.110342466	3.81
11/08/2009	236.5	0.358333333	3.71	0.291643836	4.07	0.12609589	3.92
12/08/2009	240.1	0.341944444	3.68	0.285342466	4.04	0.125753425	3.92
13/08/2009	240	0.344444444	3.69	0.265753425	3.97	0.126027397	3.92
14/08/2009	244	0.340277778	3.68	0.268493151	3.98	0.111643836	3.82
17/08/2009	244.5	0.374444444	3.74	0.278082192	4.02	0.101780822	3.74
18/08/2009	237	0.432777778	3.86	0.285479452	4.04	0.10109589	3.74
19/08/2009	237	0.453888889	3.9	0.291917808	4.07	0.106849315	3.78
20/08/2009	237	0.355833333	3.71	0.276712329	4.01	0.107808219	3.79
21/08/2009	237	0.335277778	3.67	0.279863014	4.02	0.108219178	3.79
24/08/2009	247.6	0.218888889	3.44	0.246849315	3.9	0.093082192	3.68
25/08/2009	255	0.186111111	3.37	0.213287671	3.78	0.082191781	3.6
26/08/2009	259.5	0.236111111	3.47	0.178082192	3.65	0.068972603	3.5
27/08/2009	257	0.223611111	3.44	0.210958904	3.77	0.076438356	3.56
28/08/2009	255.5	0.238055556	3.47	0.204383562	3.75	0.075205479	3.55
31/08/2009	260.5	0.219444444	3.44	0.185205479	3.68	0.073287671	3.54
01/09/2009	266	0.127777778	3.25	0.183561644	3.67	0.069863014	3.51
02/09/2009	255	0.191666667	3.38	0.189041096	3.69	0.085616438	3.63
03/09/2009	258	0.169444444	3.34	0.183561644	3.67	0.080136986	3.59
04/09/2009	255	0.1425	3.28	0.180821918	3.66	0.084520548	3.62
07/09/2009	260	0.083333333	3.17	0.147945205	3.54	0.089589041	3.66
08/09/2009	263.55	0.102222222	3.2	0.165616438	3.61	0.085547945	3.63
09/09/2009	267.95	0.043055556	3.09	0.162465753	3.59	0.081027397	3.59
10/09/2009	271	0.022222222	3.04	0.158356164	3.58	0.071232877	3.52
11/09/2009	263.3	0.120555556	3.24	0.16630137	3.61	0.082876712	3.61
14/09/2009	260	0.1625	3.32	0.167123288	3.61	0.079452055	3.58
15/09/2009	261.5	0.172222222	3.34	0.160547945	3.59	0.079315068	3.58
16/09/2009	264.6	0.186111111	3.37	0.147671233	3.54	0.095068493	3.7
17/09/2009	272.1	0.124166667	3.25	0.138356164	3.51	0.081027397	3.59
18/09/2009	266.9	0.145555556	3.29	0.18	3.66	0.100136986	3.73
21/09/2009	263.15	0.165833333	3.33	0.183013699	3.67	0.090616438	3.66
22/09/2009	264	0.171111111	3.34	0.18630137	3.68	0.101369863	3.74
23/09/2009	265.95	0.144722222	3.29	0.175479452	3.64	0.091575342	3.67
24/09/2009	260	0.167777778	3.33	0.216438356	3.79	0.097945205	3.72
25/09/2009	256.4	0.200555556	3.4	0.242739726	3.89	0.081849315	3.6
28/09/2009	263.25	0.201388889	3.4	0.243150685	3.89	0.077808219	3.57
29/09/2009	265	0.215277778	3.43	0.24109589	3.88	0.082876712	3.61
30/09/2009	263	0.2325	3.46	0.263013699	3.96	0.091780822	3.67
01/10/2009	263.5	0.250833333	3.5	0.239726027	3.88	0.091369863	3.67
02/10/2009	261	0.272222222	3.54	0.226027397	3.83	0.098630137	3.72
05/10/2009	261.5	0.251666667	3.5	0.215342466	3.79	0.102054795	3.75
06/10/2009	259.2	0.276666667	3.55	0.215342466	3.79	0.103150685	3.75
07/10/2009	263	0.266666667	3.53	0.219178082	3.8	0.099794521	3.73
08/10/2009	262.1	0.236111111	3.47	0.216849315	3.79	0.09609589	3.7
09/10/2009	268.6	0.234166667	3.47	0.198356164	3.73	0.090958904	3.67
12/10/2009	262.8	0.237222222	3.47	0.24	3.88	0.111027397	3.81
13/10/2009	263.25	0.260833333	3.52	0.240410959	3.88	0.111780822	3.82
14/10/2009	265.5	0.261111111	3.52	0.230136986	3.84	0.110273973	3.81
15/10/2009	282.6	0.08	3.16	0.198082192	3.72	0.079726027	3.58
16/10/2009	284.8	0.092777778	3.18	0.192054795	3.7	0.070410959	3.52
19/10/2009	292.65	0.015	3.03	0.159863014	3.58	0.067465753	3.49
20/10/2009	297	-0.011111111	2.98	0.145479452	3.53	0.059041096	3.43
21/10/2009	287.5	0.035555556	3.07	0.176712329	3.65	0.076027397	3.56
22/10/2009	283.65	0.099722222	3.2	0.193013699	3.71	0.076643836	3.56
23/10/2009	288.6	0.068055556	3.14	0.169041096	3.62	0.058082192	3.43
26/10/2009	284.4	0.108888889	3.22	0.185479452	3.68	0.069383562	3.51
27/10/2009	269.95	0.178055556	3.35	0.230273973	3.84	0.090479452	3.66
28/10/2009	270	0.236944444	3.47	0.272328767	4	0.096438356	3.71
29/10/2009	265.2	0.290555556	3.58	0.286575342	4.05	0.103835616	3.76
30/10/2009	270	0.252222222	3.5	0.21630137	3.79	0.101506849	3.74
02/11/2009	262.5	0.280555556	3.56	0.220547945	3.81	0.117123288	3.86
03/11/2009	260.3	0.301944444	3.6	0.237534247	3.87	0.133835616	3.98
04/11/2009	261.25	0.313611111	3.62	0.221369863	3.81	0.139383562	4.02
05/11/2009	266.5	0.26	3.52	0.212328767	3.78	0.114452055	3.84
06/11/2009	274.6	0.219166667	3.44	0.177260274	3.65	0.097808219	3.72
09/11/2009	269	0.321666667	3.64	0.181232877	3.66	0.103493151	3.76
10/11/2009	282.45	0.255833333	3.51	0.173287671	3.63	0.095547945	3.7
11/11/2009	282	0.299444444	3.6	0.184794521	3.68	0.061643836	3.45
12/11/2009	285	0.283333333	3.56	0.167808219	3.61	0.068630137	3.5
13/11/2009	276	0.277777778	3.55	0.19739726	3.72	0.080547945	3.59
16/11/2009	278.5	0.313888889	3.62	0.192191781	3.7	0.071780822	3.53
17/11/2009	285	0.288888889	3.57	0.15890411	3.58	0.062123288	3.45
18/11/2009	284.6	0.33	3.66	0.168493151	3.62	0.060821918	3.45
19/11/2009	286	0.309166667	3.61	0.176027397	3.64	0.061712329	3.45
20/11/2009	280.45	0.361388889	3.72	0.204246575	3.75	0.062260274	3.46
23/11/2009	281.75	0.346388889	3.69	0.197808219	3.72	0.063630137	3.47
24/11/2009	288.9	0.303888889	3.6	0.170410959	3.62	0.054246575	3.4
25/11/2009	282.1	0.316111111	3.63	0.161369863	3.59	0.069589041	3.51
26/11/2009	279.1	0.310555556	3.62	0.166712329	3.61	0.073835616	3.54
27/11/2009	262	0.405555556	3.81	0.223287671	3.82	0.092534247	3.68
30/11/2009	271.45	0.408611111	3.81	0.19739726	3.72	0.080205479	3.59
01/12/2009	280.5	0.441666667	3.88	0.163150685	3.6	0.066164384	3.48
02/12/2009	290.1	0.381111111	3.76	0.123013699	3.45	0.05609589	3.41
03/12/2009	287.05	0.294166667	3.59	0.149726027	3.55	0.068835616	3.5
04/12/2009	284	0.340555556	3.68	0.136986301	3.5	0.080821918	3.59
07/12/2009	279	0.355833333	3.71	0.150684932	3.55	0.080547945	3.59
08/12/2009	272.5	0.391666667	3.78	0.191506849	3.7	0.084315068	3.62
09/12/2009	275	0.399166667	3.79	0.183287671	3.67	0.089041096	3.65
10/12/2009	274	0.430555556	3.86	0.168219178	3.62	0.087465753	3.64
11/12/2009	277	0.388888889	3.77	0.150958904	3.55	0.086232877	3.63
14/12/2009	270	0.385555556	3.77	0.192328767	3.7	0.088630137	3.65
15/12/2009	271.5	0.379444444	3.75	0.205479452	3.75	0.086986301	3.64
16/12/2009	273.65	0.340833333	3.68	0.195479452	3.72	0.085410959	3.63
17/12/2009	269	0.355555556	3.71	0.203972603	3.75	0.09260274	3.68
18/12/2009	272.2	0.393333333	3.78	0.177534247	3.65	0.090136986	3.66
21/12/2009	272	0.361111111	3.72	0.185068493	3.68	0.08739726	3.64
22/12/2009	273.45	0.353055556	3.7	0.166164384	3.61	0.078835616	3.58
23/12/2009	300.05	0.199722222	3.4	0.090547945	3.33	0.041027397	3.3
24/12/2009	282.25	0.276388889	3.55	0.141780822	3.52	0.068082192	3.5
25/12/2009	280.5	0.271666667	3.54	0.149315068	3.55	0.065068493	3.48
28/12/2009	280.5	0.269444444	3.54	0.143835616	3.53	0.070068493	3.51
29/12/2009	283.4	0.2425	3.48	0.144109589	3.53	0.066369863	3.49
30/12/2009	283.4	0.258333333	3.51	0.142739726	3.52	0.065547945	3.48
31/12/2009	280.6	0.296666667	3.59	0.15109589	3.55	0.069383562	3.51
01/01/2010	282.5	0.330555556	3.66	0.152054795	3.56	0.067534247	3.49
04/01/2010	283.1	0.327222222	3.65	0.144931507	3.53	0.073150685	3.54
05/01/2010	287.9	0.310277778	3.62	0.123424658	3.45	0.062876712	3.46
06/01/2010	298	0.244444444	3.49	0.095616438	3.35	0.052465753	3.38
07/01/2010	301	0.188888889	3.38	0.066438356	3.24	0.042465753	3.31
08/01/2010	308	0.130555556	3.26	0.002876712	3.01	0.028356164	3.21
11/01/2010	307.8	0.126111111	3.25	-0.002191781	2.98	0.026986301	3.2
12/01/2010	302.5	0.179444444	3.36	0.025479452	3.09	0.037671233	3.28
13/01/2010	294.4	0.22	3.44	0.029726027	3.11	0.045890411	3.34
14/01/2010	294.8	0.212222222	3.42	0.029315068	3.11	0.045410959	3.33
15/01/2010	294	0.241111111	3.48	0.021917808	3.08	0.049315068	3.36
18/01/2010	295.2	0.251666667	3.5	0.035479452	3.13	0.047671233	3.35
19/01/2010	295	0.233055556	3.46	0.033972603	3.12	0.047945205	3.35
20/01/2010	290.25	0.26	3.52	0.054383562	3.2	0.058424658	3.43
21/01/2010	290.25	0.304722222	3.61	0.095205479	3.35	0.059931507	3.44
22/01/2010	290.25	0.281666667	3.56	0.091917808	3.34	0.059246575	3.43
25/01/2010	290.25	0.276388889	3.55	0.067534247	3.25	0.058561644	3.43
26/01/2010	290.25	0.293055556	3.58	0.068356164	3.25	0.059931507	3.44
27/01/2010	290.25	0.289722222	3.58	0.085753425	3.31	0.050684932	3.37
28/01/2010	290.25	0.302777778	3.6	0.081780822	3.3	0.040410959	3.3
29/01/2010	290.25	0.265277778	3.53	0.065205479	3.24	0.041438356	3.3
01/02/2010	290.25	0.286944444	3.57	0.067808219	3.25	0.044657534	3.33
02/02/2010	290.25	0.276388889	3.55	0.070547945	3.26	0.04760274	3.35
03/02/2010	290.25	0.248611111	3.49	0.071917808	3.26	0.047945205	3.35
04/02/2010	290.25	0.275277778	3.55	0.073835616	3.27	0.05260274	3.38
05/02/2010	251	0.4825	3.96	0.175205479	3.64	0.103835616	3.76
08/02/2010	254.4	0.458888889	3.91	0.187945205	3.69	0.088493151	3.65
09/02/2010	253.25	0.465277778	3.93	0.179589041	3.66	0.081849315	3.6
10/02/2010	263.5	0.363888889	3.72	0.161506849	3.59	0.069246575	3.51
11/02/2010	262	0.333888889	3.66	0.17260274	3.63	0.073561644	3.54
15/02/2010	264	0.343888889	3.68	0.18630137	3.68	0.078767123	3.58
16/02/2010	259.95	0.371111111	3.74	0.183972603	3.67	0.079931507	3.58
17/02/2010	266.4	0.329166667	3.65	0.133150685	3.49	0.073561644	3.54
18/02/2010	271	0.327777778	3.65	0.114794521	3.42	0.064520548	3.47
19/02/2010	266.85	0.360833333	3.72	0.118219178	3.43	0.075547945	3.55
22/02/2010	272	0.322222222	3.64	0.104520548	3.38	0.069315068	3.51
23/02/2010	266	0.347222222	3.69	0.107123288	3.39	0.085616438	3.63
24/02/2010	260.05	0.4025	3.8	0.140136986	3.51	0.110890411	3.81
25/02/2010	260	0.394444444	3.78	0.106575342	3.39	0.114657534	3.84
26/02/2010	255.6	0.441944444	3.88	0.066849315	3.24	0.122260274	3.89
02/03/2010	262.9	0.378333333	3.75	0.019452055	3.07	0.11260274	3.82
03/03/2010	272.05	0.3275	3.65	0.025890411	3.09	0.095273973	3.7
04/03/2010	273.95	0.314166667	3.62	-0.005342466	2.96	0.090273973	3.66
05/03/2010	270.1	0.321666667	3.64	0.021643836	3.08	0.088424658	3.65
08/03/2010	270.95	0.264166667	3.53	0.027534247	3.1	0.096712329	3.71
09/03/2010	269.1	0.255	3.51	0.024383562	3.09	0.089041096	3.65
10/03/2010	268.9	0.288055556	3.57	0.038356164	3.14	0.09739726	3.71
11/03/2010	263.45	0.303055556	3.6	0.012465753	3.05	0.104863014	3.77
12/03/2010	267.5	0.286111111	3.57	0.001369863	3.01	0.111643836	3.82
15/03/2010	277.65	0.201944444	3.4	-0.022328767	2.85	0.077191781	3.56
16/03/2010	273	0.134722222	3.27	-0.016849315	2.88	0.076849315	3.56
17/03/2010	283	0.174166667	3.35	-0.052328767	2.64	0.060273973	3.44
18/03/2010	280.2	0.195277778	3.39	-0.056438356	2.61	0.059863014	3.44
19/03/2010	283.25	0.210555556	3.42	-0.077260274	2.47	0.063356164	3.46
22/03/2010	280	0.249722222	3.5	-0.021917808	2.85	0.065616438	3.48
23/03/2010	285.65	0.229166667	3.46	0.004657534	3.02	0.051506849	3.38
25/03/2010	295.05	0.194166667	3.39	-0.039589041	2.73	0.043630137	3.32
26/03/2010	300	0.165	3.33	-0.076712329	2.47	0.038356164	3.28
29/03/2010	297	0.159166667	3.32	-0.055205479	2.62	0.033630137	3.25
30/03/2010	297.25	0.148611111	3.3	-0.044383562	2.69	0.033287671	3.24
31/03/2010	300.25	0.170833333	3.34	-0.028082192	2.81	0.03369863	3.25
01/04/2010	306.5	0.136111111	3.27	-0.077260274	2.47	0.018493151	3.14
05/04/2010	311.5	0.149722222	3.3	-0.094520548	2.35	0.005547945	3.04
06/04/2010	312.9	0.095	3.19	-0.057260274	2.61	0.004657534	3.03
07/04/2010	309.5	0.098333333	3.2	-0.051506849	2.65	0.013287671	3.1
08/04/2010	308.1	0.121666667	3.24	-0.030410959	2.79	0.008767123	3.06
09/04/2010	305.25	0.180833333	3.36	-0.047260274	2.67	0.009383562	3.07
12/04/2010	310	0.119722222	3.24	-0.060273973	2.59	-0.002465753	2.95
13/04/2010	310.65	0.104166667	3.21	-0.015479452	2.89	0.002808219	3.02
15/04/2010	306.7	0.131388889	3.26	-0.033424658	2.77	0.008287671	3.06
16/04/2010	306	0.140555556	3.28	-0.063013699	2.57	-0.000342466	2.99
19/04/2010	302.5	0.163333333	3.32	-0.07260274	2.5	0.006643836	3.05
20/04/2010	298.9	0.188888889	3.38	-0.067123288	2.54	0.012534247	3.09
21/04/2010	302	0.1625	3.32	-0.036164384	2.75	0.008356164	3.06
22/04/2010	300.7	0.182222222	3.36	-0.064931507	2.55	0.01	3.07
23/04/2010	301.05	0.196944444	3.39	-0.060547945	2.58	0.005821918	3.04
26/04/2010	301	0.214166667	3.43	-0.076849315	2.47	-0.008219178	2.83
27/04/2010	301.65	0.219722222	3.44	-0.093561644	2.36	-0.010342466	2.79
28/04/2010	302	0.211111111	3.42	-0.095890411	2.34	-0.019178082	2.61
29/04/2010	305.25	0.198611111	3.4	-0.084383562	2.42	-0.012739726	2.74
30/04/2010	311.9	0.12	3.24	-0.105205479	2.28	-0.020068493	2.6
03/05/2010	314.9	0.103333333	3.21	-0.094931507	2.35	-0.021027397	2.58
04/05/2010	318.7	0.134722222	3.27	-0.106164384	2.27	-0.014657534	2.71
05/05/2010	301.05	0.24	3.48	-0.045753425	2.69	0.010890411	3.08
06/05/2010	297.35	0.220277778	3.44	-0.051643836	2.64	-0.000479452	2.99
07/05/2010	287	0.305555556	3.61	0.007945205	3.03	0.015479452	3.11
10/05/2010	288.5	0.319444444	3.64	0.01739726	3.06	0.011712329	3.09
11/05/2010	302	0.217777778	3.43	-0.005479452	2.96	-0.015890411	2.68
12/05/2010	297.25	0.257222222	3.51	-0.003424658	2.98	0.001027397	3.01
13/05/2010	298.35	0.220277778	3.44	-0.029726027	2.8	-0.015547945	2.69
14/05/2010	300	0.2175	3.43	-0.019452055	2.87	-0.024657534	2.5
17/05/2010	289	0.270555556	3.54	0.019178082	3.07	-0.014178082	2.72
18/05/2010	289.5	0.240833333	3.48	0.023013699	3.08	-0.012328767	2.75
19/05/2010	288.5	0.2	3.4	0.050410959	3.18	-0.014383562	2.71
20/05/2010	280.65	0.296388889	3.59	0.066986301	3.25	-0.004315068	2.91
21/05/2010	275	0.306111111	3.61	0.061780822	3.23	0.005479452	3.04
24/05/2010	281.95	0.256388889	3.51	0.041232877	3.15	-0.013013699	2.74
25/05/2010	275.7	0.318333333	3.63	0.072054795	3.26	-0.001780822	2.96
26/05/2010	275	0.272222222	3.54	0.075342466	3.28	0.015068493	3.11
27/05/2010	285	0.222222222	3.44	0.060273973	3.22	0.010273973	3.08
28/05/2010	289.25	0.176388889	3.35	0.095205479	3.35	-0.000410959	2.99
31/05/2010	292.5	0.119444444	3.24	0.057808219	3.21	-0.007534247	2.85
01/06/2010	298.1	0.143888889	3.29	0.054520548	3.2	-0.013424658	2.73
02/06/2010	294.45	0.182222222	3.36	0.064794521	3.24	-0.00609589	2.88
03/06/2010	293.1	0.198333333	3.39	0.032876712	3.12	0.001232877	3.01
04/06/2010	293	0.172222222	3.34	0.052054795	3.19	0.001506849	3.01
07/06/2010	294.8	0.145555556	3.29	0.027534247	3.1	-0.005205479	2.9
08/06/2010	292	0.156111111	3.31	0.039726027	3.15	0	3
09/06/2010	290.2	0.157222222	3.31	0	3	-0.001780822	2.96
10/06/2010	292.5	0.167222222	3.33	0.018356164	3.07	-0.003424658	2.93
11/06/2010	299.5	0.183888889	3.37	-0.019726027	2.86	-0.014315068	2.71
14/06/2010	303.75	0.145555556	3.29	-0.010273973	2.93	-0.014178082	2.72
15/06/2010	304.85	0.150833333	3.3	-0.006438356	2.96	-0.011164384	2.78
16/06/2010	308.65	0.118611111	3.24	-0.006986301	2.95	-0.021438356	2.57
17/06/2010	310	0.161111111	3.32	-0.016438356	2.89	-0.029109589	2.42
18/06/2010	306.8	0.212222222	3.42	0.006027397	3.02	-0.021575342	2.57
21/06/2010	309	0.238888889	3.48	0.005753425	3.02	-0.008219178	2.83
22/06/2010	311	0.233333333	3.46	0.016712329	3.06	-0.011849315	2.76
23/06/2010	304.6	0.302222222	3.6	0.047260274	3.17	0.006027397	3.04
24/06/2010	310.75	0.223611111	3.44	0.039041096	3.14	0.001712329	3.01
25/06/2010	305.5	0.211111111	3.42	0.049863014	3.18	0.006712329	3.05
28/06/2010	310.2	0.166111111	3.33	0.004931507	3.02	-0.001780822	2.96
29/06/2010	312.5	0.140555556	3.28	-0.007123288	2.95	-0.00890411	2.82
30/06/2010	297	0.255555556	3.51	0.005616438	3.02	0.012671233	3.09
01/07/2010	301.5	0.220833333	3.44	0.023013699	3.08	0.007534247	3.06
02/07/2010	295.35	0.253611111	3.5	0.012739726	3.05	0.014794521	3.11
05/07/2010	295	0.307777778	3.61	0.02739726	3.1	0.012328767	3.09
06/07/2010	293.9	0.317222222	3.63	0.010410959	3.04	0.013835616	3.1
07/07/2010	301.6	0.266111111	3.53	0.024383562	3.09	-0.007328767	2.85
08/07/2010	300.85	0.300277778	3.6	0.044246575	3.16	-0.005273973	2.89
09/07/2010	304	0.282777778	3.56	0.043835616	3.16	-0.010821918	2.78
12/07/2010	302	0.272222222	3.54	0.04109589	3.15	0	3
13/07/2010	312.65	0.208055556	3.41	0.014657534	3.05	-0.013219178	2.73
14/07/2010	317.5	0.191666667	3.38	0.015068493	3.06	-0.02	2.6
15/07/2010	315.4	0.215	3.43	0.02630137	3.1	-0.024931507	2.5
16/07/2010	313	0.207222222	3.41	-0.001232877	2.99	-0.034246575	2.31
19/07/2010	314.65	0.208055556	3.41	-0.018219178	2.87	-0.048835616	2.02
20/07/2010	317.7	0.201666667	3.4	-0.00739726	2.95	-0.047534247	2.05
21/07/2010	313.3	0.311666667	3.62	0.012876712	3.05	-0.035410959	2.29
22/07/2010	314.05	0.309722222	3.62	0.046438356	3.17	-0.030273973	2.39
23/07/2010	326.9	0.1225	3.24	0.005753425	3.02	-0.057328767	1.85
26/07/2010	328.5	0.080555556	3.16	0.031232877	3.11	-0.056849315	1.86
27/07/2010	335.9	0.061666667	3.12	0.007123288	3.03	-0.070547945	1.58
28/07/2010	336	0.033611111	3.07	0	3	-0.069863014	1.6
29/07/2010	326	0.1	3.2	0.032328767	3.12	-0.052054795	1.95
30/07/2010	335	0.023888889	3.05	-0.005890411	2.96	-0.068356164	1.63
02/08/2010	337	-0.010277778	2.98	-0.01890411	2.87	-0.070273973	1.59
03/08/2010	344	0.009444444	3.02	-0.023287671	2.84	-0.075136986	1.49
04/08/2010	341.65	0.043333333	3.09	-0.002054795	2.99	-0.071575342	1.56
05/08/2010	345.5	0.004166667	3.01	-0.001369863	2.99	-0.077876712	1.44
06/08/2010	344.1	0.021944444	3.04	0.010958904	3.04	-0.076917808	1.46
09/08/2010	343.6	0.028055556	3.06	0.017534247	3.06	-0.070547945	1.58
10/08/2010	339	0.022222222	3.04	0.007945205	3.03	-0.063767123	1.72
11/08/2010	335	0.061666667	3.12	0.036986301	3.14	-0.05890411	1.82
12/08/2010	335	0.084722222	3.17	0.068493151	3.25	-0.058972603	1.82
13/08/2010	345	0.055555556	3.11	0.002328767	3.01	-0.07260274	1.54
16/08/2010	360	-0.033611111	2.93	-0.023013699	2.84	-0.099589041	1
17/08/2010	358.7	-0.042222222	2.91	-0.021643836	2.85	-0.09109589	1.17
18/08/2010	340	0.005555556	3.01	0.00890411	3.03	-0.072123288	1.55
19/08/2010	345.3	-0.029722222	2.93	-0.006575342	2.95	-0.09390411	1.11
20/08/2010	343.05	0.0025	3	0.018630137	3.07	-0.091849315	1.16
23/08/2010	343	0.002777778	3.01	-0.011506849	2.92	-0.063013699	1.73
24/08/2010	346.85	-0.037777778	2.92	0.003150685	3.01	-0.078972603	1.41
25/08/2010	351.5	-0.091666667	2.8	0.023287671	3.09	-0.081369863	1.37
26/08/2010	347	-0.029444444	2.93	0.061369863	3.22	-0.075342466	1.49
27/08/2010	339.4	-0.03	2.93	0.100273973	3.37	-0.062191781	1.75
30/08/2010	339.8	-0.032222222	2.93	0.123835616	3.45	-0.060136986	1.79
31/08/2010	335	0.041111111	3.08	0.117808219	3.43	-0.059041096	1.81
01/09/2010	333	0.049444444	3.1	0.113013699	3.41	-0.051917808	1.96
02/09/2010	343	-0.042222222	2.91	0.106849315	3.39	-0.072191781	1.55
03/09/2010	337	-0.027222222	2.94	0.123287671	3.45	-0.064452055	1.71
06/09/2010	337	0.017777778	3.04	0.161643836	3.59	-0.05890411	1.82
07/09/2010	336	0.058333333	3.12	0.138356164	3.51	-0.061643836	1.76
08/09/2010	332	0.072222222	3.14	0.150684932	3.55	-0.04109589	2.17
09/09/2010	329.4	0.078055556	3.16	0.170821918	3.62	-0.039794521	2.2
13/09/2010	329	0.044444444	3.09	0.156164384	3.57	-0.045616438	2.08
14/09/2010	327.05	0.069444444	3.14	0.161506849	3.59	-0.028013699	2.44
15/09/2010	329.9	0.023333333	3.05	0.161917808	3.59	-0.03	2.4
16/09/2010	334	-0.005	2.99	0.11890411	3.43	-0.035136986	2.29
17/09/2010	342	-0.044444444	2.9	0.071232877	3.26	-0.05739726	1.85
20/09/2010	342	-0.038888889	2.91	0.071232877	3.26	-0.047534247	2.05
21/09/2010	343.75	-0.059722222	2.87	0.099589041	3.36	-0.051712329	1.96
22/09/2010	342	-0.033333333	2.93	0.082191781	3.3	-0.051506849	1.97
23/09/2010	335	0.002777778	3.01	0.095753425	3.35	-0.05	2
24/09/2010	331.5	0.023611111	3.05	0.078082192	3.29	-0.056849315	1.86
27/09/2010	330.5	0.041666667	3.08	0.127123288	3.47	-0.034931507	2.3
28/09/2010	334.8	0.006666667	3.01	0.077260274	3.28	-0.055890411	1.88
29/09/2010	334	-0.005833333	2.99	0.118356164	3.43	-0.049452055	2.01
30/09/2010	333	-0.000555556	3	0.112465753	3.41	-0.059863014	1.8
01/10/2010	337.4	-0.0675	2.85	0.113972603	3.42	-0.060821918	1.78
04/10/2010	340.5	-0.174722222	2.61	0.091506849	3.33	-0.069178082	1.61
05/10/2010	336.95	-0.166388889	2.63	0.090410959	3.33	-0.058424658	1.83
06/10/2010	337.05	-0.140277778	2.69	0.006027397	3.02		
07/10/2010	345.1	-0.221388889	2.51	0.018630137	3.07		
08/10/2010	340.95	-0.196944444	2.56	0.046712329	3.17		
11/10/2010	340	-0.211111111	2.53	0.045479452	3.17		
12/10/2010	343	-0.193611111	2.57	0.012054795	3.04		
13/10/2010	342.4	-0.194444444	2.57	0.034246575	3.13		
14/10/2010	344.75	-0.1925	2.57	0.019315068	3.07		
15/10/2010	338	-0.072222222	2.84	0.040547945	3.15		
18/10/2010	341.9	-0.100555556	2.78	-0.016164384	2.89		
19/10/2010	340	-0.139444444	2.69	-0.01369863	2.91		
20/10/2010	335	-0.11	2.76	0.002739726	3.01		
21/10/2010	339.8	-0.101388889	2.78	0.011506849	3.04		
22/10/2010	337.85	-0.098611111	2.78	0.061506849	3.23		
25/10/2010	337	-0.1275	2.72	0.059863014	3.22		
26/10/2010	337	-0.122222222	2.73	0.059863014	3.22		
27/10/2010	329	-0.072222222	2.84	0.077123288	3.28		
28/10/2010	322.1	-0.031111111	2.93	0.06	3.22		
29/10/2010	325.9	-0.048333333	2.89	0.048767123	3.18		
01/11/2010	326.75	-0.065555556	2.85	0.053561644	3.2		
02/11/2010	325.65	-0.014722222	2.97	0.042328767	3.15		
03/11/2010	330	-0.062222222	2.86	0.02260274	3.08		
04/11/2010	331.8	-0.051944444	2.88	0.038630137	3.14		
05/11/2010	330	-0.027777778	2.94	0.02739726	3.1		
08/11/2010	328.5	0.019444444	3.04	0.064383562	3.24		
09/11/2010	332.5	-0.03	2.93	0.055890411	3.2		
10/11/2010	331	-0.088888889	2.8	0.049315068	3.18		
11/11/2010	335.15	-0.123611111	2.73	0.015753425	3.06		
12/11/2010	331	-0.116666667	2.74	0.028493151	3.1		
15/11/2010	331	-0.115833333	2.74	0.041232877	3.15		
16/11/2010	330.5	-0.141111111	2.69	0.02890411	3.11		
18/11/2010	328	-0.093333333	2.79	0.02	3.07		
19/11/2010	318.5	-0.108888889	2.76	0.076575342	3.28		
22/11/2010	315	-0.194444444	2.57	0.077123288	3.28		
23/11/2010	320.75	-0.281944444	2.38	0.06369863	3.23		
24/11/2010	318	-0.202777778	2.55	0.071643836	3.26		
25/11/2010	319	-0.261111111	2.42	0.016438356	3.06		
26/11/2010	314	-0.2	2.56	0.035342466	3.13		
29/11/2010	297.25	-0.090277778	2.8	0.041232877	3.15		
30/11/2010	314.35	-0.201944444	2.55	-0.011917808	2.92		
01/12/2010	315.35	-0.180277778	2.6	0.004520548	3.02		
02/12/2010	321.15	-0.295277778	2.35	-0.015616438	2.89		
03/12/2010	324.95	-0.316388889	2.3	-0.060410959	2.58		
06/12/2010	326.9	-0.318888889	2.29	-0.038219178	2.74		
07/12/2010	330	-0.350833333	2.22	-0.027123288	2.81		
08/12/2010	329.7	-0.365555556	2.19	-0.03260274	2.78		
09/12/2010	325.65	-0.366944444	2.19	-0.013013699	2.91		
10/12/2010	324	-0.383055556	2.15	0.008219178	3.03		
13/12/2010	331	-0.327777778	2.27	-0.021917808	2.85		
14/12/2010	331	-0.2425	2.46	-0.030410959	2.79		
15/12/2010	338.45	-0.321388889	2.29	-0.058493151	2.6		
16/12/2010	330	-0.322222222	2.29	-0.013287671	2.91		
20/12/2010	327.2	-0.279722222	2.38	0.003287671	3.01		
21/12/2010	330	-0.271944444	2.4	0.01369863	3.05		
22/12/2010	337.8	-0.265555556	2.41	-0.012465753	2.91		
23/12/2010	331.55	-0.295833333	2.34	-0.003972603	2.97		
24/12/2010	329.4	-0.291111111	2.36	-0.053150685	2.63		
27/12/2010	330.35	-0.213055556	2.53	-0.050273973	2.65		
28/12/2010	331.3	-0.225555556	2.5	-0.039452055	2.73		
29/12/2010	331.9	-0.193888889	2.57	-0.02260274	2.84		
30/12/2010	332.9	-0.249444444	2.45	-0.01369863	2.91		
31/12/2010	331.25	-0.240277778	2.47	-0.009178082	2.94		
03/01/2011	333.5	-0.158333333	2.65	-0.047808219	2.67		
04/01/2011	336.5	-0.233333333	2.48	-0.042876712	2.7		
05/01/2011	339.55	-0.314166667	2.3	-0.050821918	2.65		
06/01/2011	341.2	-0.362222222	2.2	-0.036438356	2.75		
07/01/2011	340	-0.364444444	2.19	-0.024657534	2.83		
10/01/2011	341	-0.29	2.36	-0.028630137	2.8		
11/01/2011	333.5	-0.313888889	2.3	-0.009863014	2.93		
12/01/2011	333.5	-0.303055556	2.33	-0.009452055	2.93		
13/01/2011	342.95	-0.388888889	2.14	-0.058630137	2.6		
14/01/2011	344.25	-0.426388889	2.06	-0.043013699	2.7		
17/01/2011	337	-0.388888889	2.14	-0.013972603	2.9		
18/01/2011	342	-0.375277778	2.17	-0.02739726	2.81		
19/01/2011	346	-0.402777778	2.11	-0.056164384	2.61		
20/01/2011	341.2	-0.338611111	2.25	-0.061369863	2.58		
21/01/2011	343.55	-0.353333333	2.22	-0.089726027	2.38		
24/01/2011	338	-0.298055556	2.34	-0.063013699	2.57		
25/01/2011	339.15	-0.336944444	2.25	-0.064246575	2.56		
27/01/2011	337.7	-0.265555556	2.41	-0.059452055	2.59		
28/01/2011	332.85	-0.211111111	2.53	-0.04739726	2.67		
31/01/2011	324.5	-0.136111111	2.7	-0.026027397	2.82		
01/02/2011	334	-0.211111111	2.53	-0.066164384	2.54		
02/02/2011	330.1	-0.236666667	2.48	-0.04739726	2.67		
03/02/2011	328.1	-0.195555556	2.57	-0.048493151	2.67		
04/02/2011	333	-0.205555556	2.54	-0.052054795	2.64		
07/02/2011	324	-0.145	2.68	-0.019178082	2.87		
08/02/2011	325	-0.100555556	2.78	-0.020547945	2.86		
09/02/2011	321	-0.088333333	2.8	-0.012328767	2.92		
10/02/2011	314	-0.091388889	2.8	0.00739726	3.03		
11/02/2011	324	-0.15	2.67	0.003835616	3.01		
14/02/2011	327.25	-0.140277778	2.69	-0.003424658	2.98		
15/02/2011	328.8	-0.146111111	2.68	-0.004657534	2.97		
16/02/2011	324	-0.094444444	2.79	-0.002739726	2.98		
17/02/2011	321	0.016666667	3.03	0.007671233	3.03		
18/02/2011	320.1	-0.036111111	2.92	-0.005753425	2.96		
21/02/2011	318.5	-0.002777778	2.99	0.002465753	3.01		
22/02/2011	322.6	-0.025	2.94	0.031232877	3.11		
23/02/2011	332.6	-0.152777778	2.66	-0.00369863	2.97		
24/02/2011	329.95	-0.099722222	2.78	0.027534247	3.1		
25/02/2011	332	-0.150833333	2.67	-0.00739726	2.95		
28/02/2011	330	-0.130555556	2.71	0.021917808	3.08		
01/03/2011	339	-0.271111111	2.4	-0.016986301	2.88		
03/03/2011	345	-0.254444444	2.44	-0.036986301	2.75		
04/03/2011	352	-0.331666667	2.27	-0.098219178	2.32		
07/03/2011	353	-0.294444444	2.35	-0.090273973	2.38		
08/03/2011	359	-0.313888889	2.3	-0.091780822	2.37		
09/03/2011	351	-0.249444444	2.45	-0.057534247	2.6		
10/03/2011	343.5	-0.219444444	2.51	-0.036438356	2.75		
11/03/2011	340.1	-0.172777778	2.62	-0.019452055	2.87		
14/03/2011	337.8	-0.148333333	2.67	-0.004931507	2.97		
15/03/2011	343	-0.143888889	2.68	-0.023287671	2.84		
16/03/2011	341.25	-0.107777778	2.76	-0.014794521	2.9		
17/03/2011	341	-0.088888889	2.8	-0.023972603	2.83		
18/03/2011	350.4	-0.148333333	2.67	-0.042191781	2.71		
21/03/2011	351	-0.216666667	2.52	-0.019589041	2.87		
22/03/2011	349.5	-0.22	2.51	-0.012739726	2.91		
23/03/2011	354.9	-0.310277778	2.31	-0.024383562	2.83		
24/03/2011	354.9	-0.25	2.45	-0.038630137	2.73		
25/03/2011	351	-0.283333333	2.37	-0.040547945	2.72		
28/03/2011	350.1	-0.250555556	2.44	-0.022465753	2.85		
29/03/2011	352	-0.301666667	2.33	-0.03260274	2.78		
30/03/2011	354.1	-0.242222222	2.46	-0.030410959	2.79		
31/03/2011	350.3	-0.185	2.59	-0.029315068	2.8		
01/04/2011	352.1	-0.178333333	2.6	-0.057808219	2.6		
04/04/2011	354	-0.205555556	2.54	-0.051917808	2.64		
05/04/2011	369.4	-0.285555556	2.37	-0.091506849	2.37		
06/04/2011	369.8	-0.26	2.42	-0.080547945	2.45		
07/04/2011	348.95	-0.133055556	2.71	-0.021780822	2.85		
08/04/2011	343	-0.169166667	2.63	0.003013699	3.01		
11/04/2011	347	-0.216666667	2.52	0.002739726	3.01		
13/04/2011	342.05	-0.150277778	2.67	0.04369863	3.16		
15/04/2011	344	-0.144444444	2.68	0.052054795	3.19		
18/04/2011	339.3	-0.046111111	2.9	0.029452055	3.11		
19/04/2011	335.15	-0.034166667	2.92	0.029726027	3.11		
20/04/2011	345.7	-0.032222222	2.93	-0.003150685	2.98		
21/04/2011	349.45	-0.060833333	2.87	0.007534247	3.03		
25/04/2011	346.25	-0.056944444	2.87	-0.052739726	2.64		
26/04/2011	348.05	-0.056944444	2.87	-0.035479452	2.76		
27/04/2011	348.65	-0.087777778	2.81	-0.037945205	2.74		
28/04/2011	343	-0.071666667	2.84	-0.033150685	2.77		
29/04/2011	346.1	-0.058888889	2.87	-0.043150685	2.7		
02/05/2011	350.25	-0.051944444	2.88	-0.058219178	2.6		
03/05/2011	355	-0.055555556	2.88	-0.065616438	2.55		
04/05/2011	353.95	-0.0325	2.93	-0.076849315	2.47		
05/05/2011	351.1	-0.006111111	2.99	-0.062739726	2.57		
06/05/2011	341	0.005	3.01	-0.034246575	2.76		
09/05/2011	339.95	0.0475	3.09	-0.019315068	2.87		
10/05/2011	343.5	0.091666667	3.18	-0.028767123	2.8		
11/05/2011	343.5	0.013055556	3.03	-0.038219178	2.74		
12/05/2011	340.05	0.064166667	3.13	-0.027534247	2.81		
13/05/2011	335	0.087777778	3.17	-0.016986301	2.88		
16/05/2011	341.7	0.008611111	3.02	-0.029178082	2.8		
17/05/2011	334	0.049444444	3.1	0.009041096	3.03		
18/05/2011	334	0.088055556	3.18	0.024657534	3.09		
19/05/2011	342.4	-0.02	2.96	-0.01260274	2.91		
20/05/2011	341.9	0.033888889	3.07	-0.021506849	2.85		
23/05/2011	335.4	0.136666667	3.27	0.01260274	3.05		
24/05/2011	332.1	0.207222222	3.41	0.015753425	3.06		
25/05/2011	340.2	0.198888889	3.4	-0.000684932	3		
26/05/2011	346.5	0.213888889	3.43	-0.032328767	2.78		
27/05/2011	345	0.183333333	3.36	-0.02739726	2.81		
30/05/2011	343.45	0.171111111	3.34	-0.020410959	2.86		
31/05/2011	337	0.25	3.5	-0.00109589	2.99		
01/06/2011	339.55	0.235833333	3.47	-0.004246575	2.97		
02/06/2011	334.1	0.343888889	3.68	0.004657534	3.02		
03/06/2011	333.1	0.296666667	3.59	-0.005753425	2.96		
06/06/2011	334	0.294444444	3.59	-0.010958904	2.92		
07/06/2011	335	0.315277778	3.63	-0.008356164	2.94		
08/06/2011	333	0.294444444	3.59	-0.01369863	2.91		
09/06/2011	336	0.277777778	3.55	-0.011917808	2.92		
10/06/2011	335.5	0.297222222	3.59	-0.01	2.93		
13/06/2011	335.75	0.231388889	3.46	-0.012328767	2.92		
14/06/2011	338	0.166666667	3.33	-0.018493151	2.87		
15/06/2011	336	0.177777778	3.35	-0.011506849	2.92		
16/06/2011	332.95	0.261944444	3.52	0.009726027	3.04		
17/06/2011	332.9	0.217222222	3.43	0.002465753	3.01		
20/06/2011	325.25	0.248333333	3.49	0.030273973	3.11		
21/06/2011	309.05	0.283055556	3.56	0.062876712	3.23		
22/06/2011	307	0.388333333	3.77	0.059452055	3.22		
23/06/2011	311.8	0.284444444	3.57	0.043013699	3.16		
24/06/2011	305.25	0.399722222	3.8	0.067808219	3.25		
27/06/2011	305.5	0.380833333	3.76	0.061369863	3.22		
28/06/2011	302	0.427777778	3.85	0.07109589	3.26		
29/06/2011	308.15	0.365277778	3.73	0.059863014	3.22		
30/06/2011	307.4	0.3475	3.69	0.061917808	3.23		
01/07/2011	310.1	0.161944444	3.32	0.054520548	3.2		
04/07/2011	325	0.149444444	3.3	0.021643836	3.08		
05/07/2011	323.8	0.19	3.38	0.027945205	3.1		
06/07/2011	314.9	0.231666667	3.46	0.050958904	3.19		
07/07/2011	315.2	0.178888889	3.36	0.048767123	3.18		
08/07/2011	321.55	0.185277778	3.37	0.034109589	3.12		
11/07/2011	320.1	0.176111111	3.35	0.019589041	3.07		
12/07/2011	314.05	0.215277778	3.43	0.015616438	3.06		
13/07/2011	315	0.116666667	3.23	0.015068493	3.06		
14/07/2011	316	0.105555556	3.21	0.018767123	3.07		
15/07/2011	316.5	0.108333333	3.22	0.023287671	3.09		
18/07/2011	317.2	0.148888889	3.3	0.022054795	3.08		
19/07/2011	314.95	0.251944444	3.5	0.037534247	3.14		
20/07/2011	323	0.199166667	3.4	0.010410959	3.04		
21/07/2011	318.8	0.2225	3.44	0.000547945	3		
22/07/2011	322.45	0.192777778	3.38	-0.025890411	2.82		
25/07/2011	325	0.105555556	3.21	-0.03	2.79		
26/07/2011	332	0.065	3.13	-0.044657534	2.69		
27/07/2011	327.1	0.106666667	3.21	-0.015342466	2.89		
28/07/2011	315	0.145	3.29	0.009041096	3.03		
29/07/2011	312.9	0.140833333	3.28	0.019726027	3.07		
01/08/2011	310	0.199444444	3.4	0.022191781	3.08		
02/08/2011	310.15	0.165833333	3.33	0.032465753	3.12		
03/08/2011	305.1	0.260555556	3.52	0.047945205	3.18		
04/08/2011	311.2	0.231666667	3.46	0.04739726	3.17		
05/08/2011	298.9	0.278333333	3.55	0.115342466	3.42		
08/08/2011	280	0.338333333	3.67	0.174520548	3.64		
09/08/2011	270	0.396666667	3.79	0.205068493	3.75		
10/08/2011	281.5	0.358611111	3.71	0.174246575	3.64		
11/08/2011	272	0.383611111	3.76	0.190684932	3.7		
12/08/2011	278	0.318333333	3.63	0.169452055	3.62		
16/08/2011	281	0.363611111	3.72	0.146986301	3.54		
17/08/2011	278	0.361944444	3.72	0.174109589	3.64		
18/08/2011	282.9	0.339444444	3.68	0.140273973	3.51		
19/08/2011	268	0.423055556	3.84	0.197260274	3.72		
22/08/2011	268	0.316666667	3.63	0.197260274	3.72		
23/08/2011	269.5	0.318888889	3.63	0.217808219	3.8		
24/08/2011	266.85	0.2525	3.5	0.183972603	3.67		
25/08/2011	263.9	0.256111111	3.51	0.178630137	3.65		
26/08/2011	259.6	0.318888889	3.63	0.184657534	3.68		
29/08/2011	255.05	0.335555556	3.67	0.188630137	3.69		
30/08/2011	272	0.171666667	3.34	0.157534247	3.58		
02/09/2011	287.35	0.142222222	3.28	0.11109589	3.41		
05/09/2011	280.6	0.219444444	3.44	0.116849315	3.43		
06/09/2011	272	0.254444444	3.51	0.150410959	3.55		
07/09/2011	276.85	0.244722222	3.49	0.140136986	3.51		
08/09/2011	281.05	0.255277778	3.51	0.110958904	3.41		
09/09/2011	290	0.183333333	3.36	0.086438356	3.32		
12/09/2011	278.3	0.231111111	3.46	0.127534247	3.47		
13/09/2011	277	0.222777778	3.44	0.117808219	3.43		
14/09/2011	292	0.184166667	3.37	0.064520548	3.24		
15/09/2011	290.7	0.209444444	3.42	0.070136986	3.26		
16/09/2011	297	0.211111111	3.42	0.060821918	3.22		
19/09/2011	288	0.251388889	3.5	0.07260274	3.27		
20/09/2011	288	0.233888889	3.47	0.066027397	3.24		
21/09/2011	305	0.027777778	3.06	0.008767123	3.03		
22/09/2011	294.5	0.097222222	3.19	0.049863014	3.18		
23/09/2011	283	0.188333333	3.37	0.081506849	3.3		
26/09/2011	276	0.264722222	3.53	0.081506849	3.3		
27/09/2011	274.4	0.297222222	3.59	0.090273973	3.33		
28/09/2011	288.8	0.217222222	3.43	0.052739726	3.19		
29/09/2011	277	0.216944444	3.43	0.085205479	3.31		
30/09/2011	278.95	0.232777778	3.46	0.079589041	3.29		
03/10/2011	272.95	0.266944444	3.53	0.088630137	3.32		
04/10/2011	267.5	0.335555556	3.67	0.075342466	3.28		
05/10/2011	267	0.355555556	3.71	0.074246575	3.27		
07/10/2011	274.45	0.311666667	3.62	0.037123288	3.14		
10/10/2011	273.5	0.313333333	3.62	0.061506849	3.23		
11/10/2011	280.25	0.276666667	3.55	0.046575342	3.17		
12/10/2011	279.95	0.231111111	3.46	0.05369863	3.2		
13/10/2011	284.35	0.245555556	3.49	0.064794521	3.24		
14/10/2011	278.5	0.296666667	3.59	0.083561644	3.31		
17/10/2011	289.9	0.233888889	3.47	0.019452055	3.07		
18/10/2011	294.85	0.170277778	3.34	0.009452055	3.03		
19/10/2011	300	0.104444444	3.21	-0.008082192	2.94		
20/10/2011	296	0.082222222	3.16	-0.015342466	2.89		
21/10/2011	287.5	0.152777778	3.3	0.028767123	3.11		
24/10/2011	292.9	0.126666667	3.25	-0.016164384	2.89		
25/10/2011	296	0.111111111	3.22	-0.038356164	2.74		
26/10/2011	297.9	0.098055556	3.2	-0.052739726	2.64		
28/10/2011	306.9	0.045	3.09	-0.072328767	2.5		
31/10/2011	305.1	0.026388889	3.05	-0.074246575	2.49		
01/11/2011	297.55	0.084722222	3.17	-0.054931507	2.62		
02/11/2011	297	0.074444444	3.15	-0.049315068	2.66		
03/11/2011	302	0.066666667	3.13	-0.080958904	2.44		
04/11/2011	302.5	0.080555556	3.16	-0.076986301	2.47		
08/11/2011	307	0.058333333	3.12	-0.057534247	2.6		
09/11/2011	324	-0.041666667	2.91	-0.08630137	2.41		
11/11/2011	313.6	0.017222222	3.03	-0.067534247	2.54		
14/11/2011	318	0.041111111	3.08	-0.084931507	2.42		
15/11/2011	318.1	0.043888889	3.09	-0.081643836	2.44		
16/11/2011	305.1	0.122222222	3.24	-0.041369863	2.72		
17/11/2011	312	0.061111111	3.12	-0.049315068	2.66		
18/11/2011	304.85	0.105277778	3.21	-0.029452055	2.8		
21/11/2011	306.5	0.063888889	3.13	-0.042465753	2.71		
22/11/2011	290.2	0.162222222	3.32	0.004931507	3.02		
23/11/2011	299.2	0.193333333	3.38	-0.028219178	2.81		
24/11/2011	292.3	0.216388889	3.43	-0.00630137	2.96		
25/11/2011	300	0.222222222	3.44	-0.03	2.79		
28/11/2011	302.5	0.148888889	3.3	-0.024931507	2.83		
29/11/2011	306.1	0.177222222	3.35	-0.025753425	2.82		
30/11/2011	304	0.16	3.32	-0.030136986	2.79		
01/12/2011	309	0.125	3.25	-0.055479452	2.62		
02/12/2011	311.1	0.028055556	3.06	-0.054931507	2.62		
05/12/2011	317.1	0.016388889	3.03	-0.038630137	2.73		
06/12/2011	321.85	0.020277778	3.04	-0.053424658	2.63		
07/12/2011	325	0.027777778	3.06	-0.043835616	2.7		
08/12/2011	323.7	0.036111111	3.07	-0.032054795	2.78		
09/12/2011	312	0.116666667	3.23	-0.004383562	2.97		
12/12/2011	309.9	0.145	3.29	-0.002739726	2.98		
13/12/2011	299.05	0.196944444	3.39	0.019041096	3.07		
14/12/2011	309.9	0.144166667	3.29	-0.01	2.93		
15/12/2011	300	0.179166667	3.36	0.019178082	3.07		
16/12/2011	305	0.166666667	3.33	0.003150685	3.01		
19/12/2011	297.7	0.256388889	3.51	0.017260274	3.06		
20/12/2011	310.5	0.190833333	3.38	-0.017808219	2.88		
21/12/2011	317	0.161111111	3.32	-0.056849315	2.61		
22/12/2011	320	0.115555556	3.23	-0.063013699	2.57		
23/12/2011	317	0.106666667	3.21	-0.057260274	2.61		
26/12/2011	318	0.132777778	3.26	-0.043835616	2.7		
27/12/2011	323	0.095	3.19	-0.054794521	2.62		
28/12/2011	325	0.1	3.2	-0.060547945	2.58		
29/12/2011	312.55	0.150277778	3.3	-0.042054795	2.71		
30/12/2011	308	0.127777778	3.25	-0.054794521	2.62		
02/01/2012	315	0.111388889	3.22	-0.098630137	2.32		
03/01/2012	318	0.1	3.2	-0.095890411	2.34		
04/01/2012	331	0.052222222	3.1	-0.119315068	2.18		
05/01/2012	329	0.066666667	3.13	-0.101506849	2.3		
06/01/2012	339.9	0.023333333	3.05	-0.150273973	1.97		
09/01/2012	338.5	0.052777778	3.1	-0.14109589	2.03		
10/01/2012	336	0.122222222	3.24	-0.141369863	2.03		
11/01/2012	337.8	0.14	3.28	-0.144657534	2		
12/01/2012	332.85	0.095555556	3.19	-0.122876712	2.15		
13/01/2012	330.1	0.088333333	3.18	-0.123287671	2.15		
16/01/2012	335.5	0.050277778	3.1	-0.136438356	2.06		
17/01/2012	340.9	0.062777778	3.12	-0.141780822	2.02		
18/01/2012	345	-0.1	2.78	-0.152328767	1.95		
19/01/2012	348.1	-0.072222222	2.84	-0.162876712	1.88		
20/01/2012	350	-0.084444444	2.81	-0.17	1.83		
23/01/2012	341.9	-0.061111111	2.86	-0.136438356	2.06		
24/01/2012	348.5	-0.100833333	2.78	-0.153561644	1.94		
25/01/2012	360	-0.172222222	2.62	-0.18630137	1.72		
26/01/2012	345.85	-0.082222222	2.82	-0.147671233	1.98		
27/01/2012	351.6	-0.142777778	2.68	-0.163287671	1.88		
30/01/2012	350.8	-0.125555556	2.72	-0.173972603	1.8		
31/01/2012	343.25	-0.081944444	2.82	-0.139863014	2.04		
01/02/2012	342.9	-0.055555556	2.88	-0.152191781	1.95		
02/02/2012	349.85	-0.093611111	2.79	-0.200273973	1.62		
03/02/2012	338.8	-0.051388889	2.89	-0.172054795	1.82		
06/02/2012	348	-0.1	2.78	-0.139726027	2.04		
07/02/2012	360	-0.173333333	2.62	-0.193972603	1.66		
08/02/2012	369.4	-0.213055556	2.53	-0.211780822	1.54		
09/02/2012	376	-0.215	2.52	-0.230136986	1.42		
10/02/2012	385	-0.233333333	2.48	-0.249315068	1.28		
13/02/2012	378	-0.223333333	2.51	-0.224931507	1.45		
14/02/2012	374.25	-0.223333333	2.51	-0.225616438	1.45		
15/02/2012	382	-0.233333333	2.48	-0.238082192	1.36		
16/02/2012	382	-0.245277778	2.46	-0.251232877	1.27		
17/02/2012	396	-0.311388889	2.31	-0.290547945	1		
20/02/2012	386.5	-0.287777778	2.36	-0.253424658	1.26		
21/02/2012	387	-0.288888889	2.36	-0.263013699	1.19		
22/02/2012	391.75	-0.309722222	2.31	-0.245890411	1.31		
23/02/2012	386	-0.274444444	2.39	-0.234657534	1.38		
24/02/2012	386	-0.266666667	2.41	-0.24739726	1.3		
27/02/2012	389	-0.295555556	2.35	-0.225753425	1.45		
28/02/2012	377.4	-0.257777778	2.43	-0.190136986	1.69		
29/02/2012	368	-0.211111111	2.53	-0.163424658	1.88		
01/03/2012	368	-0.200277778	2.56	-0.186027397	1.72		
02/03/2012	380.1	-0.289444444	2.36	-0.199452055	1.63		
05/03/2012	372	-0.224166667	2.5	-0.180821918	1.76		
06/03/2012	369.95	-0.211666667	2.53	-0.179589041	1.76		
07/03/2012	360	-0.159722222	2.65	-0.168493151	1.84		
08/03/2012	376.9	-0.253611111	2.44	-0.238082192	1.36		
09/03/2012	363	-0.173333333	2.62	-0.15890411	1.91		
12/03/2012	377.2	-0.226111111	2.5	-0.227945205	1.43		
13/03/2012	374.05	-0.223611111	2.5	-0.208630137	1.56		
14/03/2012	379	-0.237222222	2.47	-0.245753425	1.31		
15/03/2012	373.9	-0.232777778	2.48	-0.221643836	1.47		
16/03/2012	369.95	-0.229166667	2.49	-0.219041096	1.49		
19/03/2012	339.25	-0.065277778	2.86	-0.123150685	2.15		
20/03/2012	351.9	-0.121666667	2.73				
21/03/2012	358	-0.167222222	2.63				
22/03/2012	356.6	-0.159166667	2.65				
23/03/2012	347.4	-0.096666667	2.79				
26/03/2012	354.9	-0.138333333	2.69				
27/03/2012	351.8	-0.121111111	2.73				
28/03/2012	352.8	-0.110555556	2.76				
29/03/2012	336	-0.011111111	2.98				
30/03/2012	335	-0.008333333	2.98				
02/04/2012	336	-0.016666667	2.96				
03/04/2012	344	-0.055555556	2.88				
04/04/2012	360.3	-0.183611111	2.59				
05/04/2012	358.85	-0.217222222	2.52				
06/04/2012	358.85	-0.213055556	2.53				
09/04/2012	357.15	-0.190555556	2.58				
10/04/2012	344	-0.105555556	2.77				
11/04/2012	343.7	-0.1025	2.77				
12/04/2012	346.3	-0.098055556	2.78				
13/04/2012	341.1	-0.079444444	2.82				
16/04/2012	338.25	-0.106944444	2.76				
17/04/2012	345.9	-0.182777778	2.6				
18/04/2012	340	-0.144166667	2.68				
19/04/2012	352	-0.201666667	2.55				
20/04/2012	352.9	-0.174444444	2.61				
23/04/2012	349	-0.170555556	2.62				
24/04/2012	340.9	-0.115555556	2.74				
25/04/2012	341.4	-0.129444444	2.71				
26/04/2012	346.05	-0.133611111	2.7				
27/04/2012	341.05	-0.1025	2.77				
30/04/2012	335.3	-0.037777778	2.92				
01/05/2012	346.45	-0.030277778	2.93				
02/05/2012	343.15	0.003055556	3.01				
03/05/2012	344	0.004722222	3.01				
04/05/2012	344.15	0.005277778	3.01				
07/05/2012	325	0.092222222	3.18				
08/05/2012	326.9	0.071944444	3.14				
09/05/2012	312.3	0.124166667	3.25				
10/05/2012	310	0.175277778	3.35				
11/05/2012	317	0.095	3.19				
14/05/2012	315.45	0.136388889	3.27				
15/05/2012	302.9	0.206111111	3.41				
16/05/2012	312.95	0.200277778	3.4				
17/05/2012	320.1	0.077222222	3.15				
18/05/2012	317.8	0.062777778	3.12				
21/05/2012	320.9	0.033888889	3.07				
22/05/2012	327	-0.017222222	2.96				
23/05/2012	323	0.036111111	3.07				
24/05/2012	319.9	0.044444444	3.09				
25/05/2012	317.1	0.034166667	3.07				
28/05/2012	325.15	0.009722222	3.02				
29/05/2012	328.4	-0.002222222	3				
30/05/2012	335	-0.074722222	2.83				
31/05/2012	333.25	-0.065	2.86				
01/06/2012	330.1	-0.029166667	2.94				
04/06/2012	310	0.055555556	3.11				
05/06/2012	312	0.019722222	3.04				
06/06/2012	316.9	-0.003333333	2.99				
07/06/2012	323.65	-0.024722222	2.95				
08/06/2012	327.9	-0.074444444	2.84				
11/06/2012	327.9	-0.087777778	2.81				
12/06/2012	316.05	-0.043611111	2.9				
13/06/2012	320.85	-0.045277778	2.9				
14/06/2012	321	-0.045833333	2.9				
15/06/2012	327.9	-0.123055556	2.73				
18/06/2012	331	-0.131388889	2.71				
19/06/2012	330.55	-0.125	2.72				
20/06/2012	329.9	-0.121111111	2.73				
21/06/2012	330.05	-0.1225	2.73				
22/06/2012	321.55	-0.090277778	2.8				
25/06/2012	328.55	-0.186388889	2.59				
26/06/2012	331.9	-0.21	2.53				
27/06/2012	332	-0.244444444	2.46				
28/06/2012	325.5	-0.164166667	2.64				
29/06/2012	318.8	-0.119722222	2.73				
02/07/2012	310.8	-0.0625	2.86				
03/07/2012	315	-0.038888889	2.91				
04/07/2012	315.7	-0.037222222	2.92				
05/07/2012	316	-0.105555556	2.77				
06/07/2012	315.55	-0.095833333	2.79				
09/07/2012	315	-0.099722222	2.78				
10/07/2012	309.85	-0.108055556	2.76				
11/07/2012	312.8	-0.082222222	2.82				
12/07/2012	310.4	-0.13	2.71				
13/07/2012	314	-0.177777778	2.61				
16/07/2012	317	-0.213055556	2.53				
17/07/2012	317.5	-0.205555556	2.54				
18/07/2012	316.5	-0.213888889	2.53				
19/07/2012	316.7	-0.217777778	2.52				
20/07/2012	325.4	-0.257777778	2.43				
23/07/2012	326	-0.2975	2.34				
24/07/2012	327.1	-0.292777778	2.35				
25/07/2012	323	-0.205555556	2.54				
26/07/2012	323.8	-0.173888889	2.61				
27/07/2012	318	-0.161388889	2.64				
30/07/2012	319.4	-0.18	2.6				
31/07/2012	334	-0.253888889	2.44				
01/08/2012	331.25	-0.229166667	2.49				
02/08/2012	340	-0.255555556	2.43				
03/08/2012	329.3	-0.195555556	2.57				
06/08/2012	338	-0.261111111	2.42				
07/08/2012	332.8	-0.226666667	2.5				
08/08/2012	331.5	-0.236666667	2.48				
09/08/2012	316.15	-0.145277778	2.68				
10/08/2012	320.05	-0.172222222	2.62				
13/08/2012	325.5	-0.178333333	2.6				
14/08/2012	330	-0.185	2.59				
15/08/2012	330.2	-0.206666667	2.54				
16/08/2012	333	-0.245833333	2.46				
17/08/2012	336	-0.249722222	2.45				
20/08/2012	334.5	-0.175	2.61				
21/08/2012	335.85	-0.186111111	2.59				
22/08/2012	332.25	-0.129166667	2.71				
23/08/2012	335	-0.127777778	2.72				
24/08/2012	343.85	-0.185833333	2.59				
27/08/2012	344.85	-0.199722222	2.56				
28/08/2012	346	-0.222222222	2.51				
29/08/2012	340.8	-0.191944444	2.57				
30/08/2012	336.2	-0.162222222	2.64				
31/08/2012	341.9	-0.198611111	2.56				
03/09/2012	340.1	-0.200555556	2.56				
04/09/2012	343	-0.216666667	2.52				
05/09/2012	339.6	-0.240833333	2.47				
06/09/2012	331	-0.188888889	2.58				
07/09/2012	335.05	-0.216388889	2.52				
10/09/2012	336	-0.188888889	2.58				
11/09/2012	340.4	-0.207777778	2.54				
12/09/2012	341	-0.211666667	2.53				
13/09/2012	344.1	-0.260555556	2.42				
14/09/2012	348	-0.333333333	2.26				
17/09/2012	358	-0.438888889	2.03				
18/09/2012	363	-0.444444444	2.02				
19/09/2012	350.05	-0.347777778	2.23				
20/09/2012	346	-0.300277778	2.33				
21/09/2012	344.55	-0.330555556	2.27				
24/09/2012	352.2	-0.362222222	2.2				
25/09/2012	327	-0.236666667	2.48				
26/09/2012	335.1	-0.278333333	2.38				
27/09/2012	334.8	-0.26	2.42				
28/09/2012	330.9	-0.254444444	2.44				
01/10/2012	330.35	-0.248055556	2.45				
02/10/2012	329	-0.221388889	2.51				
03/10/2012	331.05	-0.231388889	2.49				
04/10/2012	325.9	-0.206944444	2.54				
05/10/2012	328.2	-0.223611111	2.5				
08/10/2012	328.5	-0.202222222	2.55				
09/10/2012	332.9	-0.224722222	2.5				
10/10/2012	333	-0.227777778	2.5				
11/10/2012	329.55	-0.208888889	2.54				
12/10/2012	330	-0.211111111	2.53				
15/10/2012	328.8	-0.230555556	2.49				
16/10/2012	331.05	-0.215833333	2.52				
17/10/2012	337.3	-0.2775	2.39				
18/10/2012	343	-0.368055556	2.18				
19/10/2012	337.8	-0.343333333	2.24				
22/10/2012	334.05	-0.205833333	2.54				
23/10/2012	340	-0.282222222	2.37				
24/10/2012	337.85	-0.254166667	2.44				
25/10/2012	339.95	-0.266388889	2.41				
26/10/2012	334.7	-0.226111111	2.5				
29/10/2012	335	-0.217222222	2.52				
30/10/2012	336	-0.245	2.46				
31/10/2012	336.6	-0.230555556	2.49				
01/11/2012	338	-0.265	2.41				
02/11/2012	335.8	-0.254722222	2.44				
05/11/2012	331	-0.205555556	2.54				
06/11/2012	330	-0.216666667	2.52				
07/11/2012	331.95	-0.166388889	2.63				
08/11/2012	328	-0.153611111	2.66				
09/11/2012	331.65	-0.199722222	2.56				
12/11/2012	331.85	-0.140277778	2.69				
13/11/2012	331.25	-0.129166667	2.71				
14/11/2012	331.25	-0.127222222	2.72				
15/11/2012	331.8	-0.176111111	2.61				
16/11/2012	336.5	-0.162222222	2.64				
19/11/2012	333.8	-0.154444444	2.66				
20/11/2012	336.3	-0.177222222	2.61				
21/11/2012	332	-0.186111111	2.59				
22/11/2012	328.7	-0.215	2.52				
23/11/2012	327.5	-0.125	2.72				
26/11/2012	330	-0.2	2.56				
27/11/2012	327.9	-0.166666667	2.63				
28/11/2012	327.95	-0.214722222	2.52				
29/11/2012	330	-0.205555556	2.54				
30/11/2012	330	-0.222222222	2.51				
03/12/2012	330	-0.198333333	2.56				
04/12/2012	332.9						
05/12/2012	334						
06/12/2012	333.5						
07/12/2012	333						
10/12/2012	334						
11/12/2012	327.25						
12/12/2012	319.75						
13/12/2012	320.5						
14/12/2012	322.85						
17/12/2012	325						
18/12/2012	325.25						
19/12/2012	328.65						
20/12/2012	326.8						
21/12/2012	319						
24/12/2012	313						
25/12/2012	314.05						
26/12/2012	315.7						
27/12/2012	321.5						
28/12/2012	318.3						
31/12/2012	320.1						
01/01/2013	318.1						
02/01/2013	322						
03/01/2013	322.6						
04/01/2013	328.5						
07/01/2013	341						
08/01/2013	343.7						
09/01/2013	344.85						
10/01/2013	345.1						
11/01/2013	341.6						
14/01/2013	339.85						
15/01/2013	334.65						
16/01/2013	341.55						
17/01/2013	334.1						
18/01/2013	340						
21/01/2013	340						
22/01/2013	349						
23/01/2013	334						
24/01/2013	329.1						
25/01/2013	327						
28/01/2013	323.9						
29/01/2013	329.5						
30/01/2013	327.9						
31/01/2013	323.25						
01/02/2013	326.9						
04/02/2013	328						
05/02/2013	321.55						
06/02/2013	321.55						
07/02/2013	324.85						
08/02/2013	320						
11/02/2013	315.55						
12/02/2013	316.3						
13/02/2013	319.2						
14/02/2013	314.5						
15/02/2013	312.1						
18/02/2013	308.2						
19/02/2013	312.7						
20/02/2013	312.75						
21/02/2013	305.75						
22/02/2013	307.35						
25/02/2013	308.05						
26/02/2013	308.1						
27/02/2013	308						
28/02/2013	305.3						
01/03/2013	295						
04/03/2013	294.1						
05/03/2013	288						
06/03/2013	295.95						
07/03/2013	297.25						
08/03/2013	299.55						
11/03/2013	308						
12/03/2013	309						
13/03/2013	297						
14/03/2013	298.3						
15/03/2013	297.05						
18/03/2013	290.4						
19/03/2013	298						
20/03/2013	287						
21/03/2013	282						
22/03/2013	278.65						
25/03/2013	280.5						
26/03/2013	278						
27/03/2013	277.5						
28/03/2013	279						
29/03/2013	272.45						
01/04/2013	274.4						
02/04/2013	286						
03/04/2013	292.5						
04/04/2013	288.95						
05/04/2013	287						
08/04/2013	288.3						
09/04/2013	290						
10/04/2013	294						
11/04/2013	294.1						
12/04/2013	291						
15/04/2013	292						
16/04/2013	288.9						
17/04/2013	290						
18/04/2013	289.05						
19/04/2013	293.4						
22/04/2013	296.7						
23/04/2013	293						
24/04/2013	288.75						
25/04/2013	291.05						
26/04/2013	303						
29/04/2013	302.35						
30/04/2013	309						
01/05/2013	312						
02/05/2013	310.4						
03/05/2013	308.9						
06/05/2013	306						
07/05/2013	306.25						
08/05/2013	307						
09/05/2013	306.15						
10/05/2013	304						
13/05/2013	304						
14/05/2013	296.25						
15/05/2013	297						
16/05/2013	296.1						
17/05/2013	302						
20/05/2013	303						
21/05/2013	302.9						
22/05/2013	297.2						
23/05/2013	288						
24/05/2013	279						
27/05/2013	283						
28/05/2013	287.45						
29/05/2013	291.95						
30/05/2013	285.05						
31/05/2013	287						
03/06/2013	284.4						
04/06/2013	285						
05/06/2013	288						
06/06/2013	285.1						
07/06/2013	285.7						
10/06/2013	289.15						
11/06/2013	289.4						
12/06/2013	288.65						
13/06/2013	287.95						
14/06/2013	292.1						
17/06/2013	292.45						
18/06/2013	292						
19/06/2013	291.95						
20/06/2013	292						
21/06/2013	287.3						
24/06/2013	292.2						
25/06/2013	287.35						
26/06/2013	276.75						
27/06/2013	276						
28/06/2013	297						
01/07/2013	289.2						
02/07/2013	292.1						
03/07/2013	292						
04/07/2013	294						
05/07/2013	295.9						
08/07/2013	291.9						
09/07/2013	295.1						
10/07/2013	290.3						
11/07/2013	289.95						
12/07/2013	294						
15/07/2013	291						
16/07/2013	302						
17/07/2013	300.35						
18/07/2013	295.7						
19/07/2013	306.6						
22/07/2013	308						
23/07/2013	308.35						
24/07/2013	300.1						
25/07/2013	307.3						
26/07/2013	306						
29/07/2013	304.4						
30/07/2013	298.5						
31/07/2013	290						
01/08/2013	305						
02/08/2013	294						
05/08/2013	297.9						
06/08/2013	289.3						
07/08/2013	293						
08/08/2013	290						
09/08/2013	294.3						
12/08/2013	301													