30/10/2006	47.5	0.394444444	4.47	0.108219178	4.2	-0.006986301	2.9
31/10/2006	45	0.379166667	4.41	0.131780822	4.46	-0.003561644	2.95
01/11/2006	43.9	0.391666667	4.46	0.178082192	4.97	-0.002671233	2.96
02/11/2006	46.55	0.366388889	4.37	0.169178082	4.88	-0.007191781	2.9
03/11/2006	47.45	0.347222222	4.3	0.175479452	4.95	-0.009794521	2.87
06/11/2006	45.3	0.353888889	4.32	0.176712329	4.96	-0.006506849	2.91
07/11/2006	45.1	0.353333333	4.32	0.160821918	4.78	-0.006712329	2.91
08/11/2006	50.5	0.341666667	4.27	0.15890411	4.76	-0.009726027	2.87
09/11/2006	49	0.304166667	4.13	0.15890411	4.76	-0.010821918	2.85
10/11/2006	51.15	0.271944444	4.01	0.154109589	4.71	-0.014041096	2.81
13/11/2006	52	0.274444444	4.02	0.164109589	4.82	-0.016438356	2.77
14/11/2006	52.35	0.271111111	4.01	0.180410959	5	-0.015273973	2.79
15/11/2006	56	0.266666667	3.99	0.164109589	4.82	-0.020547945	2.72
16/11/2006	54.8	0.300833333	4.12	0.150684932	4.67	-0.01760274	2.76
17/11/2006	54.9	0.292222222	4.09	0.14	4.55	-0.018493151	2.75
20/11/2006	52.5	0.263888889	3.98	0.12369863	4.37	-0.017123288	2.77
21/11/2006	52	0.293333333	4.09	0.113424658	4.26	-0.016917808	2.77
22/11/2006	64.15	0.238055556	3.89	0.075479452	3.84	-0.034041096	2.53
23/11/2006	62	0.200555556	3.75	0.076438356	3.85	-0.033972603	2.53
24/11/2006	61.2	0.221111111	3.82	0.07890411	3.87	-0.035890411	2.51
27/11/2006	62.3	0.224444444	3.84	0.086575342	3.96	-0.04	2.45
28/11/2006	60	0.238888889	3.89	0.086438356	3.96	-0.035821918	2.51
29/11/2006	59.8	0.220555556	3.82	0.085479452	3.95	-0.036506849	2.5
30/11/2006	60	0.24	3.9	0.083561644	3.93	-0.03630137	2.5
01/12/2006	59.4	0.231111111	3.86	0.086438356	3.96	-0.036849315	2.49
04/12/2006	59.65	0.229166667	3.85	0.073013699	3.81	-0.03630137	2.5
05/12/2006	58.75	0.235555556	3.88	0.071643836	3.79	-0.033835616	2.54
06/12/2006	57.3	0.231666667	3.86	0.064931507	3.72	-0.030616438	2.58
07/12/2006	61.3	0.228888889	3.85	0.055342466	3.61	-0.03260274	2.55
08/12/2006	60	0.238333333	3.89	0.04369863	3.48	-0.032191781	2.56
11/12/2006	59.1	0.240833333	3.9	0.050410959	3.56	-0.026164384	2.64
12/12/2006	56.5	0.274444444	4.02	0.031506849	3.35	-0.024657534	2.66
13/12/2006	52.5	0.297222222	4.11	0.050410959	3.56	-0.019931507	2.73
14/12/2006	57.5	0.243888889	3.91	0.023013699	3.26	-0.026438356	2.64
15/12/2006	59.95	0.300277778	4.12	0.023972603	3.27	-0.030753425	2.58
18/12/2006	59.25	0.270833333	4.01	0.010273973	3.11	-0.029726027	2.59
19/12/2006	58.75	0.279722222	4.04	-0.000410959	3	-0.030479452	2.58
20/12/2006	57	0.288888889	4.08	0.004931507	3.05	-0.024589041	2.66
21/12/2006	51.9	0.314444444	4.17	0.008493151	3.09	-0.019041096	2.74
22/12/2006	55.45	0.295833333	4.1	0.007671233	3.09	-0.024109589	2.67
26/12/2006	56.5	0.275833333	4.03	0.01260274	3.14	-0.026027397	2.64
27/12/2006	57.15	0.267222222	4	0.010684932	3.12	-0.029246575	2.6
28/12/2006	57.3	0.2925	4.09	0.021643836	3.24	-0.028630137	2.61
29/12/2006	56	0.294166667	4.1	0.018630137	3.21	-0.028493151	2.61
02/01/2007	57.25	0.278055556	4.04	0.010547945	3.12	-0.028013699	2.62
03/01/2007	61	0.266666667	3.99	-0.013972603	2.92	-0.032465753	2.55
04/01/2007	70.05	0.271944444	4.01	-0.046712329	2.72	-0.04609589	2.37
05/01/2007	66.6	0.296388889	4.11	-0.037945205	2.77	-0.040958904	2.44
08/01/2007	67	0.287777778	4.07	-0.032191781	2.81	-0.041438356	2.43
09/01/2007	67.4	0.277777778	4.04	-0.042191781	2.75	-0.042739726	2.41
10/01/2007	66.2	0.321111111	4.2	-0.04109589	2.76	-0.040616438	2.44
11/01/2007	64.2	0.315833333	4.18	-0.047123288	2.72	-0.036712329	2.5
12/01/2007	67	0.283055556	4.06	-0.065616438	2.61	-0.042054795	2.42
15/01/2007	68	0.288333333	4.08	-0.05890411	2.65	-0.043972603	2.4
16/01/2007	67.45	0.275277778	4.03	-0.056027397	2.67	-0.044520548	2.39
17/01/2007	71.5	0.191666667	3.72	-0.049315068	2.71	-0.05	2.31
18/01/2007	73	0.227777778	3.85	-0.060273973	2.64	-0.052328767	2.28
19/01/2007	83.2	0.16	3.6	-0.08	2.53	-0.066849315	2.08
22/01/2007	78.45	0.186388889	3.7	-0.064246575	2.62	-0.060205479	2.17
23/01/2007	78.6	0.168888889	3.63	-0.056438356	2.67	-0.060479452	2.17
24/01/2007	78	0.186666667	3.7	-0.063013699	2.63	-0.058972603	2.19
25/01/2007	79.1	0.160555556	3.6	-0.074246575	2.56	-0.06109589	2.16
29/01/2007	80	0.155555556	3.58	-0.083013699	2.51	-0.062328767	2.15
31/01/2007	80.35	0.134166667	3.5	-0.083424658	2.51	-0.062123288	2.15
01/02/2007	80	0.095	3.35	-0.08739726	2.48	-0.061164384	2.16
02/02/2007	77.2	0.147222222	3.55	-0.070410959	2.58	-0.057671233	2.21
05/02/2007	77.25	0.170833333	3.64	-0.074657534	2.56	-0.058082192	2.2
06/02/2007	78	0.157777778	3.59	-0.066027397	2.61	-0.058082192	2.2
07/02/2007	77.6	0.157777778	3.59	-0.052876712	2.69	-0.057328767	2.21
08/02/2007	77.3	0.153888889	3.57	-0.06109589	2.64	-0.056027397	2.23
09/02/2007	75.3	0.182222222	3.68	-0.058356164	2.65	-0.051986301	2.29
12/02/2007	70.5	0.208333333	3.78	-0.045616438	2.73	-0.045342466	2.38
13/02/2007	69	0.222222222	3.83	-0.049315068	2.71	-0.043150685	2.41
14/02/2007	67	0.212777778	3.79	-0.04109589	2.76	-0.041575342	2.43
15/02/2007	72.5	0.181944444	3.68	-0.065068493	2.61	-0.051575342	2.29
19/02/2007	72	0.229722222	3.86	-0.055068493	2.67	-0.043835616	2.4
20/02/2007	73.45	0.236388889	3.88	-0.053287671	2.68	-0.046575342	2.36
21/02/2007	72	0.196388889	3.73	-0.038356164	2.77	-0.045890411	2.37
22/02/2007	71.5	0.225	3.84	-0.045205479	2.73	-0.039931507	2.45
23/02/2007	69.75	0.229166667	3.85	-0.040410959	2.76	-0.040205479	2.45
26/02/2007	67	0.256666667	3.96	-0.027945205	2.83	-0.036438356	2.5
27/02/2007	70	0.236666667	3.88	-0.030136986	2.82	-0.042191781	2.42
28/02/2007	69	0.277777778	4.04	-0.035616438	2.79	-0.039178082	2.46
01/03/2007	68	0.322222222	4.2	-0.034246575	2.8	-0.037808219	2.48
02/03/2007	66.5	0.408333333	4.52	-0.03630137	2.78	-0.035753425	2.51
05/03/2007	60	0.417222222	4.56	-0.02739726	2.84	-0.026849315	2.63
06/03/2007	59.25	0.3875	4.45	-0.017534247	2.9	-0.025821918	2.65
07/03/2007	59	0.316666667	4.18	-0.018630137	2.89	-0.025479452	2.65
08/03/2007	55.75	0.331388889	4.24	-0.013287671	2.92	-0.021027397	2.71
09/03/2007	60.85	0.311944444	4.16	-0.024246575	2.86	-0.028013699	2.62
12/03/2007	64.1	0.310555556	4.16	-0.037260274	2.78	-0.032465753	2.55
13/03/2007	63.15	0.349166667	4.3	-0.030821918	2.82	-0.044589041	2.39
14/03/2007	63	0.510555556	4.9	-0.035342466	2.79	-0.038356164	2.47
15/03/2007	64	0.474722222	4.77	-0.038356164	2.77	-0.038356164	2.47
16/03/2007	62	0.488333333	4.82	-0.031780822	2.81	-0.034657534	2.52
19/03/2007	62	0.477777778	4.78	-0.031780822	2.81	-0.035890411	2.51
20/03/2007	61.35	0.456388889	4.7	-0.028356164	2.83	-0.034178082	2.53
21/03/2007	63.5	0.536111111	5	-0.031506849	2.81	-0.038082192	2.48
22/03/2007	65.9	0.478333333	4.78	-0.035068493	2.79	-0.040958904	2.44
23/03/2007	68.45	0.4475	4.67	-0.042328767	2.75	-0.045	2.38
26/03/2007	67.65	0.463055556	4.73	-0.041506849	2.75	-0.045410959	2.38
28/03/2007	67.05	0.449722222	4.68	-0.041232877	2.76	-0.044726027	2.39
29/03/2007	68	0.455555556	4.7	-0.046575342	2.72	-0.047465753	2.35
30/03/2007	71.5	0.420833333	4.57	-0.067671233	2.6	-0.052671233	2.28
02/04/2007	68	0.455555556	4.7	-0.071232877	2.58	-0.046917808	2.36
03/04/2007	65.15	0.401944444	4.5	-0.057945205	2.66	-0.041986301	2.42
04/04/2007	65.45	0.430833333	4.61	-0.073835616	2.56	-0.040958904	2.44
05/04/2007	65	0.472222222	4.76	-0.065068493	2.61	-0.039863014	2.45
09/04/2007	64.95	0.444722222	4.66	-0.062876712	2.63	-0.038013699	2.48
10/04/2007	66	0.438888889	4.64	-0.070136986	2.58	-0.039589041	2.46
11/04/2007	70.7	0.412777778	4.54	-0.08739726	2.48	-0.046164384	2.37
12/04/2007	69.7	0.390555556	4.46	-0.082465753	2.51	-0.045479452	2.38
13/04/2007	70	0.411111111	4.53	-0.081369863	2.52	-0.046849315	2.36
16/04/2007	69.35	0.426388889	4.59	-0.084520548	2.5	-0.047465753	2.35
17/04/2007	70.45	0.464166667	4.73	-0.10260274	2.39	-0.048493151	2.34
18/04/2007	69.35	0.499444444	4.86	-0.091369863	2.46	-0.048219178	2.34
19/04/2007	67.2	0.521111111	4.94	-0.086849315	2.48	-0.045753425	2.37
20/04/2007	71.05	0.438611111	4.64	-0.104383562	2.38	-0.049931507	2.32
23/04/2007	70	0.476944444	4.78	-0.106849315	2.37	-0.048630137	2.33
24/04/2007	69.4	0.447777778	4.67	-0.110684932	2.34	-0.048287671	2.34
25/04/2007	68.95	0.460555556	4.72	-0.112739726	2.33	-0.048561644	2.33
26/04/2007	69.5	0.411111111	4.53	-0.120547945	2.29	-0.049863014	2.32
27/04/2007	69	0.410555556	4.53	-0.096027397	2.43	-0.049726027	2.32
30/04/2007	71.8	0.401111111	4.5	-0.117260274	2.3	-0.054178082	2.26
03/05/2007	76.7	0.341111111	4.27	-0.136712329	2.19	-0.060342466	2.17
04/05/2007	79.8	0.330277778	4.23	-0.131780822	2.22	-0.064589041	2.11
07/05/2007	76	0.338888889	4.26	-0.119726027	2.29	-0.059178082	2.19
08/05/2007	77.9	0.284444444	4.06	-0.120273973	2.29	-0.062191781	2.15
09/05/2007	79.75	0.090277778	3.34	-0.132465753	2.21	-0.063767123	2.13
10/05/2007	78.4	0.136111111	3.51	-0.135342466	2.2	-0.060205479	2.17
11/05/2007	79.5	0.180555556	3.67	-0.140547945	2.17	-0.061164384	2.16
14/05/2007	91.3	0.076111111	3.28	-0.181643836	1.92	-0.07630137	1.95
15/05/2007	97.5	0.075	3.28	-0.195616438	1.84	-0.085616438	1.83
16/05/2007	93.3	0.192222222	3.72	-0.178356164	1.94	-0.080068493	1.9
17/05/2007	99.2	0.088333333	3.33	-0.203287671	1.79	-0.088356164	1.79
18/05/2007	101	0.075	3.28	-0.206164384	1.78	-0.088356164	1.79
21/05/2007	111.5	0.019444444	3.07	-0.232876712	1.62	-0.104109589	1.57
22/05/2007	110.4	0.014444444	3.05	-0.225753425	1.66	-0.103287671	1.58
23/05/2007	109.75	0.006111111	3.02	-0.229726027	1.64	-0.098287671	1.65
24/05/2007	114.7	-0.007222222	2.98	-0.244383562	1.55	-0.100821918	1.62
25/05/2007	112	0.005555556	3.02	-0.234246575	1.61	-0.09739726	1.66
28/05/2007	109.75	-0.014166667	2.96	-0.226027397	1.66	-0.094178082	1.71
29/05/2007	105.5	-0.008333333	2.98	-0.219726027	1.7	-0.084315068	1.84
30/05/2007	106.95	-0.016388889	2.95	-0.222876712	1.68	-0.087260274	1.8
31/05/2007	102.5	-0.002777778	2.99	-0.204109589	1.79	-0.080821918	1.89
04/06/2007	103.15	0.0075	3.03	-0.217123288	1.71	-0.080890411	1.89
05/06/2007	100.3	0.042777778	3.16	-0.21109589	1.75	-0.075890411	1.96
06/06/2007	99.45	0.075277778	3.28	-0.217534247	1.71	-0.074589041	1.98
07/06/2007	99	0.087222222	3.33	-0.215068493	1.72	-0.073013699	2
08/06/2007	99	0.088888889	3.33	-0.215890411	1.72	-0.076643836	1.95
11/06/2007	97.65	0.079722222	3.3	-0.213150685	1.74	-0.069520548	2.05
12/06/2007	92.95	0.082777778	3.31	-0.201506849	1.81	-0.064315068	2.12
13/06/2007	90.85	0.100833333	3.38	-0.196849315	1.83	-0.063150685	2.13
14/06/2007	93	0.088888889	3.33	-0.205479452	1.78	-0.065616438	2.1
15/06/2007	94.8	0.138888889	3.52	-0.210410959	1.75	-0.06890411	2.06
18/06/2007	93	0.108333333	3.4	-0.205342466	1.78	-0.067739726	2.07
19/06/2007	91.8	0.098055556	3.37	-0.20109589	1.81	-0.066438356	2.09
20/06/2007	97.4	0.059444444	3.22	-0.210958904	1.75	-0.075479452	1.97
21/06/2007	102.25	0.024166667	3.09	-0.222876712	1.68	-0.079931507	1.9
22/06/2007	101.7	-0.013888889	2.96	-0.223150685	1.68	-0.080410959	1.9
25/06/2007	101.45	-0.015	2.96	-0.218219178	1.71	-0.077671233	1.94
26/06/2007	102	-0.05	2.85	-0.215342466	1.72	-0.080821918	1.89
27/06/2007	101.9	-0.057222222	2.83	-0.210684932	1.75	-0.07890411	1.92
28/06/2007	105.85	-0.0325	2.9	-0.224246575	1.67	-0.08609589	1.82
29/06/2007	105.7	-0.042777778	2.87	-0.220410959	1.69	-0.087260274	1.8
02/07/2007	105	-0.063888889	2.81	-0.226164384	1.66	-0.085616438	1.83
03/07/2007	105.45	-0.1025	2.7	-0.221780822	1.68	-0.085547945	1.83
04/07/2007	105.5	-0.116666667	2.66	-0.223287671	1.68	-0.084931507	1.84
05/07/2007	104	-0.086111111	2.75	-0.220547945	1.69	-0.08109589	1.89
06/07/2007	102	-0.116666667	2.66	-0.220547945	1.69	-0.071369863	2.02
09/07/2007	103.1	-0.139444444	2.59	-0.224383562	1.67	-0.074178082	1.98
10/07/2007	110	-0.152777778	2.55	-0.241780822	1.57	-0.085068493	1.83
11/07/2007	110.8	-0.165833333	2.51	-0.248767123	1.52	-0.090273973	1.76
12/07/2007	112.9	-0.100555556	2.7	-0.253150685	1.5	-0.089794521	1.77
13/07/2007	113	-0.127777778	2.62	-0.249315068	1.52	-0.092534247	1.73
16/07/2007	112.75	-0.156944444	2.54	-0.248630137	1.53	-0.092534247	1.73
17/07/2007	116.8	-0.152222222	2.55	-0.255616438	1.48	-0.096575342	1.68
18/07/2007	117.9	-0.181666667	2.46	-0.257260274	1.47	-0.097876712	1.66
19/07/2007	115.4	-0.176666667	2.48	-0.249863014	1.52	-0.094794521	1.7
20/07/2007	118.5	-0.206944444	2.39	-0.258082192	1.47	-0.099452055	1.64
23/07/2007	113.25	-0.168055556	2.5	-0.254520548	1.49	-0.09239726	1.73
24/07/2007	114.4	-0.168888889	2.5	-0.257260274	1.47	-0.09369863	1.72
25/07/2007	112.5	-0.102777778	2.7	-0.251506849	1.51	-0.091232877	1.75
26/07/2007	109.95	-0.113611111	2.67	-0.247808219	1.53	-0.087534247	1.8
27/07/2007	109	-0.1175	2.65	-0.245205479	1.55	-0.084657534	1.84
30/07/2007	108.7	-0.120555556	2.64	-0.244657534	1.55	-0.083835616	1.85
31/07/2007	112	-0.105	2.69	-0.253424658	1.5	-0.08890411	1.78
01/08/2007	103.75	0.028611111	3.11	-0.230821918	1.63	-0.079109589	1.92
02/08/2007	100.1	0.045555556	3.17	-0.222191781	1.68	-0.074657534	1.98
03/08/2007	101.4	0.056111111	3.21	-0.225753425	1.66	-0.077123288	1.94
06/08/2007	101.15	0.048055556	3.18	-0.225068493	1.67	-0.075958904	1.96
07/08/2007	104	-0.001111111	3	-0.235068493	1.61	-0.079863014	1.91
08/08/2007	108.95	-0.0025	2.99	-0.248630137	1.53	-0.087328767	1.8
09/08/2007	107.5	-0.002777778	2.99	-0.243972603	1.55	-0.08630137	1.82
10/08/2007	100	0.041111111	3.15	-0.221369863	1.69	-0.074452055	1.98
13/08/2007	104.8	0.039444444	3.15	-0.237671233	1.59	-0.081232877	1.89
14/08/2007	107	0.062222222	3.23	-0.242328767	1.56	-0.084931507	1.84
16/08/2007	98.1	0.098888889	3.37	-0.217534247	1.71	-0.072191781	2.01
17/08/2007	101	0.048888889	3.18	-0.22630137	1.66	-0.075	1.97
20/08/2007	102.7	0.018333333	3.07	-0.230410959	1.63	-0.076643836	1.95
21/08/2007	103	-0.029722222	2.91	-0.229178082	1.64	-0.078630137	1.92
22/08/2007	99.5	-0.033888889	2.9	-0.217808219	1.71	-0.073630137	1.99
23/08/2007	103.2	-0.063888889	2.81	-0.227123288	1.65	-0.073972603	1.99
24/08/2007	101	-0.061666667	2.82	-0.223013699	1.68	-0.070958904	2.03
27/08/2007	100.9	-0.060555556	2.82	-0.221643836	1.69	-0.068356164	2.06
28/08/2007	101.15	-0.040277778	2.88	-0.222328767	1.68	-0.069109589	2.05
29/08/2007	99	-0.041388889	2.88	-0.217534247	1.71	-0.064383562	2.12
30/08/2007	102.5	-0.063888889	2.81	-0.229726027	1.64	-0.070684932	2.03
31/08/2007	102.9	-0.068888889	2.8	-0.232328767	1.62	-0.073150685	2
03/09/2007	102.45	-0.063888889	2.81	-0.230547945	1.63	-0.071986301	2.01
04/09/2007	105.9	-0.108888889	2.68	-0.240821918	1.57	-0.076575342	1.95
05/09/2007	106	-0.117222222	2.65	-0.242465753	1.56	-0.078013699	1.93
06/09/2007	101.4	-0.113333333	2.67	-0.229041096	1.64	-0.070890411	2.03
07/09/2007	114	-0.180555556	2.47	-0.264794521	1.43	-0.087465753	1.8
10/09/2007	108	-0.178055556	2.48	-0.248493151	1.53	-0.079246575	1.91
11/09/2007	109.1	-0.175555556	2.48	-0.252054795	1.51	-0.081506849	1.88
12/09/2007	109	-0.227777778	2.33	-0.253561644	1.5	-0.081986301	1.88
13/09/2007	108.5	-0.208888889	2.38	-0.253835616	1.49	-0.081986301	1.88
14/09/2007	108.7	-0.237777778	2.3	-0.254383562	1.49	-0.082739726	1.87
17/09/2007	106.15	-0.208055556	2.39	-0.252465753	1.5	-0.079452055	1.91
18/09/2007	105.25	-0.234722222	2.31	-0.249726027	1.52	-0.078424658	1.92
19/09/2007	109.95	-0.285277778	2.16	-0.262876712	1.44	-0.084041096	1.85
20/09/2007	108.95	-0.278611111	2.18	-0.25890411	1.46	-0.082123288	1.87
21/09/2007	107.3	-0.290555556	2.14	-0.252328767	1.5	-0.08	1.9
24/09/2007	109	-0.281944444	2.17	-0.254109589	1.49	-0.078630137	1.92
25/09/2007	119	-0.321666667	2.05	-0.28	1.34	-0.090410959	1.76
26/09/2007	119.95	-0.327222222	2.04	-0.284109589	1.32	-0.093082192	1.72
27/09/2007	118.8	-0.297777778	2.12	-0.28109589	1.33	-0.087534247	1.8
28/09/2007	117.4	-0.303333333	2.11	-0.273972603	1.38	-0.086849315	1.81
01/10/2007	124	-0.349444444	1.97	-0.289041096	1.29	-0.09760274	1.66
03/10/2007	121.05	-0.361944444	1.93	-0.281780822	1.33	-0.094315068	1.71
04/10/2007	117.95	-0.360833333	1.94	-0.27109589	1.39	-0.091027397	1.75
05/10/2007	119.9	-0.373055556	1.9	-0.276164384	1.36	-0.093767123	1.71
08/10/2007	117	-0.343055556	1.99	-0.268630137	1.41	-0.091780822	1.74
09/10/2007	106	-0.3	2.12	-0.238493151	1.59	-0.077054795	1.94
10/10/2007	114	-0.348888889	1.97	-0.259589041	1.46	-0.086027397	1.82
11/10/2007	112	-0.361111111	1.94	-0.243972603	1.55	-0.083013699	1.86
12/10/2007	112	-0.383055556	1.87	-0.244657534	1.55	-0.080958904	1.89
15/10/2007	109	-0.347222222	1.98	-0.236986301	1.59	-0.077808219	1.93
16/10/2007	111.6	-0.358888889	1.94	-0.250547945	1.51	-0.082328767	1.87
17/10/2007	108	-0.302777778	2.11	-0.224657534	1.67	-0.076712329	1.95
18/10/2007	108	-0.316666667	2.07	-0.226849315	1.65	-0.076369863	1.95
19/10/2007	104.5	-0.280555556	2.17	-0.216575342	1.72	-0.072465753	2.01
22/10/2007	97.1	-0.233888889	2.31	-0.196027397	1.84	-0.063150685	2.13
23/10/2007	103.7	-0.253888889	2.25	-0.214246575	1.73	-0.071917808	2.01
24/10/2007	108	-0.294444444	2.13	-0.218493151	1.7	-0.077808219	1.93
25/10/2007	106.4	-0.302222222	2.11	-0.221780822	1.68	-0.075068493	1.97
26/10/2007	106	-0.312777778	2.08	-0.219178082	1.7	-0.07369863	1.99
29/10/2007	105	-0.306111111	2.1	-0.219041096	1.7	-0.074246575	1.98
30/10/2007	108.1	-0.333333333	2.02	-0.225479452	1.66	-0.080616438	1.89
31/10/2007	108	-0.313888889	2.08	-0.230821918	1.63	-0.070616438	2.03
01/11/2007	109	-0.327777778	2.03	-0.230136986	1.64	-0.071643836	2.02
02/11/2007	105.3	-0.285555556	2.16	-0.219452055	1.7	-0.064794521	2.11
05/11/2007	105.25	-0.260833333	2.23	-0.222054795	1.68	-0.064178082	2.12
06/11/2007	113.35	-0.324166667	2.05	-0.247123288	1.53	-0.075821918	1.96
07/11/2007	116	-0.344444444	1.99	-0.252054795	1.51	-0.077534247	1.94
08/11/2007	107.35	-0.297222222	2.12	-0.228356164	1.65	-0.065958904	2.1
09/11/2007	112	-0.338888889	2	-0.239452055	1.58	-0.071643836	2.02
12/11/2007	111	-0.327777778	2.03	-0.235890411	1.6	-0.066438356	2.09
13/11/2007	113.2	-0.358055556	1.95	-0.241780822	1.57	-0.069315068	2.05
14/11/2007	112.6	-0.337222222	2.01	-0.239726027	1.58	-0.071986301	2.01
15/11/2007	119	-0.361111111	1.94	-0.256849315	1.48	-0.078767123	1.92
16/11/2007	126	-0.377777778	1.89	-0.276712329	1.36	-0.085136986	1.83
19/11/2007	140	-0.472222222	1.61	-0.317671233	1.12	-0.102739726	1.59
20/11/2007	135.1	-0.445	1.69	-0.299452055	1.22	-0.095616438	1.69
21/11/2007	129	-0.401111111	1.82	-0.287945205	1.29	-0.087671233	1.8
22/11/2007	116	-0.316666667	2.07	-0.241506849	1.57	-0.07109589	2.03
23/11/2007	115.4	-0.33	2.03	-0.233972603	1.61	-0.070205479	2.04
26/11/2007	117	-0.341666667	1.99	-0.22890411	1.64	-0.075205479	1.97
27/11/2007	120	-0.370833333	1.91	-0.236986301	1.59	-0.078082192	1.93
28/11/2007	126	-0.422222222	1.76	-0.238493151	1.59	-0.085273973	1.83
29/11/2007	154.9	-0.566944444	1.33	-0.317534247	1.12	-0.122054795	1.33
30/11/2007	149.45	-0.540277778	1.41	-0.301369863	1.21	-0.110205479	1.49
03/12/2007	149.9	-0.55	1.38	-0.295890411	1.25	-0.10890411	1.51
04/12/2007	148	-0.533333333	1.43	-0.296164384	1.24	-0.100273973	1.63
05/12/2007	143.5	-0.516666667	1.48	-0.282876712	1.32	-0.094041096	1.71
06/12/2007	160	-0.600555556	1.23	-0.322739726	1.09	-0.122671233	1.32
07/12/2007	152	-0.566111111	1.33	-0.298767123	1.23	-0.107534247	1.53
10/12/2007	149	-0.55	1.38	-0.290410959	1.28	-0.102191781	1.6
11/12/2007	151	-0.558888889	1.35	-0.296712329	1.24	-0.106506849	1.54
12/12/2007	148	-0.542222222	1.4	-0.290136986	1.28	-0.100890411	1.62
13/12/2007	150	-0.55	1.38	-0.282191781	1.33	-0.104315068	1.57
14/12/2007	147.25	-0.529166667	1.44	-0.27739726	1.35	-0.101027397	1.62
17/12/2007	150	-0.538333333	1.41	-0.301917808	1.21	-0.105890411	1.55
18/12/2007	137.5	-0.469444444	1.62	-0.25890411	1.46	-0.088356164	1.79
19/12/2007	143	-0.502777778	1.52	-0.276986301	1.36	-0.094931507	1.7
20/12/2007	150	-0.544444444	1.4	-0.294520548	1.25	-0.108630137	1.51
24/12/2007	145	-0.522222222	1.46	-0.286712329	1.3	-0.100068493	1.63
26/12/2007	145	-0.545555556	1.39	-0.293150685	1.26	-0.105205479	1.56
27/12/2007	145	-0.572222222	1.31	-0.283561644	1.32	-0.106164384	1.54
28/12/2007	140	-0.533333333	1.43	-0.278082192	1.35	-0.103287671	1.58
31/12/2007	144	-0.586111111	1.27	-0.28890411	1.29	-0.106849315	1.54
01/01/2008	146.1	-0.5825	1.28	-0.29630137	1.24	-0.113013699	1.45
02/01/2008	154	-0.622222222	1.17	-0.326027397	1.07	-0.126027397	1.27
03/01/2008	159.25	-0.660277778	1.05	-0.333561644	1.02	-0.135753425	1.14
04/01/2008	161	-0.678888889	1	-0.337260274	1	-0.145890411	1
07/01/2008	150	-0.613333333	1.19	-0.312465753	1.15	-0.127945205	1.25
08/01/2008	155.85	-0.641944444	1.11	-0.318082192	1.11	-0.131575342	1.2
09/01/2008	150	-0.619444444	1.18	-0.301369863	1.21	-0.11890411	1.37
10/01/2008	151.85	-0.660277778	1.05	-0.314383562	1.14	-0.123082192	1.31
11/01/2008	143.5	-0.597222222	1.24	-0.290821918	1.28	-0.113835616	1.44
14/01/2008	142.9	-0.596666667	1.24	-0.290547945	1.28	-0.115616438	1.42
15/01/2008	144	-0.616944444	1.18	-0.291232877	1.27	-0.121917808	1.33
16/01/2008	138.1	-0.595	1.25	-0.285205479	1.31	-0.113150685	1.45
17/01/2008	139.25	-0.6125	1.2	-0.292465753	1.27	-0.121917808	1.33
18/01/2008	137	-0.606666667	1.21	-0.289178082	1.29	-0.113767123	1.44
21/01/2008	129.1	-0.575555556	1.3	-0.270821918	1.39	-0.102191781	1.6
22/01/2008	96	-0.344722222	1.98	-0.18630137	1.9	-0.05630137	2.23
23/01/2008	102.9	-0.410555556	1.79	-0.207260274	1.77	-0.067671233	2.07
24/01/2008	112	-0.473333333	1.61	-0.228356164	1.65	-0.079452055	1.91
25/01/2008	105	-0.407222222	1.8	-0.201232877	1.81	-0.066369863	2.09
28/01/2008	111	-0.437222222	1.71	-0.216438356	1.72	-0.074452055	1.98
29/01/2008	127.9	-0.521666667	1.46	-0.25630137	1.48	-0.097534247	1.66
30/01/2008	115.1	-0.465	1.63	-0.219452055	1.7	-0.081643836	1.88
31/01/2008	114.5	-0.475	1.6	-0.216438356	1.72	-0.081506849	1.88
01/02/2008	115	-0.482222222	1.58	-0.219452055	1.7	-0.082739726	1.87
04/02/2008	113	-0.488888889	1.56	-0.213150685	1.74	-0.080410959	1.9
05/02/2008	110.85	-0.470833333	1.61	-0.206438356	1.78	-0.077191781	1.94
06/02/2008	113.4	-0.473333333	1.61	-0.214794521	1.73	-0.07739726	1.94
07/02/2008	113	-0.488888889	1.56	-0.215068493	1.72	-0.073972603	1.99
08/02/2008	107.2	-0.4525	1.67	-0.201917808	1.8	-0.066027397	2.09
11/02/2008	104	-0.430555556	1.73	-0.190410959	1.87	-0.063493151	2.13
12/02/2008	104	-0.422222222	1.76	-0.189589041	1.88	-0.064520548	2.12
13/02/2008	102	-0.422777778	1.75	-0.183424658	1.91	-0.064109589	2.12
14/02/2008	104.5	-0.438888889	1.71	-0.190547945	1.87	-0.067534247	2.07
15/02/2008	108	-0.452777778	1.67	-0.198630137	1.82	-0.076917808	1.95
18/02/2008	113	-0.476388889	1.6	-0.205479452	1.78	-0.084109589	1.85
19/02/2008	114.7	-0.496666667	1.54	-0.205753425	1.78	-0.08390411	1.85
20/02/2008	115	-0.496666667	1.54	-0.20630137	1.78	-0.08609589	1.82
21/02/2008	112	-0.466666667	1.63	-0.204931507	1.78	-0.084863014	1.84
22/02/2008	107.85	-0.466388889	1.63	-0.191369863	1.87	-0.081986301	1.88
25/02/2008	109	-0.476388889	1.6	-0.191780822	1.86	-0.079452055	1.91
26/02/2008	109	-0.494166667	1.54	-0.196164384	1.84	-0.079863014	1.91
27/02/2008	119.8	-0.551666667	1.37	-0.226575342	1.66	-0.093219178	1.72
28/02/2008	112.5	-0.512777778	1.49	-0.206575342	1.77	-0.08260274	1.87
29/02/2008	109.45	-0.497777778	1.53	-0.198219178	1.82	-0.076780822	1.95
03/03/2008	108.1	-0.492777778	1.55	-0.194520548	1.85	-0.075753425	1.96
04/03/2008	106.6	-0.486666667	1.57	-0.187945205	1.89	-0.078219178	1.93
05/03/2008	99.2	-0.451111111	1.67	-0.169863014	1.99	-0.072191781	2.01
07/03/2008	98.75	-0.448611111	1.68	-0.166712329	2.01	-0.069520548	2.05
10/03/2008	93	-0.416388889	1.77	-0.149315068	2.11	-0.063150685	2.13
11/03/2008	91.6	-0.406666667	1.8	-0.140273973	2.17	-0.062465753	2.14
12/03/2008	100	-0.442222222	1.7	-0.164794521	2.02	-0.071369863	2.02
13/03/2008	98	-0.428333333	1.74	-0.155068493	2.08	-0.067876712	2.07
14/03/2008	93.5	-0.406944444	1.8	-0.151369863	2.1	-0.061986301	2.15
17/03/2008	87	-0.362222222	1.93	-0.132328767	2.22	-0.05739726	2.21
18/03/2008	84.5	-0.339444444	2	-0.126575342	2.25	-0.058013699	2.2
19/03/2008	88.5	-0.352777778	1.96	-0.138356164	2.18	-0.067054795	2.08
24/03/2008	81	-0.316666667	2.07	-0.111917808	2.34	-0.052260274	2.28
25/03/2008	78	-0.293055556	2.14	-0.105616438	2.37	-0.046575342	2.36
26/03/2008	82.5	-0.333611111	2.02	-0.118493151	2.3	-0.05	2.31
27/03/2008	80.95	-0.313611111	2.08	-0.115342466	2.32	-0.048972603	2.33
28/03/2008	94.8	-0.393333333	1.84	-0.148493151	2.12	-0.065479452	2.1
31/03/2008	90	-0.369444444	1.91	-0.131506849	2.22	-0.061506849	2.16
01/04/2008	84.5	-0.35	1.97	-0.114794521	2.32	-0.054109589	2.26
02/04/2008	89.4	-0.378888889	1.88	-0.130547945	2.23	-0.061643836	2.15
03/04/2008	85.2	-0.3525	1.96	-0.124383562	2.26	-0.056575342	2.22
04/04/2008	83.6	-0.353333333	1.96	-0.118356164	2.3	-0.058356164	2.2
07/04/2008	81.25	-0.3375	2.01	-0.113013699	2.33	-0.053561644	2.27
08/04/2008	83	-0.338888889	2	-0.115068493	2.32	-0.055342466	2.24
09/04/2008	84	-0.344444444	1.99	-0.119726027	2.29	-0.05369863	2.26
10/04/2008	94	-0.391666667	1.85	-0.144657534	2.14	-0.065753425	2.1
11/04/2008	89.5	-0.363888889	1.93	-0.127671233	2.24	-0.060821918	2.17
15/04/2008	87.85	-0.353611111	1.96	-0.120958904	2.28	-0.05869863	2.2
16/04/2008	87	-0.348333333	1.97	-0.123287671	2.27	-0.056780822	2.22
17/04/2008	93.1	-0.404166667	1.81	-0.13890411	2.18	-0.064657534	2.11
21/04/2008	108.9	-0.491111111	1.55	-0.182191781	1.92	-0.087739726	1.8
22/04/2008	108.3	-0.486666667	1.57	-0.181780822	1.92	-0.088013699	1.79
23/04/2008	111.5	-0.511111111	1.49	-0.192328767	1.86	-0.091986301	1.74
24/04/2008	109.8	-0.501666667	1.52	-0.190410959	1.87	-0.091369863	1.75
25/04/2008	103.8	-0.468888889	1.62	-0.173287671	1.97	-0.082054795	1.88
28/04/2008	108.5	-0.494444444	1.54	-0.187123288	1.89	-0.088630137	1.78
29/04/2008	107	-0.486111111	1.57	-0.174246575	1.97	-0.088082192	1.79
30/04/2008	107.4	-0.491111111	1.55	-0.181643836	1.92	-0.088972603	1.78
02/05/2008	111.9	-0.516111111	1.48	-0.194520548	1.85	-0.095547945	1.69
05/05/2008	118.2	-0.551111111	1.38	-0.214246575	1.73	-0.103561644	1.58
06/05/2008	115.9	-0.542777778	1.4	-0.204657534	1.79	-0.099589041	1.63
07/05/2008	109.8	-0.508888889	1.5	-0.188493151	1.88	-0.089452055	1.77
08/05/2008	106	-0.486388889	1.57	-0.175479452	1.96	-0.083287671	1.86
09/05/2008	97.65	-0.435833333	1.72	-0.154109589	2.09	-0.072465753	2.01
12/05/2008	93.4	-0.418611111	1.77	-0.14630137	2.13	-0.06369863	2.13
13/05/2008	91.7	-0.406388889	1.8	-0.14260274	2.15	-0.06260274	2.14
14/05/2008	89.9	-0.395555556	1.83	-0.138630137	2.18	-0.058972603	2.19
15/05/2008	90	-0.397777778	1.83	-0.144657534	2.14	-0.056986301	2.22
16/05/2008	93.9	-0.418333333	1.77	-0.161369863	2.04	-0.060684932	2.17
20/05/2008	91.55	-0.401111111	1.82	-0.160136986	2.05	-0.055547945	2.24
21/05/2008	91	-0.394444444	1.84	-0.156575342	2.07	-0.054794521	2.25
22/05/2008	90.5	-0.39	1.85	-0.157123288	2.07	-0.056438356	2.23
23/05/2008	90.95	-0.396388889	1.83	-0.15739726	2.07	-0.056506849	2.23
26/05/2008	86.3	-0.368333333	1.91	-0.14739726	2.13	-0.039520548	2.46
27/05/2008	84.9	-0.360555556	1.94	-0.141780822	2.16	-0.035479452	2.51
28/05/2008	81	-0.341111111	2	-0.128630137	2.24	-0.03369863	2.54
29/05/2008	81.5	-0.349166667	1.97	-0.127534247	2.24	-0.024794521	2.66
30/05/2008	75.95	-0.321388889	2.05	-0.105342466	2.38	-0.018287671	2.75
02/06/2008	77.5	-0.328888889	2.03	-0.112328767	2.33	-0.022876712	2.69
03/06/2008	68	-0.277777778	2.18	-0.076712329	2.55	-0.007739726	2.89
04/06/2008	70.9	-0.296666667	2.13	-0.088767123	2.47	-0.009452055	2.87
05/06/2008	65.9	-0.267222222	2.21	-0.076575342	2.55	-0.004657534	2.94
06/06/2008	68.7	-0.285277778	2.16	-0.083561644	2.5	-0.009452055	2.87
09/06/2008	63	-0.253888889	2.25	-0.069863014	2.59	-0.004794521	2.93
10/06/2008	58.6	-0.230555556	2.32	-0.057671233	2.66	-0.001643836	2.98
11/06/2008	58.8	-0.235277778	2.31	-0.06109589	2.64	-0.00109589	2.98
12/06/2008	55	-0.2175	2.36	-0.04369863	2.74	0.008630137	3.41
13/06/2008	58.25	-0.235555556	2.31	-0.055479452	2.67	0.001849315	3.09
16/06/2008	61.1	-0.261666667	2.23	-0.06369863	2.62	-0.000136986	3
17/06/2008	61.05	-0.260833333	2.23	-0.064520548	2.62	-0.001986301	2.97
18/06/2008	65.2	-0.284444444	2.16	-0.080547945	2.52	-0.007328767	2.9
19/06/2008	62.8	-0.268611111	2.21	-0.072328767	2.57	-0.002876712	2.96
20/06/2008	61.1	-0.255	2.25	-0.070958904	2.58	-0.000684932	2.99
23/06/2008	55.9	-0.220277778	2.35	-0.052328767	2.69	0.008219178	3.39
24/06/2008	53	-0.201111111	2.41	-0.043013699	2.74	0.009863014	3.47
25/06/2008	52.75	-0.202777778	2.4	-0.044794521	2.73	0.008150685	3.39
26/06/2008	55.25	-0.216944444	2.36	-0.050821918	2.7	0.00239726	3.11
27/06/2008	52	-0.192222222	2.43	-0.041780822	2.75	0.001712329	3.08
30/06/2008	51.2	-0.181666667	2.46	-0.04109589	2.76	0.005890411	3.28
01/07/2008	47	-0.16	2.53	-0.028630137	2.83	0.010273973	3.49
02/07/2008	43.05	-0.133611111	2.61	-0.015479452	2.91	0.016849315	3.8
03/07/2008	46.5	-0.152222222	2.55	-0.027945205	2.83	0.01130137	3.54
04/07/2008	47	-0.155833333	2.54	-0.030410959	2.82	0.011643836	3.55
07/07/2008	53.5	-0.191944444	2.43	-0.050821918	2.7	0.005616438	3.27
08/07/2008	51	-0.176388889	2.48	-0.043835616	2.74	0.010684932	3.51
09/07/2008	54	-0.1725	2.49	-0.05260274	2.69	0.008219178	3.39
10/07/2008	55	-0.179444444	2.47	-0.056438356	2.67	0.005205479	3.25
11/07/2008	58	-0.197222222	2.42	-0.064383562	2.62	0.002054795	3.1
14/07/2008	55	-0.193611111	2.43	-0.05630137	2.67	0.005136986	3.24
15/07/2008	52	-0.144444444	2.57	-0.046712329	2.72	0.010205479	3.48
16/07/2008	49.7	-0.136111111	2.6	-0.041643836	2.75	0.013493151	3.64
17/07/2008	49.9	-0.135833333	2.6	-0.042191781	2.75	0.014178082	3.67
18/07/2008	48.1	-0.125277778	2.63	-0.035890411	2.79	0.01630137	3.77
21/07/2008	51.5	-0.144444444	2.57	-0.044246575	2.74	0.013013699	3.62
22/07/2008	50	-0.120833333	2.64	-0.040821918	2.76	0.017191781	3.82
23/07/2008	53.9	-0.158055556	2.53	-0.052191781	2.69	0.01109589	3.53
24/07/2008	58.3	-0.179444444	2.47	-0.062191781	2.63	0.001986301	3.09
25/07/2008	55	-0.166388889	2.51	-0.052739726	2.69	0.007191781	3.34
28/07/2008	54	-0.156666667	2.54	-0.048219178	2.71	0.008219178	3.39
29/07/2008	53.85	-0.167222222	2.51	-0.045205479	2.73	0.00390411	3.19
30/07/2008	51	-0.144444444	2.57	-0.037260274	2.78	0.006849315	3.33
31/07/2008	52	-0.148888889	2.56	-0.039726027	2.76	0.002808219	3.13
01/08/2008	48.75	-0.136388889	2.6	-0.033150685	2.8	0.008972603	3.43
04/08/2008	51.9	-0.159722222	2.53	-0.046712329	2.72	0.007945205	3.38
05/08/2008	54	-0.166666667	2.51	-0.038356164	2.77	0.006849315	3.33
06/08/2008	58	-0.188888889	2.44	-0.050821918	2.7	0.000547945	3.03
07/08/2008	55	-0.168888889	2.5	-0.045205479	2.73	0.004931507	3.23
08/08/2008	55	-0.167222222	2.51	-0.034657534	2.79	0.007123288	3.34
11/08/2008	56.8	-0.176944444	2.48	-0.044931507	2.73	0.005136986	3.24
12/08/2008	59	-0.188333333	2.45	-0.050958904	2.7	0.002328767	3.11
13/08/2008	56	-0.170833333	2.5	-0.046027397	2.73	0.006164384	3.29
14/08/2008	55.5	-0.169444444	2.5	-0.041369863	2.75	0.006712329	3.32
18/08/2008	53.25	-0.162222222	2.52	-0.035205479	2.79	0.010342466	3.49
19/08/2008	50	-0.134444444	2.6	-0.02630137	2.84	0.017465753	3.83
20/08/2008	52.85	-0.160833333	2.53	-0.034109589	2.8	0.011712329	3.56
21/08/2008	52.2	-0.135277778	2.6	-0.032328767	2.81	0.013150685	3.62
22/08/2008	50.9	-0.116111111	2.66	-0.028767123	2.83	0.019315068	3.92
25/08/2008	52	-0.103055556	2.7	-0.031780822	2.81	0.012876712	3.61
26/08/2008	50.5	-0.094444444	2.72	-0.027671233	2.84	0.014383562	3.68
27/08/2008	51.9	-0.071944444	2.79	-0.031506849	2.81	0.012123288	3.58
28/08/2008	50.1	-0.061666667	2.82	-0.053424658	2.68	0.015479452	3.73
29/08/2008	50	-0.058611111	2.83	-0.04109589	2.76	0.013561644	3.64
01/09/2008	50.4	-0.047222222	2.86	-0.039452055	2.77	0.011643836	3.55
02/09/2008	50.4	-0.058333333	2.83	-0.037534247	2.78	0.012808219	3.61
04/09/2008	51	-0.059722222	2.82	-0.041643836	2.75	0.012328767	3.59
05/09/2008	52	-0.054444444	2.84	-0.042739726	2.75	0.009452055	3.45
08/09/2008	53.1	-0.056388889	2.83	-0.047671233	2.72	0.00609589	3.29
09/09/2008	53	-0.055555556	2.84	-0.046575342	2.72	0.005	3.24
10/09/2008	52.5	-0.054444444	2.84	-0.04630137	2.73	0.007123288	3.34
11/09/2008	52	-0.055	2.84	-0.047945205	2.72	0.007465753	3.35
12/09/2008	51	-0.022222222	2.93	-0.045479452	2.73	0.006986301	3.33
15/09/2008	46.8	-0.004444444	2.99	-0.036849315	2.78	0.013424658	3.64
16/09/2008	42	-0.012222222	2.96	-0.024520548	2.85	0.017808219	3.85
17/09/2008	44	-0.005555556	2.98	-0.028082192	2.83	0.011643836	3.55
18/09/2008	38.5	0.018888889	3.07	-0.010958904	2.94	0.019863014	3.94
19/09/2008	41.25	0.006944444	3.03	-0.015616438	2.91	0.014931507	3.71
22/09/2008	42	-0.009166667	2.97	-0.016712329	2.9	0.014041096	3.67
23/09/2008	40.4	-0.013333333	2.96	-0.008767123	2.95	0.016575342	3.79
24/09/2008	38.8	0.015	3.06	-0.004657534	2.97	0.01890411	3.9
25/09/2008	39.6	-0.006111111	2.98	-0.007123288	2.96	0.014246575	3.68
26/09/2008	40.3	-0.009722222	2.97	-0.010410959	2.94	0.009657534	3.46
29/09/2008	38.5	-0.003055556	2.99	-0.00739726	2.96	0.007534247	3.36
30/09/2008	33	0.011111111	3.04	0.004657534	3.05	0.014657534	3.7
01/10/2008	36	0.008333333	3.03	-0.00260274	2.98	0.014383562	3.68
03/10/2008	35.5	0.013333333	3.05	-0.00369863	2.98	0.015068493	3.72
06/10/2008	32.95	0.016666667	3.06	0.002328767	3.03	0.017876712	3.85
07/10/2008	31	0.048611111	3.18	0.009863014	3.11	0.017671233	3.84
08/10/2008	29	0.061111111	3.23	0.015068493	3.17	0.019452055	3.92
10/10/2008	27.8	0.051666667	3.19	0.01739726	3.19	0.023767123	4.13
13/10/2008	25.5	0.065833333	3.25	0.021917808	3.24	0.029452055	4.4
14/10/2008	33.95	0.016111111	3.06	-0.002328767	2.99	0.015273973	3.73
15/10/2008	29	0.048333333	3.18	0.010136986	3.11	0.021917808	4.04
16/10/2008	26.8	0.04	3.15	0.014931507	3.17	0.028767123	4.37
17/10/2008	31.7	0.004444444	3.02	0.00260274	3.03	0.02369863	4.13
20/10/2008	32.3	-0.004722222	2.99	0.000958904	3.01	0.023424658	4.11
21/10/2008	34	-0.020833333	2.94	-0.003287671	2.98	0.015410959	3.73
22/10/2008	31.4	-0.018888889	2.94	0.003013699	3.03	0.019863014	3.94
23/10/2008	29	-0.009722222	2.97	0.011506849	3.13	0.024931507	4.18
24/10/2008	28.2	0.0025	3.01	0.017123288	3.19	0.025753425	4.22
27/10/2008	25	0.036388889	3.14	0.026986301	3.3	0.032739726	4.55
28/10/2008	26.1	0.032777778	3.12	0.026027397	3.29	0.029863014	4.42
29/10/2008	28.2	0.034166667	3.13	0.018630137	3.21	0.02609589	4.24
31/10/2008	25	0.055555556	3.21	0.026986301	3.3	0.032191781	4.53
03/11/2008	25.75	0.054166667	3.2	0.024520548	3.27	0.031027397	4.47
04/11/2008	26.5	0.046666667	3.17	0.02739726	3.3	0.025753425	4.22
05/11/2008	28	0.04	3.15	0.020547945	3.23	0.024931507	4.18
06/11/2008	25.9	0.053333333	3.2	0.024931507	3.28	0.02890411	4.37
07/11/2008	25.5	0.052777778	3.2	0.034246575	3.38	0.028630137	4.36
10/11/2008	26.5	0.044444444	3.17	0.04	3.44	0.024589041	4.17
11/11/2008	27.25	0.034722222	3.13	0.03739726	3.41	0.02390411	4.13
12/11/2008	25.3	0.051111111	3.19	0.043013699	3.48	0.022671233	4.08
14/11/2008	25.6	0.051111111	3.19	0.050273973	3.56	0.022465753	4.07
17/11/2008	28	0.039166667	3.15	0.041780822	3.46	0.015205479	3.72
18/11/2008	23.9	0.061388889	3.23	0.05369863	3.6	0.021232877	4.01
19/11/2008	23.25	0.068055556	3.25	0.057123288	3.63	0.022328767	4.06
20/11/2008	20.05	0.099722222	3.37	0.068082192	3.75	0.028013699	4.33
21/11/2008	20.5	0.106111111	3.4	0.067123288	3.74	0.025890411	4.23
24/11/2008	20.2	0.108333333	3.4	0.069863014	3.77	0.030479452	4.45
25/11/2008	19.85	0.096388889	3.36	0.063561644	3.7	0.031986301	4.52
26/11/2008	19.4	0.103333333	3.39	0.075342466	3.84	0.03369863	4.6
28/11/2008	19	0.111111111	3.41	0.073972603	3.82	0.03369863	4.6
01/12/2008	18	0.107777778	3.4	0.073287671	3.81	0.035205479	4.67
02/12/2008	18	0.106111111	3.4	0.074246575	3.82	0.034520548	4.64
03/12/2008	18.05	0.105833333	3.39	0.072465753	3.8	0.034315068	4.63
04/12/2008	18.4	0.103888889	3.39	0.06890411	3.76	0.033972603	4.61
05/12/2008	20.4	0.092777778	3.35	0.062739726	3.7	0.029520548	4.4
08/12/2008	20.9	0.095	3.35	0.058630137	3.65	0.030273973	4.44
10/12/2008	20.25	0.094166667	3.35	0.064794521	3.72	0.033219178	4.58
11/12/2008	21.8	0.089444444	3.33	0.058082192	3.64	0.030273973	4.44
12/12/2008	23.4	0.083888889	3.31	0.058493151	3.65	0.029589041	4.4
15/12/2008	25	0.085555556	3.32	0.049315068	3.55	0.026027397	4.24
16/12/2008	24	0.088055556	3.33	0.055616438	3.62	0.028082192	4.33
17/12/2008	25.25	0.089722222	3.33	0.048630137	3.54	0.027260274	4.29
18/12/2008	22.45	0.087777778	3.33	0.053561644	3.59	0.031027397	4.47
19/12/2008	24.5	0.078888889	3.29	0.049315068	3.55	0.028013699	4.33
22/12/2008	24	0.079444444	3.3	0.052054795	3.58	0.026232877	4.25
23/12/2008	23.5	0.080555556	3.3	0.054794521	3.61	0.025479452	4.21
24/12/2008	21.5	0.103611111	3.39	0.063835616	3.71	0.025479452	4.21
25/12/2008	21.2	0.101388889	3.38	0.078630137	3.87	0.023835616	4.13
26/12/2008	21.75	0.097222222	3.36	0.074520548	3.83	0.024041096	4.14
29/12/2008	20	0.104722222	3.39	0.076438356	3.85	0.025616438	4.22
30/12/2008	20.5	0.111666667	3.42	0.066849315	3.74	0.024383562	4.16
31/12/2008	22	0.111111111	3.41	0.069452055	3.77	0.020753425	3.99
01/01/2009	22	0.114444444	3.43	0.064246575	3.71	0.021232877	4.01
02/01/2009	23.5	0.101388889	3.38	0.059452055	3.66	0.01630137	3.77
05/01/2009	24	0.087777778	3.33	0.06109589	3.68	0.018013699	3.86
06/01/2009	24.2	0.09	3.34	0.060958904	3.68	0.019246575	3.91
07/01/2009	24.3	0.087222222	3.33	0.06	3.67	0.021917808	4.04
08/01/2009	20.35	0.114722222	3.43	0.07	3.78	0.024109589	4.14
09/01/2009	20.5	0.11	3.41	0.069315068	3.77	0.025068493	4.19
12/01/2009	20.7	0.113888889	3.42	0.069315068	3.77	0.024315068	4.15
13/01/2009	19.5	0.13	3.48	0.072328767	3.8	0.028561644	4.36
14/01/2009	19.5	0.134444444	3.5	0.072739726	3.81	0.028082192	4.33
15/01/2009	19.4	0.125555556	3.47	0.076164384	3.84	0.028150685	4.34
16/01/2009	19.5	0.127222222	3.47	0.076712329	3.85	0.028219178	4.34
19/01/2009	19.5	0.127222222	3.47	0.075616438	3.84	0.025410959	4.21
20/01/2009	19	0.1275	3.48	0.073972603	3.82	0.026849315	4.27
21/01/2009	19	0.123888889	3.46	0.072876712	3.81	0.023835616	4.13
22/01/2009	19	0.118333333	3.44	0.071506849	3.79	0.025616438	4.22
23/01/2009	18.2	0.124166667	3.46	0.075342466	3.84	0.025753425	4.22
27/01/2009	18.2	0.122222222	3.46	0.075342466	3.84	0.025821918	4.23
28/01/2009	18.45	0.138611111	3.52	0.073287671	3.81	0.021780822	4.03
29/01/2009	19.2	0.121666667	3.45	0.069315068	3.77	0.021643836	4.03
30/01/2009	18.05	0.126944444	3.47	0.075616438	3.84	0.022808219	4.08
02/02/2009	18.55	0.119166667	3.44	0.073835616	3.82	0.022191781	4.05
03/02/2009	18.7	0.125	3.47	0.072054795	3.8	0.023356164	4.11
04/02/2009	18.4	0.125555556	3.47	0.073972603	3.82	0.022123288	4.05
05/02/2009	18.6	0.129722222	3.48	0.075753425	3.84	0.022876712	4.09
06/02/2009	19.35	0.1225	3.46	0.075068493	3.83	0.019794521	3.94
09/02/2009	20	0.111111111	3.41	0.070136986	3.78	0.017465753	3.83
10/02/2009	20.3	0.1075	3.4	0.069726027	3.77	0.016027397	3.76
11/02/2009	19.6	0.109444444	3.41	0.08109589	3.9	0.017260274	3.82
12/02/2009	20	0.095555556	3.36	0.08	3.89	0.016575342	3.79
13/02/2009	20	0.083333333	3.31	0.084931507	3.94	0.019178082	3.91
16/02/2009	19.6	0.075	3.28	0.085205479	3.94	0.02109589	4
17/02/2009	18.65	0.084444444	3.32	0.091369863	4.01	0.022534247	4.07
18/02/2009	18.1	0.083611111	3.31	0.089863014	4	0.023835616	4.13
19/02/2009	18.3	0.084444444	3.32	0.085479452	3.95	0.025479452	4.21
20/02/2009	18	0.080555556	3.3	0.08739726	3.97	0.028424658	4.35
24/02/2009	17.5	0.086944444	3.32	0.089041096	3.99	0.031164384	4.48
25/02/2009	17.8	0.090277778	3.34	0.085616438	3.95	0.033013699	4.57
26/02/2009	17.35	0.097777778	3.36	0.088493151	3.98	0.03130137	4.49
27/02/2009	17.3	0.112222222	3.42	0.09	4	0.03130137	4.49
02/03/2009	17.1	0.107777778	3.4	0.090547945	4	0.031780822	4.51
03/03/2009	16.45	0.130833333	3.49	0.090821918	4.01	0.030890411	4.47
04/03/2009	15.85	0.125833333	3.47	0.091232877	4.01	0.033082192	4.57
05/03/2009	15.85	0.122777778	3.46	0.089863014	4	0.033630137	4.6
06/03/2009	14	0.134444444	3.5	0.093972603	4.04	0.038287671	4.82
09/03/2009	14.1	0.13	3.48	0.093287671	4.03	0.040547945	4.93
12/03/2009	14	0.130833333	3.49	0.093150685	4.03	0.039589041	4.88
13/03/2009	14.45	0.1225	3.46	0.093561644	4.04	0.039452055	4.87
16/03/2009	15.2	0.1325	3.49	0.09260274	4.03	0.037808219	4.8
17/03/2009	16.25	0.120833333	3.45	0.089452055	3.99	0.034726027	4.65
18/03/2009	16.8	0.116944444	3.44	0.095342466	4.06	0.036575342	4.74
19/03/2009	16.25	0.118055556	3.44	0.100684932	4.12	0.038013699	4.8
20/03/2009	16.2	0.108888889	3.41	0.098082192	4.09	0.03739726	4.78
23/03/2009	17.4	0.105555556	3.39	0.102739726	4.14	0.036438356	4.73
24/03/2009	18.5	0.092777778	3.35	0.097260274	4.08	0.034931507	4.66
25/03/2009	18.2	0.103333333	3.39	0.094657534	4.05	0.035890411	4.7
26/03/2009	19	0.101666667	3.38	0.090958904	4.01	0.038150685	4.81
27/03/2009	19.1	0.096111111	3.36	0.088767123	3.98	0.039589041	4.88
30/03/2009	18.95	0.098611111	3.37	0.089041096	3.99	0.038493151	4.83
31/03/2009	18.95	0.098888889	3.37	0.085068493	3.94	0.040342466	4.92
01/04/2009	19.25	0.094166667	3.35	0.083561644	3.93	0.040684932	4.93
02/04/2009	22.95	0.075555556	3.28	0.07739726	3.86	0.038424658	4.82
06/04/2009	22.7	0.081666667	3.3	0.078630137	3.87	0.041438356	4.97
07/04/2009	22.5	0.076666667	3.29	0.083287671	3.92	0.038561644	4.83
08/04/2009	20.15	0.0875	3.33	0.087808219	3.97	0.042123288	5
09/04/2009	26	0.049722222	3.19	0.069863014	3.77	0.033150685	4.57
10/04/2009	25.2	0.054444444	3.2	0.073424658	3.81	0.029178082	4.39
13/04/2009	25.45	0.051944444	3.19	0.073424658	3.81	0.032260274	4.53
14/04/2009	25.55	0.049166667	3.18	0.071369863	3.79	0.029178082	4.39
15/04/2009	25.5	0.05	3.19	0.069863014	3.77	0.028013699	4.33
16/04/2009	28.25	0.034444444	3.13	0.062876712	3.7	0.028287671	4.34
17/04/2009	25.45	0.052777778	3.2	0.070547945	3.78	0.031438356	4.49
20/04/2009	26	0.047222222	3.18	0.070136986	3.78	0.03260274	4.55
21/04/2009	25.05	0.0525	3.2	0.074383562	3.82	0.029383562	4.4
22/04/2009	25.8	0.051111111	3.19	0.068493151	3.76	0.026438356	4.26
23/04/2009	23.75	0.064444444	3.24	0.069863014	3.77	0.028287671	4.34
24/04/2009	25	0.056111111	3.21	0.086164384	3.96	0.033219178	4.58
27/04/2009	25.2	0.053611111	3.2	0.08630137	3.96	0.027534247	4.31
28/04/2009	24.2	0.063333333	3.24	0.09260274	4.03	0.031780822	4.51
29/04/2009	23.15	0.07	3.26	0.096575342	4.07	0.033424658	4.59
30/04/2009	24	0.068888889	3.26	0.093150685	4.03	0.032739726	4.55
01/05/2009	24	0.074166667	3.28	0.096986301	4.08	0.032876712	4.56
04/05/2009	24.6	0.071111111	3.27	0.094794521	4.05	0.029315068	4.39
05/05/2009	24.9	0.07	3.26	0.095342466	4.06	0.028287671	4.34
06/05/2009	24.95	0.065	3.24	0.102876712	4.14	0.020616438	3.98
07/05/2009	25.1	0.054166667	3.2	0.102739726	4.14	0.026575342	4.26
08/05/2009	25.25	0.081944444	3.31	0.095342466	4.06	0.028767123	4.37
11/05/2009	25	0.080277778	3.3	0.1	4.11	0.026164384	4.24
12/05/2009	24.05	0.080277778	3.3	0.109041096	4.21	0.028561644	4.36
13/05/2009	25.8	0.091944444	3.34	0.10739726	4.19	0.023561644	4.12
14/05/2009	23.9	0.091666667	3.34	0.113424658	4.26	0.026712329	4.27
15/05/2009	27.85	0.069722222	3.26	0.101780822	4.13	0.020068493	3.95
18/05/2009	30	0.051111111	3.19	0.093424658	4.04	0.016986301	3.81
19/05/2009	33.45	0.038611111	3.14	0.084109589	3.93	0.016369863	3.78
20/05/2009	33.5	0.038333333	3.14	0.078356164	3.87	0.018767123	3.89
21/05/2009	38.95	0.008055556	3.03	0.065890411	3.73	0.010410959	3.49
22/05/2009	39	0.007777778	3.03	0.067808219	3.75	0.010890411	3.52
25/05/2009	39.45	0.005277778	3.02	0.072191781	3.8	0.010273973	3.49
26/05/2009	41.9	-0.008333333	2.98	0.074246575	3.82	0.006369863	3.3
27/05/2009	39.9	0.002777778	3.01	0.083561644	3.93	0.008356164	3.4
28/05/2009	40.25	0.000833333	3	0.094657534	4.05	0.009931507	3.47
29/05/2009	42.2	-0.01	2.97	0.089452055	3.99	0.00890411	3.42
01/06/2009	42.95	-0.068611111	2.8	0.075342466	3.84	0.011575342	3.55
02/06/2009	43	-0.044444444	2.87	0.083561644	3.93	0.007534247	3.36
03/06/2009	42.7	-0.037222222	2.89	0.086849315	3.96	0.010684932	3.51
04/06/2009	42.1	-0.03	2.91	0.085342466	3.95	0.010821918	3.51
05/06/2009	47	-0.062222222	2.82	0.074931507	3.83	0.002739726	3.13
08/06/2009	46	-0.053333333	2.84	0.07630137	3.85	0.003835616	3.18
09/06/2009	39.8	-0.022777778	2.93	0.092328767	4.02	0.010616438	3.5
10/06/2009	43	-0.038888889	2.89	0.081369863	3.9	0.003767123	3.18
11/06/2009	41.9	-0.035	2.9	0.085205479	3.94	0.004657534	3.22
12/06/2009	42.5	-0.044444444	2.87	0.085479452	3.95	0.003150685	3.15
15/06/2009	40.35	-0.033055556	2.9	0.083150685	3.92	0.005479452	3.26
16/06/2009	38	-0.025833333	2.92	0.093013699	4.03	0.009452055	3.45
17/06/2009	41.5	-0.046944444	2.86	0.073150685	3.81	0.005821918	3.28
18/06/2009	38.5	-0.026388889	2.92	0.079452055	3.88	0.010273973	3.49
19/06/2009	38.55	-0.0225	2.93	0.071369863	3.79	0.009246575	3.44
22/06/2009	37.95	-0.013333333	2.96	0.076849315	3.85	0.008013699	3.38
23/06/2009	35	0.005	3.02	0.078356164	3.87	0.009589041	3.46
24/06/2009	37.5	-0.001666667	3	0.067123288	3.74	0.008219178	3.39
25/06/2009	37.9	-0.004444444	2.99	0.060958904	3.68	0.004520548	3.21
26/06/2009	35.95	0.005833333	3.02	0.050821918	3.56	0.006917808	3.33
29/06/2009	39.75	-0.018055556	2.95	0.046164384	3.51	6.84932E-05	3
30/06/2009	40	-0.023333333	2.93	0.054246575	3.6	-0.000273973	3
01/07/2009	37.1	-0.013333333	2.96	0.071506849	3.79	0.002328767	3.11
02/07/2009	37.35	-0.012777778	2.96	0.067534247	3.75	0.002945205	3.14
03/07/2009	36.85	-0.015	2.96	0.064520548	3.72	0.003219178	3.15
06/07/2009	37.7	-0.021666667	2.94	0.056986301	3.63	0.000410959	3.02
07/07/2009	34	0.003333333	3.01	0.057534247	3.64	0.007739726	3.37
08/07/2009	32.5	0.011111111	3.04	0.063013699	3.7	0.010410959	3.49
09/07/2009	31.45	0.015	3.06	0.051506849	3.57	0.008972603	3.43
10/07/2009	30.25	0.018055556	3.07	0.064931507	3.72	0.011506849	3.55
13/07/2009	28	0.028333333	3.11	0.07260274	3.8	0.015342466	3.73
14/07/2009	27.25	0.030277778	3.11	0.075753425	3.84	0.017328767	3.82
15/07/2009	28.65	0.02	3.07	0.068082192	3.75	0.016506849	3.78
16/07/2009	31.55	0.006111111	3.02	0.061506849	3.68	0.010205479	3.48
17/07/2009	32	0.003611111	3.01	0.067260274	3.75	0.008219178	3.39
20/07/2009	34.35	-0.008611111	2.97	0.06109589	3.68	0.005410959	3.26
21/07/2009	35	-0.013888889	2.96	0.059452055	3.66	0.004109589	3.2
22/07/2009	35.5	-0.012777778	2.96	0.054794521	3.61	0.004520548	3.21
23/07/2009	34.9	-0.0025	2.99	0.055068493	3.61	0.007191781	3.34
24/07/2009	35.2	-0.001944444	2.99	0.053150685	3.59	0.008630137	3.41
27/07/2009	35.5	0.000555556	3	0.051506849	3.57	0.00739726	3.35
28/07/2009	35	0	3	0.053424658	3.59	0.00869863	3.41
29/07/2009	34.5	0.001944444	3.01	0.061369863	3.68	0.007671233	3.36
30/07/2009	33.5	0.006666667	3.02	0.069863014	3.77	0.011643836	3.55
31/07/2009	34.5	0.011111111	3.04	0.067123288	3.74	0.010068493	3.48
03/08/2009	34.8	0.003888889	3.01	0.06260274	3.69	0.008356164	3.4
04/08/2009	35.05	-0.000277778	3	0.059863014	3.66	0.009863014	3.47
05/08/2009	34.95	0.016944444	3.06	0.055479452	3.62	0.006643836	3.32
06/08/2009	35.5	0.031111111	3.12	0.053972603	3.6	0.012465753	3.59
07/08/2009	38	0.016111111	3.06	0.037945205	3.42	0.003630137	3.17
10/08/2009	39.6	0.007777778	3.03	0.032876712	3.36	0.001232877	3.06
11/08/2009	39.7	0.023611111	3.09	0.037671233	3.42	0.003561644	3.17
12/08/2009	37.2	0.033611111	3.13	0.040958904	3.45	0.004589041	3.22
13/08/2009	38	0.030555556	3.11	0.033013699	3.37	0.004383562	3.21
14/08/2009	39	0.028333333	3.11	0.024657534	3.27	0.002876712	3.14
17/08/2009	37.4	0.041666667	3.16	0.037260274	3.41	0.005	3.24
18/08/2009	37.1	0.043888889	3.16	0.037260274	3.41	0.008287671	3.39
19/08/2009	37.1	0.047777778	3.18	0.040136986	3.44	0.008287671	3.39
20/08/2009	37.1	0.033055556	3.12	0.041369863	3.46	0.008630137	3.41
21/08/2009	37.1	0.054444444	3.2	0.044657534	3.5	0.010821918	3.51
24/08/2009	38	0.044444444	3.17	0.040547945	3.45	0.011506849	3.55
25/08/2009	37.2	0.041944444	3.16	0.03369863	3.37	0.01109589	3.53
26/08/2009	37.9	0.04	3.15	0.023561644	3.26	0.008630137	3.41
27/08/2009	38.5	0.033333333	3.12	0.026027397	3.29	0.008219178	3.39
28/08/2009	40.4	0.0175	3.07	0.017808219	3.2	0.006369863	3.3
31/08/2009	39.85	0.019166667	3.07	0.016849315	3.19	0.008013699	3.38
01/09/2009	41.4	0.005	3.02	0.017808219	3.2	0.009315068	3.44
02/09/2009	38.25	0.031388889	3.12	0.027945205	3.31	0.010821918	3.51
03/09/2009	38.7	0.023888889	3.09	0.026164384	3.29	0.007465753	3.35
04/09/2009	38.3	0.035833333	3.13	0.018630137	3.21	0.00890411	3.42
07/09/2009	38	0.027777778	3.1	0.011369863	3.13	0.008630137	3.41
08/09/2009	40.15	0.023055556	3.09	-0.001643836	2.99	0.002739726	3.13
09/09/2009	39.45	0.019722222	3.07	0.009315068	3.1	0.004246575	3.2
10/09/2009	39.25	0.015277778	3.06	0.013013699	3.14	0.005068493	3.24
11/09/2009	38.85	0.020277778	3.08	0.019589041	3.22	0.003493151	3.17
14/09/2009	40.6	0.013333333	3.05	0.01260274	3.14	-0.000205479	3
15/09/2009	42	0.008333333	3.03	0.01369863	3.15	-0.002739726	2.96
16/09/2009	42.6	0.012222222	3.05	0.006849315	3.08	-0.001986301	2.97
17/09/2009	41.75	0.045277778	3.17	0.00890411	3.1	-0.00239726	2.97
18/09/2009	39.8	0.050833333	3.19	0.01260274	3.14	0.000342466	3.02
21/09/2009	40.4	0.041666667	3.16	0.009589041	3.11	0.000753425	3.04
22/09/2009	40	0.027222222	3.1	0.002739726	3.03	0.001986301	3.09
23/09/2009	41	0.035277778	3.13	0.003150685	3.03	0.001027397	3.05
24/09/2009	40.3	0.028611111	3.11	0.00630137	3.07	0.00260274	3.12
25/09/2009	41.2	0.022222222	3.08	0.009863014	3.11	0.000547945	3.03
28/09/2009	42.9	0.018888889	3.07	0.008493151	3.09	-0.003493151	2.95
29/09/2009	43.7	0.015277778	3.06	0.003835616	3.04	-0.004931507	2.93
30/09/2009	42	0.023333333	3.09	0.008219178	3.09	-0.002534247	2.97
01/10/2009	42.4	0.019444444	3.07	0.008630137	3.1	-0.001849315	2.97
02/10/2009	42.4	0.018888889	3.07	0.009589041	3.11	-0.001369863	2.98
05/10/2009	41.95	0.0225	3.08	0.007945205	3.09	0.000205479	3.01
06/10/2009	41.3	0.025555556	3.1	0.007534247	3.08	0.001027397	3.05
07/10/2009	40.3	0.031944444	3.12	0.01109589	3.12	0.002328767	3.11
08/10/2009	40.55	0.036944444	3.14	0.006986301	3.08	0.002054795	3.1
09/10/2009	40.2	0.040555556	3.15	0.010136986	3.11	0.002260274	3.11
12/10/2009	43.4	0.020555556	3.08	0.00109589	3.01	-0.002465753	2.97
13/10/2009	41.1	0.027222222	3.1	0.004383562	3.05	0.001438356	3.07
14/10/2009	40.9	0.026111111	3.1	0.004246575	3.05	-0.000890411	2.99
15/10/2009	40	0.028333333	3.11	0.005890411	3.07	0.000342466	3.02
16/10/2009	41.2	0.025	3.09	0.003835616	3.04	-0.002328767	2.97
19/10/2009	41	0.026111111	3.1	0.006027397	3.07	-0.00109589	2.98
20/10/2009	41.95	0.018055556	3.07	0.006986301	3.08	-0.001438356	2.98
21/10/2009	41.4	0.017222222	3.06	0.010410959	3.12	-0.001027397	2.99
22/10/2009	40	0.031388889	3.12	0.013013699	3.14	0.000684932	3.03
23/10/2009	39.65	0.0325	3.12	0.019863014	3.22	0.000958904	3.05
26/10/2009	39.3	0.031666667	3.12	0.018356164	3.2	0.002534247	3.12
27/10/2009	37.2	0.045555556	3.17	0.026438356	3.29	0.005136986	3.24
28/10/2009	35	0.0625	3.23	0.036712329	3.41	0.007808219	3.37
29/10/2009	33.1	0.075833333	3.28	0.045205479	3.5	0.010410959	3.49
30/10/2009	33.85	0.065277778	3.24	0.046986301	3.52	0.009520548	3.45
02/11/2009	33.15	0.07	3.26	0.04890411	3.54	0.011232877	3.53
03/11/2009	33.5	0.087222222	3.33	0.043287671	3.48	0.011849315	3.56
04/11/2009	32.5	0.092777778	3.35	0.047123288	3.52	0.015753425	3.75
05/11/2009	33.15	0.099166667	3.37	0.066575342	3.74	0.015890411	3.75
06/11/2009	34.05	0.0925	3.35	0.068356164	3.76	0.014109589	3.67
09/11/2009	34.95	0.094722222	3.35	0.058767123	3.65	0.01239726	3.59
10/11/2009	37.5	0.074444444	3.28	0.070958904	3.79	0.010890411	3.52
11/11/2009	36.5	0.072222222	3.27	0.071506849	3.79	0.011438356	3.54
12/11/2009	40	0.055	3.21	0.056986301	3.63	0.005479452	3.26
13/11/2009	38.5	0.063888889	3.24	0.065342466	3.72	0.007876712	3.37
16/11/2009	37.95	0.061666667	3.23	0.071369863	3.79	0.007739726	3.37
17/11/2009	38.2	0.063611111	3.24	0.066575342	3.74	0.007808219	3.37
18/11/2009	37.5	0.070277778	3.26	0.066575342	3.74	0.010342466	3.49
19/11/2009	37.55	0.07	3.26	0.060136986	3.67	0.010547945	3.5
20/11/2009	36.5	0.072777778	3.27	0.057260274	3.63	0.012260274	3.58
23/11/2009	39.05	0.056111111	3.21	0.051917808	3.58	0.008972603	3.43
24/11/2009	38	0.059166667	3.22	0.063835616	3.71	0.009315068	3.44
25/11/2009	37.85	0.058055556	3.22	0.059589041	3.66	0.010068493	3.48
26/11/2009	37.5	0.059166667	3.22	0.064383562	3.71	0.010821918	3.51
27/11/2009	35.8	0.067777778	3.25	0.065205479	3.72	0.012465753	3.59
30/11/2009	36.4	0.067777778	3.25	0.064246575	3.71	0.013287671	3.63
01/12/2009	35.2	0.076666667	3.29	0.069863014	3.77	0.015684932	3.74
02/12/2009	36.8	0.067222222	3.25	0.065205479	3.72	0.013493151	3.64
03/12/2009	37.3	0.079444444	3.3	0.06739726	3.75	0.012328767	3.59
04/12/2009	36.4	0.092222222	3.34	0.065205479	3.72	0.012465753	3.59
07/12/2009	36.7	0.085	3.32	0.060273973	3.67	0.011369863	3.54
08/12/2009	36.75	0.100833333	3.38	0.055479452	3.62	0.012191781	3.58
09/12/2009	36.2	0.098888889	3.37	0.046712329	3.52	0.012328767	3.59
10/12/2009	36.55	0.09	3.34	0.051917808	3.58	0.01109589	3.53
11/12/2009	37.4	0.082222222	3.31	0.046849315	3.52	0.010136986	3.48
14/12/2009	36.3	0.084444444	3.32	0.052191781	3.58	0.011232877	3.53
15/12/2009	35.9	0.086388889	3.32	0.051643836	3.57	0.010890411	3.52
16/12/2009	34.95	0.083611111	3.31	0.05630137	3.62	0.012534247	3.6
17/12/2009	35	0.081944444	3.31	0.061917808	3.69	0.011164384	3.53
18/12/2009	34.8	0.091111111	3.34	0.065753425	3.73	0.01130137	3.54
21/12/2009	34.4	0.094444444	3.35	0.070136986	3.78	0.012465753	3.59
22/12/2009	34.5	0.102222222	3.38	0.066575342	3.74	0.012191781	3.58
23/12/2009	34.45	0.098611111	3.37	0.068630137	3.76	0.011917808	3.57
24/12/2009	34.95	0.091944444	3.34	0.065205479	3.72	0.011232877	3.53
25/12/2009	34.5	0.097222222	3.36	0.068356164	3.76	0.012739726	3.6
28/12/2009	34.5	0.098611111	3.37	0.068630137	3.76	0.013767123	3.65
29/12/2009	35	0.092222222	3.34	0.069178082	3.77	0.013287671	3.63
30/12/2009	35.35	0.086944444	3.32	0.067534247	3.75	0.013013699	3.62
31/12/2009	35.1	0.089444444	3.33	0.070958904	3.79	0.013356164	3.63
01/01/2010	34.85	0.090833333	3.34	0.075890411	3.84	0.013835616	3.66
04/01/2010	35.6	0.088888889	3.33	0.072328767	3.8	0.012465753	3.59
05/01/2010	35.75	0.091388889	3.34	0.065753425	3.73	0.011780822	3.56
06/01/2010	36.4	0.08	3.3	0.065342466	3.72	0.009726027	3.46
07/01/2010	37.35	0.066111111	3.25	0.062054795	3.69	0.007739726	3.37
08/01/2010	37.4	0.105833333	3.39	0.052876712	3.59	0.008356164	3.4
11/01/2010	37.5	0.106666667	3.4	0.050684932	3.56	0.007808219	3.37
12/01/2010	36.65	0.118611111	3.44	0.047671233	3.53	0.010136986	3.48
13/01/2010	34.85	0.130833333	3.49	0.056027397	3.62	0.013082192	3.62
14/01/2010	40	0.1	3.37	0.048493151	3.54	0.006232877	3.3
15/01/2010	39.45	0.110833333	3.41	0.053561644	3.59	0.00630137	3.3
18/01/2010	38.5	0.115	3.43	0.054520548	3.6	0.008630137	3.41
19/01/2010	42.35	0.096388889	3.36	0.044520548	3.49	0.006643836	3.32
20/01/2010	40.4	0.122777778	3.46	0.054246575	3.6	0.01109589	3.53
21/01/2010	40.4	0.123333333	3.46	0.055205479	3.61	0.010410959	3.49
22/01/2010	39.2	0.115833333	3.43	0.05890411	3.65	0.011643836	3.55
25/01/2010	40.4	0.117222222	3.44	0.055068493	3.61	0.010273973	3.49
26/01/2010	40.4	0.130277778	3.49	0.054794521	3.61	0.010410959	3.49
27/01/2010	40.4	0.136666667	3.51	0.055890411	3.62	0.014246575	3.68
28/01/2010	40.4	0.138333333	3.52	0.061232877	3.68	0.013630137	3.65
29/01/2010	40.4	0.136666667	3.51	0.057534247	3.64	0.015410959	3.73
01/02/2010	40.4	0.131666667	3.49	0.058630137	3.65	0.01369863	3.65
02/02/2010	40.4	0.131944444	3.49	0.06739726	3.75	0.014178082	3.67
03/02/2010	40.4	0.120555556	3.45	0.057534247	3.64	0.014109589	3.67
04/02/2010	40.4	0.125555556	3.47	0.056438356	3.63	0.014931507	3.71
05/02/2010	30.6	0.184166667	3.69	0.08260274	3.92	0.027328767	4.3
08/02/2010	35	0.171111111	3.64	0.072328767	3.8	0.020273973	3.96
09/02/2010	36	0.183333333	3.68	0.065479452	3.73	0.017534247	3.83
10/02/2010	36.7	0.187222222	3.7	0.060821918	3.67	0.015479452	3.73
11/02/2010	35.8	0.216666667	3.81	0.065616438	3.73	0.017123288	3.81
15/02/2010	36.4	0.213611111	3.8	0.064657534	3.72	0.01739726	3.83
16/02/2010	35.7	0.193055556	3.72	0.063561644	3.7	0.01760274	3.84
17/02/2010	36	0.208333333	3.78	0.059041096	3.65	0.016849315	3.8
18/02/2010	35.6	0.215555556	3.8	0.057671233	3.64	0.018561644	3.88
19/02/2010	34.5	0.215277778	3.8	0.063561644	3.7	0.022671233	4.08
22/02/2010	34.4	0.221944444	3.83	0.063150685	3.7	0.022260274	4.06
23/02/2010	33.35	0.225	3.84	0.062328767	3.69	0.023972603	4.14
24/02/2010	33.05	0.224722222	3.84	0.064520548	3.72	0.025479452	4.21
25/02/2010	33.75	0.216388889	3.81	0.058219178	3.65	0.023493151	4.12
26/02/2010	34.5	0.213888889	3.8	0.049315068	3.55	0.021575342	4.02
02/03/2010	35.55	0.211944444	3.79	0.047808219	3.53	0.019109589	3.91
03/03/2010	35.9	0.193333333	3.72	0.044520548	3.49	0.019041096	3.9
04/03/2010	37.2	0.193055556	3.72	0.041232877	3.46	0.015821918	3.75
05/03/2010	37.1	0.172777778	3.64	0.042191781	3.47	0.019041096	3.9
08/03/2010	37	0.169444444	3.63	0.042739726	3.47	0.018767123	3.89
09/03/2010	36.5	0.156111111	3.58	0.036986301	3.41	0.017191781	3.82
10/03/2010	35.8	0.167777778	3.63	0.031643836	3.35	0.018767123	3.89
11/03/2010	34.7	0.160555556	3.6	0.025479452	3.28	0.019315068	3.92
12/03/2010	35.05	0.149722222	3.56	0.02369863	3.26	0.018972603	3.9
15/03/2010	34.15	0.144444444	3.54	0.033835616	3.38	0.020205479	3.96
16/03/2010	33.8	0.115	3.43	0.034794521	3.39	0.019178082	3.91
17/03/2010	34.6	0.122222222	3.46	0.031232877	3.35	0.01630137	3.77
18/03/2010	34.5	0.140555556	3.52	0.025753425	3.29	0.018287671	3.87
19/03/2010	34.15	0.161388889	3.6	0.024794521	3.27	0.019726027	3.94
22/03/2010	33.5	0.158333333	3.59	0.031917808	3.35	0.019452055	3.92
23/03/2010	33.1	0.151666667	3.57	0.038082192	3.42	0.018835616	3.89
25/03/2010	32.7	0.143333333	3.53	0.033972603	3.38	0.019109589	3.91
26/03/2010	32.25	0.126388889	3.47	0.034931507	3.39	0.019657534	3.93
29/03/2010	32.65	0.126944444	3.47	0.041506849	3.46	0.018356164	3.87
30/03/2010	32.65	0.097777778	3.36	0.044794521	3.5	0.01869863	3.89
31/03/2010	32.8	0.1175	3.44	0.045479452	3.5	0.018219178	3.87
01/04/2010	32.5	0.122222222	3.46	0.034931507	3.39	0.018630137	3.88
05/04/2010	33.2	0.120555556	3.45	0.034794521	3.39	0.017054795	3.81
06/04/2010	34.45	0.105833333	3.39	0.034931507	3.39	0.015479452	3.73
07/04/2010	34.85	0.106388889	3.4	0.033287671	3.37	0.015410959	3.73
08/04/2010	35.6	0.116388889	3.43	0.036438356	3.4	0.013561644	3.64
09/04/2010	35	0.120277778	3.45	0.035342466	3.39	0.011575342	3.55
12/04/2010	34.85	0.121388889	3.45	0.033972603	3.38	0.012465753	3.59
13/04/2010	34.7	0.115555556	3.43	0.037808219	3.42	0.012739726	3.6
15/04/2010	36.5	0.102777778	3.38	0.03260274	3.36	0.011027397	3.52
16/04/2010	35.5	0.106111111	3.4	0.026849315	3.3	0.011712329	3.56
19/04/2010	35	0.107222222	3.4	0.030684932	3.34	0.011917808	3.57
20/04/2010	38	0.091666667	3.34	0.024657534	3.27	0.007876712	3.37
21/04/2010	41.1	0.087777778	3.33	0.014520548	3.16	0.003013699	3.14
22/04/2010	40.9	0.100555556	3.38	0.009726027	3.11	-0.000547945	2.99
23/04/2010	41	0.1	3.37	0.010136986	3.11	0.000547945	3.03
26/04/2010	43.95	0.076111111	3.28	-0.005753425	2.97	-0.005342466	2.93
27/04/2010	43.25	0.075833333	3.28	-0.003424658	2.98	-0.004178082	2.94
28/04/2010	43.5	0.065	3.24	-0.012054795	2.93	-0.004931507	2.93
29/04/2010	44.1	0.061666667	3.23	-0.012876712	2.92	-0.004109589	2.94
30/04/2010	44.9	0.038611111	3.14	-0.014657534	2.91	-0.003082192	2.96
03/05/2010	45	0.036666667	3.14	-0.012328767	2.93	-0.000479452	2.99
04/05/2010	45.7	0.043055556	3.16	-0.017260274	2.9	-0.001643836	2.98
05/05/2010	43.05	0.050555556	3.19	-0.001643836	2.99	0.001369863	3.07
06/05/2010	46.9	0.0175	3.07	-0.010136986	2.94	-0.004383562	2.94
07/05/2010	46	0.011111111	3.04	-0.005479452	2.97	-0.003356164	2.95
10/05/2010	44.75	0.034722222	3.13	-0.003150685	2.98	-0.00130137	2.98
11/05/2010	45.1	0.031111111	3.12	-0.003835616	2.98	-0.004246575	2.94
12/05/2010	44.5	0.040277778	3.15	-0.003561644	2.98	-0.003424658	2.95
13/05/2010	43.55	0.048055556	3.18	-0.001232877	2.99	-0.004178082	2.94
14/05/2010	43.3	0.056111111	3.21	-0.000273973	3	-0.003150685	2.96
17/05/2010	42.3	0.058333333	3.22	-0.000958904	2.99	-0.003150685	2.96
18/05/2010	43.9	0.031111111	3.12	-0.002465753	2.99	-0.005273973	2.93
19/05/2010	43	0.019444444	3.07	0.004109589	3.05	-0.004109589	2.94
20/05/2010	44.75	0.018055556	3.07	-0.002328767	2.99	-0.006917808	2.91
21/05/2010	43	0.021666667	3.08	0.005479452	3.06	-0.004109589	2.94
24/05/2010	44.3	0.009444444	3.04	-0.000821918	3	-0.001780822	2.98
25/05/2010	43	0.027222222	3.1	0.004109589	3.05	0	3
26/05/2010	42	0.035833333	3.13	0.008630137	3.1	0.001369863	3.07
27/05/2010	42.5	0.031944444	3.12	0.007123288	3.08	0.001643836	3.08
28/05/2010	43	0.011666667	3.04	0.005342466	3.06	-0.000273973	3
31/05/2010	43.5	-0.0075	2.98	-0.000958904	2.99	-0.001575342	2.98
01/06/2010	44.8	-0.029166667	2.91	-0.00739726	2.96	-0.003219178	2.96
02/06/2010	49.9	-0.039166667	2.88	-0.026849315	2.84	-0.010821918	2.85
03/06/2010	48.95	-0.0275	2.92	-0.028356164	2.83	-0.009178082	2.87
04/06/2010	47.9	-0.010555556	2.97	-0.023561644	2.86	-0.006780822	2.91
07/06/2010	44.9	0.001666667	3.01	-0.016986301	2.9	-0.00260274	2.96
08/06/2010	47.35	-0.001944444	2.99	-0.024794521	2.85	-0.004726027	2.94
09/06/2010	45.45	-0.001944444	2.99	-0.022739726	2.87	-0.001575342	2.98
10/06/2010	45.2	-0.001111111	3	-0.02109589	2.87	0.003356164	3.16
11/06/2010	46.3	-0.010555556	2.97	-0.029863014	2.82	0.000890411	3.04
14/06/2010	46.45	-0.014166667	2.96	-0.025479452	2.85	0.000616438	3.03
15/06/2010	46.2	-0.028888889	2.91	-0.021780822	2.87	0.001643836	3.08
16/06/2010	45.9	-0.020833333	2.94	-0.015342466	2.91	0.002054795	3.1
17/06/2010	45.8	-0.017777778	2.95	-0.021506849	2.87	0.002054795	3.1
18/06/2010	46	-0.006666667	2.98	-0.019726027	2.88	0.002191781	3.1
21/06/2010	45.9	0.000555556	3	-0.020410959	2.88	0.001643836	3.08
22/06/2010	46.05	-0.005277778	2.98	-0.015616438	2.91	0	3
23/06/2010	47.2	-0.012222222	2.96	-0.019726027	2.88	-0.000273973	3
24/06/2010	47.5	-0.010833333	2.97	-0.020684932	2.88	-0.000753425	2.99
25/06/2010	47.1	-0.006666667	2.98	-0.019178082	2.89	-0.001164384	2.98
28/06/2010	46	-0.006388889	2.98	-0.021780822	2.87	0.001438356	3.07
29/06/2010	45.6	-0.008611111	2.97	-0.019178082	2.89	0.000616438	3.03
30/06/2010	45.1	-0.004166667	2.99	-0.023835616	2.86	0.001575342	3.07
01/07/2010	45.7	-0.014444444	2.96	-0.021917808	2.87	0.001780822	3.08
02/07/2010	45.7	-0.01	2.97	-0.023835616	2.86	0.002465753	3.12
05/07/2010	45.2	-0.007777778	2.98	-0.022328767	2.87	0.003356164	3.16
06/07/2010	44.5	-0.01	2.97	-0.027808219	2.84	0.003424658	3.16
07/07/2010	45.65	-0.017777778	2.95	-0.029178082	2.83	0.000684932	3.03
08/07/2010	45.5	-0.018611111	2.95	-0.029589041	2.82	0.001027397	3.05
09/07/2010	45	-0.013333333	2.96	-0.028082192	2.83	0.002739726	3.13
12/07/2010	45.4	-0.012222222	2.96	-0.026438356	2.84	0.002739726	3.13
13/07/2010	46.25	-0.009722222	2.97	-0.032054795	2.81	0.001164384	3.06
14/07/2010	46.75	-0.008611111	2.97	-0.031369863	2.81	0.000616438	3.03
15/07/2010	45.6	-0.004722222	2.99	-0.032328767	2.81	0.001232877	3.06
16/07/2010	45.75	0.006388889	3.02	-0.035616438	2.79	-0.000342466	3
19/07/2010	49.2	-0.017777778	2.95	-0.047123288	2.72	-0.005753425	2.92
20/07/2010	49.2	-0.013055556	2.96	-0.046575342	2.72	-0.00609589	2.92
21/07/2010	51	-0.014444444	2.96	-0.051780822	2.69	-0.007945205	2.89
22/07/2010	50.7	-0.006111111	2.98	-0.045753425	2.73	-0.007876712	2.89
23/07/2010	52	-0.005555556	2.98	-0.046575342	2.72	-0.009589041	2.87
26/07/2010	50.9	0.000555556	3	-0.043287671	2.74	-0.007191781	2.9
27/07/2010	49.5	-0.001111111	3	-0.038356164	2.77	-0.007534247	2.9
28/07/2010	49.9	-0.001111111	3	-0.035616438	2.79	-0.008082192	2.89
29/07/2010	50	0.041388889	3.15	-0.030821918	2.82	-0.009041096	2.88
30/07/2010	49.05	0.055277778	3.21	-0.024109589	2.86	-0.006232877	2.91
02/08/2010	49.65	0.0375	3.14	-0.021232877	2.87	-0.005	2.93
03/08/2010	50.15	0.073611111	3.27	-0.027260274	2.84	-0.005273973	2.93
04/08/2010	50.15	0.069166667	3.26	-0.02739726	2.84	-0.002945205	2.96
05/08/2010	49.6	0.062222222	3.23	-0.025479452	2.85	-0.004589041	2.94
06/08/2010	49.15	0.073333333	3.27	-0.027808219	2.84	-0.005273973	2.93
09/08/2010	48.65	0.085277778	3.32	-0.02369863	2.86	-0.004246575	2.94
10/08/2010	48.3	0.078888889	3.29	-0.021643836	2.87	-0.003219178	2.96
11/08/2010	48.15	0.075833333	3.28	-0.016986301	2.9	-0.002876712	2.96
12/08/2010	48	0.063888889	3.24	-0.011780822	2.93	-0.00239726	2.97
13/08/2010	48.6	0.048888889	3.18	-0.015616438	2.91	0.000821918	3.04
16/08/2010	49	0.05	3.19	-0.015753425	2.91	-0.001369863	2.98
17/08/2010	48.9	0.068888889	3.26	-0.016712329	2.9	-0.002465753	2.97
18/08/2010	51.6	0.044444444	3.17	-0.02739726	2.84	-0.006643836	2.91
19/08/2010	53	0.044444444	3.17	-0.026027397	2.85	-0.01130137	2.85
20/08/2010	52	0.042222222	3.16	-0.021917808	2.87	-0.007534247	2.9
23/08/2010	54.9	0.0275	3.1	-0.031232877	2.81	-0.011780822	2.84
24/08/2010	54	0.037222222	3.14	-0.02739726	2.84	-0.00890411	2.88
25/08/2010	52.75	0.043611111	3.16	-0.023972603	2.86	-0.006369863	2.91
26/08/2010	52.2	0.053888889	3.2	-0.021369863	2.87	-0.007123288	2.9
27/08/2010	51.5	0.048333333	3.18	-0.012739726	2.92	-0.007465753	2.9
30/08/2010	51.45	0.040277778	3.15	-0.009452055	2.94	-0.004863014	2.93
31/08/2010	50	0.038888889	3.15	-0.008082192	2.95	-0.003356164	2.95
01/09/2010	49.75	0.019444444	3.07	-0.00369863	2.98	-0.000342466	3
02/09/2010	51.2	0.023888889	3.09	-0.006164384	2.96	-0.001712329	2.98
03/09/2010	51.4	0.017222222	3.06	-0.00109589	2.99	-0.001575342	2.98
06/09/2010	52.9	0.013611111	3.05	0.000136986	3	-0.003972603	2.95
07/09/2010	52.2	0.014166667	3.05	-0.004246575	2.97	0.000273973	3.01
08/09/2010	51.5	0.022222222	3.08	-0.001643836	2.99	-0.001780822	2.98
09/09/2010	52	0.031111111	3.12	-0.004931507	2.97	-0.001369863	2.98
13/09/2010	52.25	0.036388889	3.14	-0.015753425	2.91	-0.002671233	2.96
14/09/2010	51.6	0.046666667	3.17	-0.007123288	2.96	0.000410959	3.02
15/09/2010	51	0.043333333	3.16	-0.011369863	2.93	-0.000958904	2.99
16/09/2010	51.2	0.046111111	3.17	-0.014383562	2.91	-0.001712329	2.98
17/09/2010	51.2	0.041944444	3.16	-0.00630137	2.96	-0.003082192	2.96
20/09/2010	51.6	0.043611111	3.16	-0.008767123	2.95	-0.00609589	2.92
21/09/2010	52.2	0.040833333	3.15	-0.006575342	2.96	-0.006849315	2.91
22/09/2010	50.8	0.0525	3.2	-0.011780822	2.93	-0.006575342	2.91
23/09/2010	49.25	0.059722222	3.22	-0.011369863	2.93	-0.004452055	2.94
24/09/2010	56.45	0.025277778	3.09	-0.033013699	2.8	-0.015684932	2.78
27/09/2010	56.7	0.0325	3.12	-0.020410959	2.88	-0.014383562	2.8
28/09/2010	58	0.022222222	3.08	-0.034794521	2.79	-0.018493151	2.75
29/09/2010	58.4	0.0075	3.03	-0.030136986	2.82	-0.02109589	2.71
30/09/2010	58	0.0125	3.05	-0.028630137	2.83	-0.020479452	2.72
01/10/2010	59.4	0.003333333	3.01	-0.031506849	2.81	-0.023767123	2.67
04/10/2010	59.2	-0.013888889	2.96	-0.030684932	2.82	-0.023287671	2.68
05/10/2010	59.7	-0.020555556	2.94	-0.037534247	2.78	-0.022739726	2.69
06/10/2010	62.5	-0.046944444	2.86	-0.046438356	2.72		
07/10/2010	62.6	-0.040555556	2.88	-0.061917808	2.63		
08/10/2010	60.05	-0.013055556	2.96	-0.04260274	2.75		
11/10/2010	61.5	-0.013888889	2.96	-0.041780822	2.75		
12/10/2010	63.85	-0.030277778	2.91	-0.054109589	2.68		
13/10/2010	65	-0.035555556	2.9	-0.055068493	2.67		
14/10/2010	65.3	-0.028333333	2.92	-0.06109589	2.64		
15/10/2010	65	-0.024722222	2.93	-0.059178082	2.65		
18/10/2010	64.1	-0.018888889	2.94	-0.059178082	2.65		
19/10/2010	64.15	-0.020277778	2.94	-0.059589041	2.65		
20/10/2010	62.1	-0.009444444	2.97	-0.045753425	2.73		
21/10/2010	63	-0.012222222	2.96	-0.043287671	2.74		
22/10/2010	63.75	-0.005555556	2.98	-0.047123288	2.72		
25/10/2010	65.8	-0.024444444	2.93	-0.051643836	2.69		
26/10/2010	69	-0.04	2.88	-0.060410959	2.64		
27/10/2010	70.4	-0.03	2.91	-0.065342466	2.61		
28/10/2010	74.8	-0.074444444	2.78	-0.07890411	2.53		
29/10/2010	74.85	-0.076944444	2.77	-0.074931507	2.56		
01/11/2010	70.45	-0.053888889	2.84	-0.059589041	2.65		
02/11/2010	73.5	-0.067222222	2.8	-0.060547945	2.64		
03/11/2010	74.4	-0.080555556	2.76	-0.070958904	2.58		
04/11/2010	73.25	-0.079722222	2.77	-0.062328767	2.63		
05/11/2010	74.35	-0.081111111	2.76	-0.066712329	2.6		
08/11/2010	73.85	-0.076944444	2.77	-0.068082192	2.6		
09/11/2010	73.5	-0.081111111	2.76	-0.067671233	2.6		
10/11/2010	72.7	-0.084166667	2.75	-0.06890411	2.59		
11/11/2010	73	-0.090833333	2.73	-0.074657534	2.56		
12/11/2010	73.7	-0.088888889	2.74	-0.077808219	2.54		
15/11/2010	70.7	-0.073611111	2.78	-0.070958904	2.58		
16/11/2010	71.95	-0.088055556	2.74	-0.075616438	2.55		
18/11/2010	68.2	-0.064444444	2.81	-0.063835616	2.62		
19/11/2010	67.5	-0.069444444	2.8	-0.059589041	2.65		
22/11/2010	64.6	-0.067222222	2.8	-0.050958904	2.7		
23/11/2010	66	-0.072222222	2.79	-0.056712329	2.66		
24/11/2010	63.6	-0.063611111	2.81	-0.054246575	2.68		
25/11/2010	62	-0.054166667	2.84	-0.054794521	2.68		
26/11/2010	60.15	-0.0425	2.87	-0.045616438	2.73		
29/11/2010	54.5	-0.010555556	2.97	-0.036438356	2.78		
30/11/2010	56.6	-0.036666667	2.89	-0.042739726	2.75		
01/12/2010	59.8	-0.069166667	2.8	-0.054794521	2.68		
02/12/2010	63.2	-0.106666667	2.69	-0.064109589	2.62		
03/12/2010	62	-0.101666667	2.7	-0.063561644	2.62		
06/12/2010	60.4	-0.077222222	2.77	-0.057260274	2.66		
07/12/2010	58.5	-0.066666667	2.8	-0.052876712	2.69		
08/12/2010	55	-0.05	2.85	-0.046575342	2.72		
09/12/2010	55.5	-0.064444444	2.81	-0.043424658	2.74		
10/12/2010	50.25	-0.039166667	2.88	-0.027808219	2.84		
13/12/2010	53.95	-0.048888889	2.86	-0.04369863	2.74		
14/12/2010	54.5	-0.041666667	2.88	-0.043424658	2.74		
15/12/2010	54.9	-0.054444444	2.84	-0.043013699	2.74		
16/12/2010	53.5	-0.047222222	2.86	-0.037260274	2.78		
20/12/2010	54	-0.034444444	2.9	-0.036438356	2.78		
21/12/2010	56.55	-0.041944444	2.88	-0.048082192	2.71		
22/12/2010	56.65	-0.040277778	2.88	-0.05109589	2.7		
23/12/2010	56.7	-0.063611111	2.81	-0.050410959	2.7		
24/12/2010	55.5	-0.053333333	2.84	-0.047945205	2.72		
27/12/2010	55	-0.043333333	2.87	-0.044383562	2.74		
28/12/2010	54.6	-0.042222222	2.88	-0.039589041	2.77		
29/12/2010	54.3	-0.03	2.91	-0.035068493	2.79		
30/12/2010	54.5	-0.036666667	2.89	-0.037260274	2.78		
31/12/2010	56.9	-0.053611111	2.84	-0.04260274	2.75		
03/01/2011	59	-0.058333333	2.83	-0.051780822	2.69		
04/01/2011	59	-0.058888889	2.83	-0.046575342	2.72		
05/01/2011	57.65	-0.068611111	2.8	-0.043287671	2.74		
06/01/2011	56.9	-0.059444444	2.82	-0.043835616	2.74		
07/01/2011	55.2	-0.045555556	2.87	-0.035479452	2.79		
10/01/2011	55.2	-0.048888889	2.86	-0.042191781	2.75		
11/01/2011	51.85	-0.041111111	2.88	-0.019863014	2.88		
12/01/2011	51.6	-0.038333333	2.89	-0.03	2.82		
13/01/2011	53.45	-0.064444444	2.81	-0.035479452	2.79		
14/01/2011	52.15	-0.056388889	2.83	-0.026986301	2.84		
17/01/2011	50.05	-0.060833333	2.82	-0.026027397	2.85		
18/01/2011	48	-0.047777778	2.86	-0.018630137	2.89		
19/01/2011	51	-0.063611111	2.81	-0.027123288	2.84		
20/01/2011	50.7	-0.056666667	2.83	-0.026438356	2.84		
21/01/2011	51.75	-0.068611111	2.8	-0.023561644	2.86		
24/01/2011	52.2	-0.054166667	2.84	-0.024794521	2.85		
25/01/2011	53.4	-0.056666667	2.83	-0.02739726	2.84		
27/01/2011	52.8	-0.048888889	2.86	-0.021369863	2.87		
28/01/2011	49.5	-0.032777778	2.9	-0.008493151	2.95		
31/01/2011	46.5	-0.015555556	2.95	-0.003287671	2.98		
01/02/2011	48	-0.026666667	2.92	-0.010410959	2.94		
02/02/2011	46.9	-0.021111111	2.94	-0.006575342	2.96		
03/02/2011	46	-0.015555556	2.95	-0.00260274	2.98		
04/02/2011	47.9	-0.033055556	2.9	-0.006027397	2.96		
07/02/2011	48.45	-0.030277778	2.91	-0.000684932	3		
08/02/2011	48.25	-0.020833333	2.94	-0.005753425	2.97		
09/02/2011	45.1	-0.006666667	2.98	-0.00260274	2.98		
10/02/2011	42.15	0.015833333	3.06	0.007260274	3.08		
11/02/2011	39.55	0.024722222	3.09	0.013013699	3.14		
14/02/2011	42.85	0.009166667	3.03	-0.001917808	2.99		
15/02/2011	44	0.006388889	3.02	-0.003972603	2.98		
16/02/2011	46	-0.005	2.99	-0.008356164	2.95		
17/02/2011	45.2	-0.001388889	3	-0.010410959	2.94		
18/02/2011	47	-0.021388889	2.94	-0.017945205	2.89		
21/02/2011	45.1	-0.016666667	2.95	-0.013972603	2.92		
22/02/2011	45	-0.027222222	2.92	-0.010547945	2.94		
23/02/2011	44.4	-0.032222222	2.91	-0.012054795	2.93		
24/02/2011	43.9	-0.025555556	2.92	-0.010547945	2.94		
25/02/2011	41	-0.012777778	2.96	-0.000136986	3		
28/02/2011	42.15	-0.021388889	2.94	-0.001917808	2.99		
01/03/2011	42.6	-0.030277778	2.91	-0.002328767	2.99		
03/03/2011	44.8	-0.040555556	2.88	-0.007123288	2.96		
04/03/2011	46	-0.058888889	2.83	-0.012054795	2.93		
07/03/2011	45.1	-0.044166667	2.87	-0.013013699	2.92		
08/03/2011	45	-0.0375	2.89	-0.013424658	2.92		
09/03/2011	45.55	-0.029166667	2.91	-0.014794521	2.91		
10/03/2011	45.9	-0.044166667	2.87	-0.013287671	2.92		
11/03/2011	44.85	-0.033611111	2.9	-0.009452055	2.94		
14/03/2011	44.05	-0.031111111	2.91	-0.005342466	2.97		
15/03/2011	44.35	-0.022222222	2.93	-0.00630137	2.96		
16/03/2011	43.1	-0.017222222	2.95	-0.003013699	2.98		
17/03/2011	43.9	-0.021944444	2.94	-0.005068493	2.97		
18/03/2011	43.8	-0.020555556	2.94	-0.005342466	2.97		
21/03/2011	42.7	-0.025833333	2.92	-0.003013699	2.98		
22/03/2011	42.45	-0.021388889	2.94	-0.000821918	3		
23/03/2011	42.15	-0.031944444	2.91	-0.005205479	2.97		
24/03/2011	42.6	-0.027222222	2.92	-0.006438356	2.96		
25/03/2011	43.2	-0.034444444	2.9	-0.010136986	2.94		
28/03/2011	44.5	-0.041388889	2.88	-0.011780822	2.93		
29/03/2011	45.2	-0.060277778	2.82	-0.011780822	2.93		
30/03/2011	44.75	-0.054166667	2.84	-0.011232877	2.93		
31/03/2011	46.9	-0.067777778	2.8	-0.017534247	2.9		
01/04/2011	46	-0.0625	2.82	-0.015479452	2.91		
04/04/2011	46.85	-0.061666667	2.82	-0.015616438	2.91		
05/04/2011	48.4	-0.076944444	2.77	-0.020410959	2.88		
06/04/2011	49.6	-0.079444444	2.77	-0.024383562	2.86		
07/04/2011	51	-0.095555556	2.72	-0.028219178	2.83		
08/04/2011	51	-0.101388889	2.7	-0.027945205	2.83		
11/04/2011	49.3	-0.096111111	2.72	-0.021780822	2.87		
13/04/2011	49.7	-0.097222222	2.71	-0.020684932	2.88		
15/04/2011	57.45	-0.140833333	2.59	-0.036849315	2.78		
18/04/2011	59	-0.138888889	2.59	-0.039041096	2.77		
19/04/2011	56.4	-0.118888889	2.65	-0.033013699	2.8		
20/04/2011	63.4	-0.157222222	2.54	-0.053150685	2.68		
21/04/2011	62.6	-0.150555556	2.56	-0.046986301	2.72		
25/04/2011	60.8	-0.132777778	2.61	-0.04369863	2.74		
26/04/2011	62.35	-0.131111111	2.61	-0.050273973	2.7		
27/04/2011	64	-0.131944444	2.61	-0.054109589	2.68		
28/04/2011	62.5	-0.114444444	2.66	-0.051780822	2.69		
29/04/2011	61.8	-0.12	2.65	-0.049041096	2.71		
02/05/2011	59.5	-0.1075	2.68	-0.039589041	2.77		
03/05/2011	57.4	-0.095	2.72	-0.033287671	2.8		
04/05/2011	58	-0.105555556	2.69	-0.034383562	2.8		
05/05/2011	61.3	-0.118333333	2.65	-0.043013699	2.74		
06/05/2011	59.6	-0.106666667	2.69	-0.040547945	2.76		
09/05/2011	61	-0.105833333	2.69	-0.043287671	2.74		
10/05/2011	59.6	-0.088333333	2.74	-0.03890411	2.77		
11/05/2011	59.85	-0.094166667	2.72	-0.040958904	2.76		
12/05/2011	60.7	-0.096944444	2.71	-0.04	2.76		
13/05/2011	60.6	-0.098888889	2.71	-0.038219178	2.77		
16/05/2011	61.9	-0.112777778	2.67	-0.041780822	2.75		
17/05/2011	60.2	-0.092777778	2.73	-0.038082192	2.77		
18/05/2011	58.7	-0.081666667	2.76	-0.036164384	2.79		
19/05/2011	57	-0.075	2.78	-0.032876712	2.81		
20/05/2011	53.25	-0.051388889	2.85	-0.020821918	2.88		
23/05/2011	55.5	-0.063888889	2.81	-0.028219178	2.83		
24/05/2011	54.5	-0.056111111	2.83	-0.026986301	2.84		
25/05/2011	55.35	-0.047222222	2.86	-0.02890411	2.83		
26/05/2011	54.75	-0.0375	2.89	-0.028082192	2.83		
27/05/2011	55.5	-0.046944444	2.86	-0.031917808	2.81		
30/05/2011	57.6	-0.051111111	2.85	-0.036986301	2.78		
31/05/2011	58.8	-0.054722222	2.84	-0.042876712	2.75		
01/06/2011	60	-0.05	2.85	-0.046438356	2.72		
02/06/2011	58.8	-0.0325	2.9	-0.041917808	2.75		
03/06/2011	59.5	-0.049166667	2.86	-0.044109589	2.74		
06/06/2011	58.75	-0.043611111	2.87	-0.042739726	2.75		
07/06/2011	59.45	-0.051388889	2.85	-0.044657534	2.74		
08/06/2011	59.55	-0.0725	2.79	-0.043150685	2.74		
09/06/2011	60.25	-0.0625	2.82	-0.043013699	2.74		
10/06/2011	60	-0.073055556	2.78	-0.041917808	2.75		
13/06/2011	61	-0.083611111	2.75	-0.044246575	2.74		
14/06/2011	62.55	-0.075833333	2.78	-0.048493151	2.71		
15/06/2011	62	-0.075555556	2.78	-0.046712329	2.72		
16/06/2011	59.75	-0.055277778	2.84	-0.041232877	2.76		
17/06/2011	60.25	-0.076388889	2.77	-0.043561644	2.74		
20/06/2011	60	-0.082777778	2.76	-0.045205479	2.73		
21/06/2011	56.7	-0.068333333	2.8	-0.037534247	2.78		
22/06/2011	56	-0.0375	2.89	-0.034246575	2.8		
23/06/2011	54.05	-0.048611111	2.86	-0.029726027	2.82		
24/06/2011	55.3	-0.043888889	2.87	-0.030821918	2.82		
27/06/2011	57.7	-0.056388889	2.83	-0.036438356	2.78		
28/06/2011	59	-0.061666667	2.82	-0.039589041	2.77		
29/06/2011	58.4	-0.057777778	2.83	-0.039315068	2.77		
30/06/2011	58.6	-0.07	2.79	-0.037808219	2.78		
01/07/2011	60.2	-0.081388889	2.76	-0.035616438	2.79		
04/07/2011	60.55	-0.114166667	2.66	-0.033013699	2.8		
05/07/2011	60.7	-0.09	2.73	-0.034794521	2.79		
06/07/2011	60.5	-0.079166667	2.77	-0.035068493	2.79		
07/07/2011	60.4	-0.090555556	2.73	-0.034246575	2.8		
08/07/2011	60.8	-0.088333333	2.74	-0.035068493	2.79		
11/07/2011	62.75	-0.109722222	2.68	-0.032739726	2.81		
12/07/2011	61.4	-0.1	2.71	-0.030273973	2.82		
13/07/2011	61.8	-0.107222222	2.68	-0.027808219	2.84		
14/07/2011	65	-0.125555556	2.63	-0.04	2.76		
15/07/2011	61.4	-0.088888889	2.74	-0.029178082	2.83		
18/07/2011	61	-0.076666667	2.77	-0.028219178	2.83		
19/07/2011	60.75	-0.078888889	2.77	-0.025890411	2.85		
20/07/2011	61.4	-0.080277778	2.76	-0.029726027	2.82		
21/07/2011	59.9	-0.071944444	2.79	-0.027671233	2.84		
22/07/2011	58.9	-0.068611111	2.8	-0.027671233	2.84		
25/07/2011	59.75	-0.076388889	2.77	-0.032191781	2.81		
26/07/2011	60	-0.069444444	2.8	-0.032054795	2.81		
27/07/2011	58.9	-0.056666667	2.83	-0.026849315	2.84		
28/07/2011	57.55	-0.034166667	2.9	-0.024657534	2.85		
29/07/2011	56.65	-0.045277778	2.87	-0.022876712	2.86		
01/08/2011	57.7	-0.04	2.88	-0.023424658	2.86		
02/08/2011	57.45	-0.041388889	2.88	-0.017534247	2.9		
03/08/2011	56.1	-0.039444444	2.88	-0.014931507	2.91		
04/08/2011	56.6	-0.043333333	2.87	-0.015753425	2.91		
05/08/2011	55	-0.041388889	2.88	-0.009178082	2.95		
08/08/2011	52.5	-0.0375	2.89	-0.004383562	2.97		
09/08/2011	53	-0.042777778	2.87	-0.007534247	2.96		
10/08/2011	52.15	-0.040833333	2.88	-0.007260274	2.96		
11/08/2011	52.25	-0.043888889	2.87	-0.006712329	2.96		
12/08/2011	52.5	-0.042222222	2.88	-0.010273973	2.94		
16/08/2011	52.6	-0.038055556	2.89	-0.004383562	2.97		
17/08/2011	50	-0.022222222	2.93	0.001917808	3.02		
18/08/2011	47.35	-0.011388889	2.97	0.004657534	3.05		
19/08/2011	44	-0.001111111	3	0.015068493	3.17		
22/08/2011	43.7	-0.009444444	2.97	0.013972603	3.15		
23/08/2011	46.5	-0.016666667	2.95	0.006575342	3.07		
24/08/2011	46.5	-0.029444444	2.91	0.006575342	3.07		
25/08/2011	46	-0.027777778	2.92	0.004931507	3.05		
26/08/2011	43.9	-0.022777778	2.93	0.007123288	3.08		
29/08/2011	43.2	-0.018888889	2.94	0.012739726	3.14		
30/08/2011	45.15	-0.035277778	2.9	0.009315068	3.1		
02/09/2011	47	-0.041666667	2.88	0.001917808	3.02		
05/09/2011	45.1	-0.032777778	2.9	0.004794521	3.05		
06/09/2011	45	-0.038888889	2.89	0.004520548	3.05		
07/09/2011	47.8	-0.045277778	2.87	-0.003287671	2.98		
08/09/2011	49	-0.049444444	2.85	-0.008082192	2.95		
09/09/2011	49.4	-0.063333333	2.81	-0.008493151	2.95		
12/09/2011	45.25	-0.036666667	2.89	0.002328767	3.03		
13/09/2011	45.9	-0.037222222	2.89	0.000547945	3.01		
14/09/2011	47.2	-0.040555556	2.88	-0.004246575	2.97		
15/09/2011	47	-0.035	2.9	-0.003424658	2.98		
16/09/2011	48.9	-0.055	2.84	-0.007671233	2.95		
19/09/2011	47.9	-0.055	2.84	-0.006575342	2.96		
20/09/2011	47.25	-0.049722222	2.85	-0.010410959	2.94		
21/09/2011	48.5	-0.058333333	2.83	-0.012465753	2.93		
22/09/2011	48.4	-0.053333333	2.84	-0.012054795	2.93		
23/09/2011	45.3	-0.028611111	2.92	-0.002054795	2.99		
26/09/2011	46.2	-0.026111111	2.92	-0.005890411	2.97		
27/09/2011	47	-0.033888889	2.9	-0.009041096	2.95		
28/09/2011	46.4	-0.028055556	2.92	-0.007260274	2.96		
29/09/2011	44.45	-0.024166667	2.93	-0.003150685	2.98		
30/09/2011	44.7	-0.015	2.96	-0.011506849	2.93		
03/10/2011	41.85	0	3	-0.001232877	2.99		
04/10/2011	42	-0.006111111	2.98	-0.005342466	2.97		
05/10/2011	39.1	0.0175	3.07	0.003013699	3.03		
07/10/2011	39.4	0.002222222	3.01	0.001369863	3.02		
10/10/2011	39.55	0.028055556	3.1	0.004246575	3.05		
11/10/2011	40.5	0.000833333	3	0.005890411	3.07		
12/10/2011	39.4	0.006111111	3.02	0.014383562	3.16		
13/10/2011	42.45	-0.000833333	3	0.005616438	3.06		
14/10/2011	43.2	-0.014722222	2.96	0.002328767	3.03		
17/10/2011	44	-0.015555556	2.95	-0.000821918	3		
18/10/2011	43.6	-0.013888889	2.96	-0.000136986	3		
19/10/2011	43.7	-0.014722222	2.96	0.000273973	3		
20/10/2011	43.2	-0.000277778	3	-0.003287671	2.98		
21/10/2011	43.1	0.000277778	3	-0.003013699	2.98		
24/10/2011	43.2	0.001111111	3	-0.00739726	2.96		
25/10/2011	41.95	0.016944444	3.06	-0.00260274	2.98		
26/10/2011	43	0.018888889	3.07	-0.008219178	2.95		
28/10/2011	44.5	0.004444444	3.02	-0.012191781	2.93		
31/10/2011	43.9	0.001666667	3.01	-0.010684932	2.94		
01/11/2011	45	-0.002777778	2.99	-0.014520548	2.91		
02/11/2011	44	0.005833333	3.02	-0.010958904	2.94		
03/11/2011	44.5	0.006666667	3.02	-0.004109589	2.98		
04/11/2011	45.15	0.016944444	3.06	-0.005890411	2.97		
08/11/2011	45.1	0.005833333	3.02	-0.005753425	2.97		
09/11/2011	44.95	-0.004444444	2.99	-0.003424658	2.98		
11/11/2011	43.15	0.009166667	3.03	-0.000958904	2.99		
14/11/2011	42.1	0.012222222	3.05	0.000684932	3.01		
15/11/2011	40.1	0.011388889	3.04	0.006438356	3.07		
16/11/2011	38.6	0.021944444	3.08	0.009315068	3.1		
17/11/2011	39.3	0.020277778	3.08	0.008082192	3.09		
18/11/2011	38.7	0.015	3.06	0.011643836	3.13		
21/11/2011	38.3	0.011944444	3.04	0.012876712	3.14		
22/11/2011	37.15	0.015833333	3.06	0.018493151	3.21		
23/11/2011	37.5	0.020277778	3.08	0.018630137	3.21		
24/11/2011	35.4	0.025555556	3.1	0.033561644	3.37		
25/11/2011	37.15	0.016111111	3.06	0.026849315	3.3		
28/11/2011	38.25	0.015	3.06	0.02369863	3.26		
29/11/2011	40.3	0.006388889	3.02	0.019452055	3.22		
30/11/2011	37.95	0.021111111	3.08	0.025890411	3.29		
01/12/2011	38.8	0.018888889	3.07	0.023287671	3.26		
02/12/2011	38.45	0.0175	3.07	0.025068493	3.28		
05/12/2011	40.35	0	3	0.018493151	3.21		
06/12/2011	40	0.000555556	3	0.016575342	3.18		
07/12/2011	39.95	0.001111111	3	0.019315068	3.21		
08/12/2011	40.1	0.005277778	3.02	0.018767123	3.21		
09/12/2011	38.05	0.018611111	3.07	0.022465753	3.25		
12/12/2011	38.6	0.019444444	3.07	0.023150685	3.26		
13/12/2011	36.4	0.031388889	3.12	0.026438356	3.29		
14/12/2011	37.7	0.023888889	3.09	0.023424658	3.26		
15/12/2011	37	0.028055556	3.1	0.02739726	3.3		
16/12/2011	37.05	0.026666667	3.1	0.028630137	3.32		
19/12/2011	34.35	0.040277778	3.15	0.036438356	3.4		
20/12/2011	35	0.039722222	3.15	0.032876712	3.36		
21/12/2011	34.7	0.030833333	3.12	0.031369863	3.35		
22/12/2011	34.75	0.030555556	3.11	0.031506849	3.35		
23/12/2011	35.75	0.020833333	3.08	0.030821918	3.34		
26/12/2011	34.55	0.031388889	3.12	0.035205479	3.39		
27/12/2011	35.3	0.031111111	3.12	0.032328767	3.36		
28/12/2011	33.8	0.038055556	3.14	0.036712329	3.41		
29/12/2011	32.75	0.043055556	3.16	0.037671233	3.42		
30/12/2011	32	0.046388889	3.17	0.036986301	3.41		
02/01/2012	32.2	0.049722222	3.19	0.035068493	3.39		
03/01/2012	32.1	0.049166667	3.18	0.034657534	3.38		
04/01/2012	34	0.037222222	3.14	0.030684932	3.34		
05/01/2012	35	0.031666667	3.12	0.027260274	3.3		
06/01/2012	35.1	0.031666667	3.12	0.027123288	3.3		
09/01/2012	35.5	0.0325	3.12	0.027808219	3.31		
10/01/2012	36.9	0.029166667	3.11	0.019452055	3.22		
11/01/2012	38.75	0.029166667	3.11	0.014383562	3.16		
12/01/2012	40.25	0.025	3.09	0.008630137	3.1		
13/01/2012	41.9	0.013611111	3.05	0.007123288	3.08		
16/01/2012	40.2	0.021111111	3.08	0.015890411	3.18		
17/01/2012	40.15	0.029444444	3.11	0.016849315	3.19		
18/01/2012	40.3	0.025277778	3.09	0.02109589	3.23		
19/01/2012	39	0.027777778	3.1	0.019863014	3.22		
20/01/2012	40	0.023611111	3.09	0.014520548	3.16		
23/01/2012	40.4	0.017777778	3.07	0.014109589	3.16		
24/01/2012	41.95	0.010833333	3.04	0.010958904	3.12		
25/01/2012	43.7	0.0075	3.03	0.006438356	3.07		
26/01/2012	42.9	0.013055556	3.05	0.009178082	3.1		
27/01/2012	43.25	0.012222222	3.05	0.01630137	3.18		
30/01/2012	42.8	0.015555556	3.06	0.014246575	3.16		
31/01/2012	41.6	0.017777778	3.07	0.015068493	3.17		
01/02/2012	43.5	0.009444444	3.04	0.00890411	3.1		
02/02/2012	44	0.007777778	3.03	0.002054795	3.02		
03/02/2012	43.5	0.007777778	3.03	0.008219178	3.09		
06/02/2012	44	0.011666667	3.04	0.00630137	3.07		
07/02/2012	44	0.014722222	3.05	0.009589041	3.11		
08/02/2012	44.4	0.0125	3.05	0.010136986	3.11		
09/02/2012	46.85	-0.003055556	2.99	0.000410959	3		
10/02/2012	48	-0.013888889	2.96	-0.005342466	2.97		
13/02/2012	47.05	-0.011388889	2.97	0.002328767	3.03		
14/02/2012	48.4	-0.015277778	2.95	-0.002328767	2.99		
15/02/2012	48.95	-0.020833333	2.94	0.001506849	3.02		
16/02/2012	51	-0.035277778	2.9	-0.002876712	2.98		
17/02/2012	52.95	-0.045277778	2.87	-0.00739726	2.96		
20/02/2012	50.65	-0.034166667	2.9	-0.001780822	2.99		
21/02/2012	50.9	-0.039166667	2.88	0.004109589	3.05		
22/02/2012	50.2	-0.033888889	2.9	0	3		
23/02/2012	46.5	-0.018611111	2.95	0.012328767	3.14		
24/02/2012	49	-0.033055556	2.9	0.003561644	3.04		
27/02/2012	46.85	-0.018611111	2.95	0.013835616	3.15		
28/02/2012	45.95	-0.014166667	2.96	0.011917808	3.13		
29/02/2012	48.9	-0.031944444	2.91	0.002876712	3.03		
01/03/2012	48.4	-0.029166667	2.91	0.001506849	3.02		
02/03/2012	49.8	-0.033333333	2.9	-0.007260274	2.96		
05/03/2012	46.5	-0.010833333	2.97	0.001917808	3.02		
06/03/2012	45.1	-0.002222222	2.99	0.002465753	3.03		
07/03/2012	44.4	0.0025	3.01	0.004383562	3.05		
08/03/2012	49.25	-0.024444444	2.93	-0.011643836	2.93		
09/03/2012	45.3	-0.001944444	2.99	0.002465753	3.03		
12/03/2012	47.4	-0.015	2.96	-0.007945205	2.95		
13/03/2012	47.55	-0.017777778	2.95	-0.012465753	2.93		
14/03/2012	47.9	-0.024444444	2.93	-0.013287671	2.92		
15/03/2012	48	-0.027777778	2.92	-0.01630137	2.9		
16/03/2012	46	-0.013888889	2.96	-0.010410959	2.94		
19/03/2012	45.55	-0.013055556	2.96	-0.006712329	2.96		
20/03/2012	40	0.0225	3.08				
21/03/2012	44.5	-0.000555556	3				
22/03/2012	46.25	-0.009444444	2.97				
23/03/2012	44.1	-0.000277778	3				
26/03/2012	44.9	-0.000555556	3				
27/03/2012	43	0.023333333	3.09				
28/03/2012	43.4	0.028333333	3.11				
29/03/2012	42.5	0.030555556	3.11				
30/03/2012	42.4	0.029444444	3.11				
02/04/2012	45.4	0.013888889	3.05				
03/04/2012	47.2	0.004444444	3.02				
04/04/2012	46.55	0.023611111	3.09				
05/04/2012	46.95	0.018888889	3.07				
06/04/2012	46.95	0.026111111	3.1				
09/04/2012	46.55	0.021388889	3.08				
10/04/2012	46	0.026388889	3.1				
11/04/2012	47.5	0.017777778	3.07				
12/04/2012	48.7	0.014444444	3.05				
13/04/2012	51.4	-0.004722222	2.99				
16/04/2012	48.5	0.007222222	3.03				
17/04/2012	50.5	-0.009444444	2.97				
18/04/2012	50	-0.011111111	2.97				
19/04/2012	49	-0.003888889	2.99				
20/04/2012	48.8	0.001666667	3.01				
23/04/2012	47.55	0.005555556	3.02				
24/04/2012	45.75	0.014166667	3.05				
25/04/2012	45.3	0.021388889	3.08				
26/04/2012	44.8	0.034722222	3.13				
27/04/2012	44.35	0.035	3.13				
30/04/2012	44.9	0.033055556	3.12				
01/05/2012	45.75	0.032777778	3.12				
02/05/2012	46	0.027222222	3.1				
03/05/2012	45.3	0.0275	3.1				
04/05/2012	43.8	0.031666667	3.12				
07/05/2012	42	0.043333333	3.16				
08/05/2012	43.5	0.029166667	3.11				
09/05/2012	41.2	0.054444444	3.2				
10/05/2012	41	0.053888889	3.2				
11/05/2012	39.8	0.051388889	3.19				
14/05/2012	39.8	0.053888889	3.2				
15/05/2012	38.8	0.055555556	3.21				
16/05/2012	39.5	0.052222222	3.19				
17/05/2012	39.2	0.053888889	3.2				
18/05/2012	38	0.054444444	3.2				
21/05/2012	39.65	0.038055556	3.14				
22/05/2012	40.1	0.043055556	3.16				
23/05/2012	38	0.058611111	3.22				
24/05/2012	38.65	0.050277778	3.19				
25/05/2012	39.2	0.0425	3.16				
28/05/2012	39.9	0.0375	3.14				
29/05/2012	40.7	0.032777778	3.12				
30/05/2012	39	0.039166667	3.15				
31/05/2012	38	0.046111111	3.17				
01/06/2012	38.3	0.043333333	3.16				
04/06/2012	38	0.045	3.17				
05/06/2012	38.8	0.038055556	3.14				
06/06/2012	40.15	0.031111111	3.12				
07/06/2012	41.5	0.025555556	3.1				
08/06/2012	40.9	0.025555556	3.1				
11/06/2012	41.35	0.011666667	3.04				
12/06/2012	40.1	0.021388889	3.08				
13/06/2012	42	0.011111111	3.04				
14/06/2012	41.85	0.015	3.06				
15/06/2012	40.9	0.0175	3.07				
18/06/2012	42.25	0.008055556	3.03				
19/06/2012	39.8	0.021944444	3.08				
20/06/2012	44.6	-0.007222222	2.98				
21/06/2012	40.65	-0.000833333	3				
22/06/2012	40.5	0.005	3.02				
25/06/2012	42.3	-0.0125	2.96				
26/06/2012	40.55	-0.001944444	2.99				
27/06/2012	41.2	-0.007222222	2.98				
28/06/2012	41.1	0	3				
29/06/2012	41.05	0.008888889	3.03				
02/07/2012	43.15	0.008333333	3.03				
03/07/2012	43.15	0.0075	3.03				
04/07/2012	43.4	0.003611111	3.01				
05/07/2012	45	-0.007222222	2.98				
06/07/2012	46.4	-0.015833333	2.95				
09/07/2012	45.3	-0.008333333	2.98				
10/07/2012	44.2	-0.012222222	2.96				
11/07/2012	44.5	-0.013888889	2.96				
12/07/2012	45.05	-0.025277778	2.93				
13/07/2012	45.7	-0.026111111	2.92				
16/07/2012	48.2	-0.045555556	2.87				
17/07/2012	46.15	-0.033888889	2.9				
18/07/2012	44.15	-0.023055556	2.93				
19/07/2012	44.8	-0.028333333	2.92				
20/07/2012	44.3	-0.023888889	2.93				
23/07/2012	42.15	0.004722222	3.02				
24/07/2012	42.55	0.0025	3.01				
25/07/2012	42.95	0.000277778	3				
26/07/2012	41.4	0.012777778	3.05				
27/07/2012	40.45	0.013055556	3.05				
30/07/2012	40	0.013055556	3.05				
31/07/2012	41.15	0.007222222	3.03				
01/08/2012	40	0.011111111	3.04				
02/08/2012	40.05	0.012222222	3.05				
03/08/2012	40.95	0.011111111	3.04				
06/08/2012	41.45	0.008611111	3.03				
07/08/2012	41.75	0.011944444	3.04				
08/08/2012	42.2	0.011666667	3.04				
09/08/2012	41.6	0.033611111	3.13				
10/08/2012	40.35	0.036666667	3.14				
13/08/2012	40.1	0.037777778	3.14				
14/08/2012	40.15	0.040277778	3.15				
15/08/2012	41.05	0.035277778	3.13				
16/08/2012	41.4	0.032777778	3.12				
17/08/2012	42.1	0.030555556	3.11				
20/08/2012	42.05	0.028055556	3.1				
21/08/2012	42	0.0225	3.08				
22/08/2012	42.05	0.0275	3.1				
23/08/2012	41.85	0.028333333	3.11				
24/08/2012	41.6	0.025833333	3.1				
27/08/2012	42.15	0.027222222	3.1				
28/08/2012	40.25	0.032222222	3.12				
29/08/2012	40.25	0.033333333	3.12				
30/08/2012	39.5	0.041666667	3.16				
31/08/2012	40.2	0.040555556	3.15				
03/09/2012	40.9	0.0375	3.14				
04/09/2012	40.65	0.035277778	3.13				
05/09/2012	40.5	0.031388889	3.12				
06/09/2012	40.35	0.032777778	3.12				
07/09/2012	41.15	0.0325	3.12				
10/09/2012	40.95	0.035833333	3.13				
11/09/2012	40.7	0.035555556	3.13				
12/09/2012	40.7	0.036111111	3.13				
13/09/2012	40.8	0.031666667	3.12				
14/09/2012	41.35	0.023055556	3.09				
17/09/2012	42.15	0.015833333	3.06				
18/09/2012	44	0.004166667	3.02				
19/09/2012	44.75	0.0025	3.01				
20/09/2012	44.35	0.003333333	3.01				
21/09/2012	44	0.005555556	3.02				
24/09/2012	45.45	0.001111111	3				
25/09/2012	44.85	-0.004722222	2.99				
26/09/2012	44	0	3				
27/09/2012	44.25	-0.004722222	2.99				
28/09/2012	43.6	0.005	3.02				
01/10/2012	43.9	0.011666667	3.04				
02/10/2012	45.05	0.006944444	3.03				
03/10/2012	45.25	0.015277778	3.06				
04/10/2012	45.45	0.004444444	3.02				
05/10/2012	45.6	-0.001666667	3				
08/10/2012	44.8	0.004166667	3.02				
09/10/2012	45.2	0.004166667	3.02				
10/10/2012	45.4	0.003611111	3.01				
11/10/2012	44.9	0.0075	3.03				
12/10/2012	46.1	0.017222222	3.06				
15/10/2012	46.65	0.0075	3.03				
16/10/2012	46.65	0.0025	3.01				
17/10/2012	46.3	0.0025	3.01				
18/10/2012	45.5	-0.004166667	2.99				
19/10/2012	45	0.008333333	3.03				
22/10/2012	45.65	0.003611111	3.01				
23/10/2012	45.2	0.012777778	3.05				
24/10/2012	44.65	0.019166667	3.07				
25/10/2012	44.8	0.012222222	3.05				
26/10/2012	44.5	0.008611111	3.03				
29/10/2012	43.85	0.0225	3.08				
30/10/2012	44.1	0.019166667	3.07				
31/10/2012	43.15	0.035277778	3.13				
01/11/2012	43.05	0.038333333	3.14				
02/11/2012	43.5	0.0375	3.14				
05/11/2012	43.4	0.036666667	3.14				
06/11/2012	43.15	0.051388889	3.19				
07/11/2012	43.15	0.039166667	3.15				
08/11/2012	43.8	0.04	3.15				
09/11/2012	44.55	0.031944444	3.12				
12/11/2012	44.7	0.04	3.15				
13/11/2012	44.85	0.030277778	3.11				
14/11/2012	44.85	0.028333333	3.11				
15/11/2012	44.95	0.022222222	3.08				
16/11/2012	44.7	0.013611111	3.05				
19/11/2012	44.35	0.015833333	3.06				
20/11/2012	43.5	0.013888889	3.05				
21/11/2012	43	0.016666667	3.06				
22/11/2012	43.5	0.008333333	3.03				
23/11/2012	43.2	0.016666667	3.06				
26/11/2012	44.05	0.0025	3.01				
27/11/2012	44.4	-0.007777778	2.98				
28/11/2012	44.55	-0.008333333	2.98				
29/11/2012	44.05	-0.011111111	2.97				
30/11/2012	44.8	-0.014444444	2.96				
03/12/2012	47.2	-0.022777778	2.93				
04/12/2012	48.5						
05/12/2012	48						
06/12/2012	47.7						
07/12/2012	47.9						
10/12/2012	48						
11/12/2012	50.8						
12/12/2012	50.35						
13/12/2012	51.65						
14/12/2012	50.4						
17/12/2012	50.75						
18/12/2012	50.7						
19/12/2012	51.3						
20/12/2012	50.55						
21/12/2012	49.8						
24/12/2012	48.8						
25/12/2012	48						
26/12/2012	48.3						
27/12/2012	49.1						
28/12/2012	48.55						
31/12/2012	48.3						
01/01/2013	49.15						
02/01/2013	51.05						
03/01/2013	50.65						
04/01/2013	50.85						
07/01/2013	51.65						
08/01/2013	50.9						
09/01/2013	50.25						
10/01/2013	49.5						
11/01/2013	49.8						
14/01/2013	48.75						
15/01/2013	51						
16/01/2013	50.7						
17/01/2013	49.05						
18/01/2013	49.5						
21/01/2013	48.8						
22/01/2013	48.9						
23/01/2013	48.9						
24/01/2013	47.8						
25/01/2013	46.5						
28/01/2013	47.85						
29/01/2013	48.55						
30/01/2013	47.7						
31/01/2013	46.85						
01/02/2013	46.65						
04/02/2013	46.6						
05/02/2013	46.05						
06/02/2013	46.3						
07/02/2013	46.1						
08/02/2013	46.1						
11/02/2013	45.65						
12/02/2013	45.75						
13/02/2013	46.1						
14/02/2013	45.5						
15/02/2013	43.45						
18/02/2013	43.95						
19/02/2013	44						
20/02/2013	44.55						
21/02/2013	44.05						
22/02/2013	43.7						
25/02/2013	43.75						
26/02/2013	43.3						
27/02/2013	40.5						
28/02/2013	41.4						
01/03/2013	40.05						
04/03/2013	40.2						
05/03/2013	39.9						
06/03/2013	41.1						
07/03/2013	42.65						
08/03/2013	44.65						
11/03/2013	44.5						
12/03/2013	44.05						
13/03/2013	43.7						
14/03/2013	43.55						
15/03/2013	43.8						
18/03/2013	42						
19/03/2013	42						
20/03/2013	40.5						
21/03/2013	41						
22/03/2013	40						
25/03/2013	40.05						
26/03/2013	40						
27/03/2013	39.7						
28/03/2013	40						
29/03/2013	43						
01/04/2013	43						
02/04/2013	43						
03/04/2013	43.7						
04/04/2013	42.8						
05/04/2013	42.35						
08/04/2013	42.45						
09/04/2013	42						
10/04/2013	42.25						
11/04/2013	42.95						
12/04/2013	43						
15/04/2013	43.9						
16/04/2013	44.3						
17/04/2013	47.65						
18/04/2013	46.95						
19/04/2013	46.9						
22/04/2013	47.4						
23/04/2013	47.4						
24/04/2013	47.3						
25/04/2013	47.6						
26/04/2013	47.1						
29/04/2013	46.05						
30/04/2013	47						
01/05/2013	46.95						
02/05/2013	46.25						
03/05/2013	47.05						
06/05/2013	46.05						
07/05/2013	46.25						
08/05/2013	47						
09/05/2013	47.5						
10/05/2013	47.65						
13/05/2013	47						
14/05/2013	46.15						
15/05/2013	46.25						
16/05/2013	47						
17/05/2013	47.4						
20/05/2013	47.1						
21/05/2013	47.2						
22/05/2013	46.5						
23/05/2013	45.5						
24/05/2013	45						
27/05/2013	44.75						
28/05/2013	45.2						
29/05/2013	44.95						
30/05/2013	45						
31/05/2013	45.65						
03/06/2013	44						
04/06/2013	44						
05/06/2013	43.4						
06/06/2013	44.5						
07/06/2013	46						
10/06/2013	46.3						
11/06/2013	48						
12/06/2013	46.25						
13/06/2013	45.3						
14/06/2013	45.55						
17/06/2013	45.95						
18/06/2013	46.05						
19/06/2013	46.25						
20/06/2013	49.2						
21/06/2013	48						
24/06/2013	47.1						
25/06/2013	46.75						
26/06/2013	44.75						
27/06/2013	46.5						
28/06/2013	46.3						
01/07/2013	47.5						
02/07/2013	48.1						
03/07/2013	47						
04/07/2013	46.05						
05/07/2013	47.9						
08/07/2013	47.55						
09/07/2013	49.5						
10/07/2013	49.95						
11/07/2013	50.25						
12/07/2013	50						
15/07/2013	52.4						
16/07/2013	50.2						
17/07/2013	51						
18/07/2013	50.3						
19/07/2013	51.9						
22/07/2013	50.3						
23/07/2013	49.95						
24/07/2013	48.95						
25/07/2013	47.15						
26/07/2013	47.2						
29/07/2013	46						
30/07/2013	46						
31/07/2013	45						
01/08/2013	46.2						
02/08/2013	44.5						
05/08/2013	43						
06/08/2013	43.05						
07/08/2013	42.05						
08/08/2013	42.2						
09/08/2013	43.1						
12/08/2013	43.1						