24/04/2007	105.5	-0.052777778	2.74	-0.231506849	1.58	-0.093150685	1.63
25/04/2007	106.6	-0.081111111	2.61	-0.242054795	1.52	-0.095616438	1.59
26/04/2007	108	-0.1	2.51	-0.24369863	1.51	-0.097260274	1.56
27/04/2007	106	-0.116388889	2.43	-0.235753425	1.56	-0.094383562	1.61
30/04/2007	105	-0.09	2.56	-0.235068493	1.56	-0.09369863	1.62
03/05/2007	108.2	-0.1175	2.43	-0.247123288	1.49	-0.097534247	1.56
04/05/2007	116	-0.166666667	2.19	-0.265205479	1.38	-0.108287671	1.4
07/05/2007	111.85	-0.137777778	2.33	-0.253013699	1.45	-0.103219178	1.48
08/05/2007	118.6	-0.207777778	1.99	-0.274794521	1.32	-0.112054795	1.35
09/05/2007	118	-0.294444444	1.57	-0.274520548	1.32	-0.110410959	1.37
10/05/2007	117.8	-0.298888889	1.55	-0.278767123	1.29	-0.110205479	1.37
11/05/2007	111.7	-0.211666667	1.97	-0.262328767	1.39	-0.100273973	1.52
14/05/2007	118	-0.266666667	1.71	-0.28630137	1.25	-0.109589041	1.38
15/05/2007	126.15	-0.304166667	1.52	-0.307260274	1.12	-0.120753425	1.22
16/05/2007	125	-0.305555556	1.52	-0.301369863	1.15	-0.119109589	1.24
17/05/2007	125.4	-0.291111111	1.59	-0.304109589	1.14	-0.119589041	1.24
18/05/2007	120.2	-0.289722222	1.59	-0.285479452	1.25	-0.112191781	1.34
21/05/2007	120.45	-0.284166667	1.62	-0.287808219	1.24	-0.113630137	1.32
22/05/2007	124.2	-0.301111111	1.54	-0.290136986	1.22	-0.120273973	1.23
23/05/2007	123	-0.297222222	1.56	-0.290958904	1.22	-0.117739726	1.26
24/05/2007	121.4	-0.296666667	1.56	-0.284794521	1.26	-0.115616438	1.29
25/05/2007	119	-0.268888889	1.69	-0.277534247	1.3	-0.111917808	1.35
28/05/2007	121.15	-0.284166667	1.62	-0.284246575	1.26	-0.115068493	1.3
29/05/2007	135.7	-0.381666667	1.15	-0.325753425	1	-0.134863014	1.01
30/05/2007	133	-0.388611111	1.11	-0.319041096	1.05	-0.131506849	1.06
31/05/2007	135.15	-0.411944444	1	-0.326438356	1	-0.135547945	1
04/06/2007	131.7	-0.398888889	1.06	-0.318630137	1.05	-0.131506849	1.06
05/06/2007	127.35	-0.374166667	1.18	-0.308082192	1.11	-0.125273973	1.15
06/06/2007	123.75	-0.348611111	1.31	-0.300684932	1.16	-0.120273973	1.23
07/06/2007	120.25	-0.261666667	1.73	-0.293835616	1.2	-0.112191781	1.34
08/06/2007	118.2	-0.291666667	1.58	-0.285342466	1.25	-0.11260274	1.34
11/06/2007	112.55	-0.242222222	1.82	-0.268630137	1.35	-0.105410959	1.44
12/06/2007	114.1	-0.300277778	1.54	-0.27260274	1.33	-0.108219178	1.4
13/06/2007	111	-0.266666667	1.71	-0.264383562	1.38	-0.103424658	1.47
14/06/2007	110.85	-0.271388889	1.68	-0.262054795	1.39	-0.099794521	1.53
15/06/2007	117	-0.295555556	1.57	-0.280547945	1.28	-0.105342466	1.45
18/06/2007	109.7	-0.266388889	1.71	-0.25890411	1.41	-0.096369863	1.58
19/06/2007	101	-0.227222222	1.9	-0.234657534	1.56	-0.085479452	1.74
20/06/2007	107.5	-0.258888889	1.74	-0.247945205	1.48	-0.09630137	1.58
21/06/2007	112	-0.289444444	1.59	-0.260273973	1.41	-0.101027397	1.51
22/06/2007	112.7	-0.311111111	1.49	-0.262328767	1.39	-0.103630137	1.47
25/06/2007	110	-0.305555556	1.52	-0.251506849	1.46	-0.099315068	1.53
26/06/2007	105.5	-0.312777778	1.48	-0.242465753	1.51	-0.094657534	1.6
27/06/2007	110.45	-0.332222222	1.39	-0.249863014	1.47	-0.099041096	1.54
28/06/2007	110.5	-0.308333333	1.5	-0.249315068	1.47	-0.100479452	1.52
29/06/2007	109.9	-0.331111111	1.39	-0.238493151	1.54	-0.100410959	1.52
02/07/2007	107	-0.336944444	1.36	-0.238767123	1.54	-0.095410959	1.59
03/07/2007	107	-0.338888889	1.35	-0.237260274	1.55	-0.093493151	1.62
04/07/2007	106	-0.35	1.3	-0.233561644	1.57	-0.091780822	1.65
05/07/2007	106.4	-0.333611111	1.38	-0.235342466	1.56	-0.093013699	1.63
06/07/2007	98	-0.283888889	1.62	-0.215890411	1.68	-0.08260274	1.78
09/07/2007	100	-0.315	1.47	-0.221232877	1.64	-0.084041096	1.76
10/07/2007	101.7	-0.315	1.47	-0.224246575	1.63	-0.086369863	1.73
11/07/2007	99.25	-0.284722222	1.62	-0.219863014	1.65	-0.081027397	1.8
12/07/2007	96.9	-0.277222222	1.65	-0.212739726	1.7	-0.077260274	1.86
13/07/2007	97.9	-0.271666667	1.68	-0.214520548	1.69	-0.077945205	1.85
16/07/2007	94.65	-0.245833333	1.81	-0.203972603	1.75	-0.07390411	1.91
17/07/2007	99.9	-0.266944444	1.7	-0.216164384	1.68	-0.077945205	1.85
18/07/2007	96.8	-0.265	1.71	-0.204931507	1.74	-0.075068493	1.89
19/07/2007	96	-0.259722222	1.74	-0.202876712	1.76	-0.071917808	1.94
20/07/2007	93.9	-0.253888889	1.77	-0.193972603	1.81	-0.06890411	1.98
23/07/2007	92.5	-0.241666667	1.83	-0.198082192	1.79	-0.067123288	2.01
24/07/2007	90.9	-0.23	1.88	-0.194246575	1.81	-0.065068493	2.04
25/07/2007	88	-0.215	1.96	-0.189452055	1.84	-0.060958904	2.1
26/07/2007	92.45	-0.236388889	1.85	-0.20260274	1.76	-0.068424658	1.99
27/07/2007	88	-0.211111111	1.98	-0.189041096	1.84	-0.061438356	2.09
30/07/2007	84.95	-0.183055556	2.11	-0.182739726	1.88	-0.05390411	2.2
31/07/2007	83.45	-0.158055556	2.23	-0.176575342	1.92	-0.051643836	2.24
01/08/2007	85.75	-0.179166667	2.13	-0.181780822	1.89	-0.054726027	2.19
02/08/2007	85	-0.126388889	2.39	-0.182465753	1.88	-0.054246575	2.2
03/08/2007	86.9	-0.129166667	2.37	-0.186164384	1.86	-0.057739726	2.15
06/08/2007	86	-0.117777778	2.43	-0.183561644	1.88	-0.052191781	2.23
07/08/2007	90	-0.158611111	2.23	-0.197534247	1.79	-0.060273973	2.11
08/08/2007	88.7	-0.169166667	2.18	-0.189863014	1.84	-0.058767123	2.13
09/08/2007	81.8	-0.148611111	2.28	-0.17109589	1.95	-0.049863014	2.26
10/08/2007	85	-0.161388889	2.22	-0.177671233	1.91	-0.054931507	2.19
13/08/2007	87.9	-0.157777778	2.23	-0.185753425	1.86	-0.058767123	2.13
14/08/2007	87.5	-0.158333333	2.23	-0.184657534	1.87	-0.058082192	2.14
16/08/2007	82	-0.132222222	2.36	-0.169863014	1.96	-0.050342466	2.26
17/08/2007	84.5	-0.1425	2.31	-0.176712329	1.92	-0.052191781	2.23
20/08/2007	79.8	-0.142777778	2.31	-0.152191781	2.07	-0.045136986	2.33
21/08/2007	77	-0.136111111	2.34	-0.148219178	2.09	-0.042945205	2.37
22/08/2007	74	-0.117777778	2.43	-0.140547945	2.14	-0.03890411	2.43
23/08/2007	74.8	-0.114166667	2.45	-0.142191781	2.13	-0.042671233	2.37
24/08/2007	74.4	-0.127222222	2.38	-0.137945205	2.15	-0.038356164	2.43
27/08/2007	73.6	-0.111944444	2.46	-0.135479452	2.17	-0.037123288	2.45
28/08/2007	75.4	-0.119444444	2.42	-0.141780822	2.13	-0.039041096	2.42
29/08/2007	73	-0.091944444	2.55	-0.124520548	2.24	-0.037191781	2.45
30/08/2007	75.1	-0.111666667	2.46	-0.135205479	2.17	-0.040616438	2.4
31/08/2007	80	-0.139444444	2.32	-0.151369863	2.07	-0.047945205	2.29
03/09/2007	85.5	-0.163888889	2.2	-0.163013699	2	-0.056438356	2.17
04/09/2007	90.8	-0.205833333	2	-0.179589041	1.9	-0.063767123	2.06
05/09/2007	87.2	-0.187777778	2.09	-0.169863014	1.96	-0.059863014	2.12
06/09/2007	83.2	-0.173888889	2.16	-0.157671233	2.03	-0.05260274	2.22
07/09/2007	83.35	-0.178055556	2.14	-0.161780822	2.01	-0.050479452	2.26
10/09/2007	82	-0.181944444	2.12	-0.156027397	2.04	-0.048082192	2.29
11/09/2007	82.6	-0.198611111	2.04	-0.16109589	2.01	-0.048767123	2.28
12/09/2007	82.3	-0.201111111	2.02	-0.16109589	2.01	-0.047739726	2.3
13/09/2007	81.1	-0.19	2.08	-0.156164384	2.04	-0.043972603	2.35
14/09/2007	78.7	-0.187222222	2.09	-0.149863014	2.08	-0.039315068	2.42
17/09/2007	76.35	-0.169166667	2.18	-0.147123288	2.1	-0.03630137	2.46
18/09/2007	76.6	-0.181111111	2.12	-0.148493151	2.09	-0.038493151	2.43
19/09/2007	78.2	-0.203888889	2.01	-0.152054795	2.07	-0.038767123	2.43
20/09/2007	77.4	-0.205	2	-0.149178082	2.09	-0.03869863	2.43
21/09/2007	75.5	-0.2	2.03	-0.138630137	2.15	-0.032465753	2.52
24/09/2007	76.1	-0.197777778	2.04	-0.139726027	2.14	-0.033013699	2.51
25/09/2007	73.35	-0.181944444	2.12	-0.132465753	2.19	-0.030684932	2.55
26/09/2007	72	-0.175	2.15	-0.129452055	2.21	-0.030616438	2.55
27/09/2007	74.9	-0.184444444	2.1	-0.136575342	2.16	-0.033972603	2.5
28/09/2007	75.7	-0.195555556	2.05	-0.137534247	2.16	-0.032465753	2.52
01/10/2007	74.5	-0.189444444	2.08	-0.132876712	2.19	-0.034041096	2.5
03/10/2007	73.7	-0.199166667	2.03	-0.136027397	2.17	-0.033493151	2.51
04/10/2007	71.2	-0.200555556	2.03	-0.129863014	2.2	-0.028630137	2.58
05/10/2007	73.05	-0.218055556	1.94	-0.135890411	2.17	-0.031575342	2.53
08/10/2007	72.95	-0.208055556	1.99	-0.135479452	2.17	-0.030342466	2.55
09/10/2007	60.05	-0.146944444	2.29	-0.101643836	2.38	-0.012534247	2.82
10/10/2007	69.3	-0.201666667	2.02	-0.123013699	2.25	-0.020547945	2.7
11/10/2007	70.9	-0.232222222	1.87	-0.125753425	2.23	-0.022945205	2.66
12/10/2007	70.3	-0.236111111	1.85	-0.120410959	2.26	-0.020410959	2.7
15/10/2007	72.2	-0.241388889	1.83	-0.12	2.26	-0.022876712	2.66
16/10/2007	72.35	-0.246388889	1.8	-0.125616438	2.23	-0.029109589	2.57
17/10/2007	66	-0.205555556	2	-0.097260274	2.4	-0.01369863	2.8
18/10/2007	68.3	-0.208611111	1.99	-0.10630137	2.35	-0.017328767	2.74
19/10/2007	68	-0.195833333	2.05	-0.104109589	2.36	-0.015616438	2.77
22/10/2007	64.5	-0.175	2.15	-0.089452055	2.45	-0.007808219	2.88
23/10/2007	66.7	-0.181666667	2.12	-0.095753425	2.41	-0.010547945	2.84
24/10/2007	66	-0.191944444	2.07	-0.091780822	2.44	-0.01369863	2.8
25/10/2007	65.5	-0.196666667	2.05	-0.101369863	2.38	-0.012945205	2.81
26/10/2007	66.35	-0.199722222	2.03	-0.099863014	2.39	-0.012465753	2.82
29/10/2007	65.9	-0.191111111	2.07	-0.103835616	2.36	-0.014178082	2.79
30/10/2007	63.45	-0.195277778	2.05	-0.086849315	2.47	-0.012123288	2.82
31/10/2007	59.7	-0.173333333	2.16	-0.082465753	2.49	-0.007260274	2.89
01/11/2007	61	-0.183888889	2.11	-0.078082192	2.52	-0.009589041	2.86
02/11/2007	59	-0.161111111	2.22	-0.075342466	2.54	-0.004246575	2.94
05/11/2007	57	-0.140555556	2.32	-0.070958904	2.57	-0.002739726	2.96
06/11/2007	57	-0.127777778	2.38	-0.071232877	2.56	-0.003630137	2.95
07/11/2007	54.05	-0.124166667	2.4	-0.059178082	2.64	0.00239726	3.05
08/11/2007	53.5	-0.127777778	2.38	-0.057671233	2.65	0.004794521	3.1
09/11/2007	51	-0.105555556	2.49	-0.047945205	2.71	0.004109589	3.09
12/11/2007	54	-0.127777778	2.38	-0.06	2.63	0.004109589	3.09
13/11/2007	62.6	-0.181111111	2.12	-0.082465753	2.49	-0.007876712	2.88
14/11/2007	71.85	-0.231111111	1.88	-0.109178082	2.33	-0.023630137	2.65
15/11/2007	71.8	-0.211666667	1.97	-0.106575342	2.35	-0.023219178	2.66
16/11/2007	68	-0.189444444	2.08	-0.089041096	2.45	-0.016575342	2.76
19/11/2007	70.6	-0.205	2	-0.096986301	2.41	-0.02	2.7
20/11/2007	80	-0.237222222	1.85	-0.120821918	2.26	-0.032876712	2.51
21/11/2007	85	-0.259722222	1.74	-0.14109589	2.14	-0.037671233	2.44
22/11/2007	77.05	-0.221111111	1.93	-0.116849315	2.28	-0.028561644	2.58
23/11/2007	76	-0.200833333	2.02	-0.107260274	2.34	-0.02760274	2.59
26/11/2007	80	-0.223888889	1.91	-0.109589041	2.33	-0.035068493	2.48
27/11/2007	76	-0.219444444	1.93	-0.105479452	2.35	-0.030136986	2.56
28/11/2007	79	-0.233333333	1.87	-0.106849315	2.35	-0.031643836	2.53
29/11/2007	83	-0.245555556	1.81	-0.117123288	2.28	-0.037260274	2.45
30/11/2007	83.5	-0.247222222	1.8	-0.108082192	2.34	-0.034452055	2.49
03/12/2007	82	-0.247777778	1.8	-0.093150685	2.43	-0.032191781	2.53
04/12/2007	93.2	-0.296111111	1.56	-0.129863014	2.2	-0.048219178	2.29
05/12/2007	99	-0.336111111	1.37	-0.14	2.14	-0.057808219	2.15
06/12/2007	100	-0.338888889	1.35	-0.138356164	2.15	-0.059246575	2.13
07/12/2007	96.95	-0.329722222	1.4	-0.129452055	2.21	-0.053356164	2.21
10/12/2007	97	-0.333333333	1.38	-0.123424658	2.24	-0.052054795	2.23
11/12/2007	94.1	-0.315	1.47	-0.112328767	2.31	-0.042054795	2.38
12/12/2007	91.3	-0.298333333	1.55	-0.101643836	2.38	-0.033287671	2.51
13/12/2007	95	-0.315277778	1.47	-0.103561644	2.37	-0.033013699	2.51
14/12/2007	93	-0.295277778	1.57	-0.107671233	2.34	-0.045273973	2.33
17/12/2007	90.8	-0.276666667	1.66	-0.127808219	2.22	-0.031712329	2.53
18/12/2007	88.55	-0.2725	1.68	-0.117123288	2.28	-0.029520548	2.56
19/12/2007	93.55	-0.305833333	1.52	-0.134383562	2.18	-0.039657534	2.41
20/12/2007	92	-0.297777778	1.55	-0.130136986	2.2	-0.039657534	2.41
24/12/2007	95	-0.314444444	1.47	-0.144931507	2.11	-0.043150685	2.36
26/12/2007	88.5	-0.295833333	1.56	-0.14109589	2.14	-0.031643836	2.53
27/12/2007	94.85	-0.371388889	1.2	-0.145068493	2.11	-0.040890411	2.4
28/12/2007	94	-0.342222222	1.34	-0.149315068	2.09	-0.039178082	2.42
31/12/2007	96.95	-0.375	1.18	-0.155342466	2.05	-0.042671233	2.37
01/01/2008	102	-0.386111111	1.13	-0.170684932	1.95	-0.042465753	2.37
02/01/2008	104	-0.3975	1.07	-0.182739726	1.88	-0.046575342	2.31
03/01/2008	103	-0.397222222	1.07	-0.17630137	1.92	-0.049794521	2.27
04/01/2008	100	-0.388333333	1.11	-0.167534247	1.97	-0.047260274	2.3
07/01/2008	97.3	-0.3725	1.19	-0.15739726	2.04	-0.042876712	2.37
08/01/2008	101.8	-0.400555556	1.06	-0.167945205	1.97	-0.045616438	2.33
09/01/2008	96	-0.377777778	1.17	-0.152054795	2.07	-0.029452055	2.57
10/01/2008	92	-0.361111111	1.25	-0.145205479	2.11	-0.020684932	2.69
11/01/2008	90	-0.341666667	1.34	-0.139041096	2.15	-0.022260274	2.67
14/01/2008	85.05	-0.323055556	1.43	-0.130136986	2.2	-0.017739726	2.74
15/01/2008	88.8	-0.348888889	1.31	-0.133835616	2.18	-0.02369863	2.65
16/01/2008	87.05	-0.3525	1.29	-0.137123288	2.16	-0.021986301	2.68
17/01/2008	86	-0.361111111	1.25	-0.137260274	2.16	-0.035273973	2.48
18/01/2008	87.05	-0.382222222	1.14	-0.144794521	2.11	-0.029794521	2.56
21/01/2008	81.2	-0.345277778	1.32	-0.123835616	2.24	-0.021232877	2.69
22/01/2008	65	-0.250277778	1.78	-0.088767123	2.46	0.004383562	3.1
23/01/2008	64	-0.248888889	1.79	-0.088493151	2.46	0.005205479	3.11
24/01/2008	73.6	-0.308888889	1.5	-0.105753425	2.35	-0.008150685	2.88
25/01/2008	70	-0.282222222	1.63	-0.093150685	2.43	-0.004520548	2.93
28/01/2008	71.4	-0.288333333	1.6	-0.095342466	2.42	-0.009794521	2.86
29/01/2008	70	-0.287222222	1.61	-0.085342466	2.48	-0.00630137	2.91
30/01/2008	73	-0.306666667	1.51	-0.089589041	2.45	-0.010890411	2.84
31/01/2008	68.05	-0.288888889	1.6	-0.071643836	2.56	-0.002945205	2.96
01/02/2008	69.3	-0.296388889	1.56	-0.076849315	2.53	-0.000958904	2.99
04/02/2008	70	-0.313888889	1.48	-0.073424658	2.55	-0.003082192	2.95
05/02/2008	69.5	-0.308333333	1.5	-0.075068493	2.54	0.000410959	3.01
06/02/2008	68	-0.294444444	1.57	-0.065205479	2.6	0.004794521	3.1
07/02/2008	70.6	-0.312222222	1.48	-0.075479452	2.54	0.001917808	3.04
08/02/2008	70	-0.3	1.54	-0.067945205	2.58	0.003424658	3.07
11/02/2008	67	-0.286666667	1.61	-0.057808219	2.65	0.008219178	3.18
12/02/2008	63.05	-0.248611111	1.79	-0.051506849	2.68	0.012054795	3.26
13/02/2008	61	-0.245555556	1.81	-0.042054795	2.74	0.006849315	3.15
14/02/2008	59.9	-0.235833333	1.86	-0.032191781	2.8	0.006986301	3.15
15/02/2008	60	-0.235	1.86	-0.035616438	2.78	0.004794521	3.1
18/02/2008	61	-0.242222222	1.82	-0.045342466	2.72	0.001712329	3.04
19/02/2008	73.15	-0.313055556	1.48	-0.075616438	2.54	-0.01390411	2.79
20/02/2008	65.7	-0.273055556	1.67	-0.062328767	2.62	-0.005068493	2.93
21/02/2008	68.95	-0.294166667	1.57	-0.072465753	2.56	-0.012260274	2.82
22/02/2008	60.05	-0.248055556	1.8	-0.041780822	2.74	0.001232877	3.03
25/02/2008	63	-0.267222222	1.7	-0.046575342	2.71	-0.003082192	2.95
26/02/2008	62	-0.266666667	1.71	-0.046575342	2.71	-0.00369863	2.95
27/02/2008	63.8	-0.282222222	1.63	-0.055068493	2.66	-0.006438356	2.91
28/02/2008	61.75	-0.265	1.71	-0.049452055	2.7	-0.001438356	2.98
29/02/2008	60.1	-0.253333333	1.77	-0.044931507	2.72	0.003972603	3.09
03/03/2008	60.9	-0.257222222	1.75	-0.047123288	2.71	0.004041096	3.09
04/03/2008	59.9	-0.252222222	1.78	-0.035616438	2.78	0.00260274	3.06
05/03/2008	56.7	-0.230555556	1.88	-0.025205479	2.85	0.002054795	3.04
07/03/2008	55	-0.224444444	1.91	-0.020547945	2.87	0.006164384	3.13
10/03/2008	49.2	-0.188888889	2.08	-0.002054795	2.99	0.011369863	3.25
11/03/2008	50.65	-0.196111111	2.05	-0.010684932	2.93	0.01260274	3.28
12/03/2008	55	-0.211111111	1.98	-0.022465753	2.86	0.006986301	3.15
13/03/2008	50.3	-0.185	2.1	-0.006027397	2.96	0.01109589	3.24
14/03/2008	46.35	-0.163333333	2.21	-0.002328767	2.99	0.016780822	3.37
17/03/2008	46	-0.154444444	2.25	-0.000410959	3	0.013150685	3.29
18/03/2008	43	-0.144444444	2.3	0.007123288	3.1	0.018493151	3.4
19/03/2008	46.35	-0.150555556	2.27	-0.000547945	3	0.019246575	3.42
24/03/2008	46.9	-0.152222222	2.26	0.000547945	3.01	0.02369863	3.52
25/03/2008	43.3	-0.113611111	2.45	0.009041096	3.12	0.029589041	3.65
26/03/2008	45	-0.139722222	2.32	0.005205479	3.07	0.027191781	3.6
27/03/2008	48	-0.153333333	2.26	-0.008630137	2.95	0.020547945	3.45
28/03/2008	47	-0.145833333	2.29	-0.007671233	2.95	0.022739726	3.5
31/03/2008	49	-0.158333333	2.23	-0.016986301	2.9	0.015068493	3.33
01/04/2008	50.4	-0.173333333	2.16	-0.014246575	2.91	0.011232877	3.25
02/04/2008	51.85	-0.181111111	2.12	-0.020410959	2.87	0.008835616	3.19
03/04/2008	49.1	-0.1625	2.21	-0.016164384	2.9	0.011917808	3.26
04/04/2008	49.25	-0.168055556	2.18	-0.015342466	2.91	0.011027397	3.24
07/04/2008	48.2	-0.160833333	2.22	-0.010958904	2.93	0.014520548	3.32
08/04/2008	49	-0.163333333	2.21	-0.013150685	2.92	0.01369863	3.3
09/04/2008	49.5	-0.162777778	2.21	-0.015890411	2.9	0.014246575	3.31
10/04/2008	49.3	-0.157222222	2.24	-0.014794521	2.91	0.018493151	3.4
11/04/2008	49.9	-0.155	2.25	-0.012876712	2.92	0.011780822	3.26
15/04/2008	50	-0.155833333	2.24	-0.011232877	2.93	0.013424658	3.29
16/04/2008	52	-0.160555556	2.22	-0.017945205	2.89	0.012054795	3.26
17/04/2008	55	-0.193333333	2.06	-0.028356164	2.83	0.010410959	3.23
21/04/2008	53.5	-0.186111111	2.1	-0.026027397	2.84	0.010273973	3.22
22/04/2008	62.25	-0.241111111	1.83	-0.051917808	2.68	-0.003493151	2.95
23/04/2008	63.65	-0.250833333	1.78	-0.058219178	2.64	-0.002328767	2.97
24/04/2008	64.8	-0.254444444	1.76	-0.057945205	2.64	-0.003835616	2.94
25/04/2008	61.45	-0.24	1.83	-0.044657534	2.73	0.00109589	3.02
28/04/2008	58.25	-0.218055556	1.94	-0.03630137	2.78	0.005410959	3.12
29/04/2008	55.05	-0.198055556	2.04	-0.02890411	2.82	0.010753425	3.24
30/04/2008	55.95	-0.208611111	1.99	-0.026575342	2.84	0.008082192	3.18
02/05/2008	59.5	-0.225277778	1.91	-0.034931507	2.79	0.003424658	3.07
05/05/2008	59	-0.222222222	1.92	-0.030136986	2.82	0.006849315	3.15
06/05/2008	58.2	-0.223888889	1.91	-0.036164384	2.78	0.013082192	3.29
07/05/2008	58.85	-0.219166667	1.94	-0.038356164	2.77	0.009794521	3.21
08/05/2008	54.1	-0.193055556	2.06	-0.024794521	2.85	0.015205479	3.33
09/05/2008	52.5	-0.179722222	2.13	-0.027671233	2.83	0.017123288	3.37
12/05/2008	52.8	-0.181666667	2.12	-0.028493151	2.83	0.019315068	3.42
13/05/2008	54.25	-0.189722222	2.08	-0.03109589	2.81	0.01760274	3.39
14/05/2008	51.5	-0.175	2.15	-0.027534247	2.83	0.021986301	3.48
15/05/2008	53.45	-0.185833333	2.1	-0.032876712	2.8	0.021986301	3.48
16/05/2008	53.9	-0.164722222	2.2	-0.040136986	2.75	0.018424658	3.4
20/05/2008	56.45	-0.186388889	2.1	-0.054657534	2.67	0.015136986	3.33
21/05/2008	55	-0.179444444	2.13	-0.053287671	2.67	0.017671233	3.39
22/05/2008	54.9	-0.177777778	2.14	-0.054794521	2.66	0.019178082	3.42
23/05/2008	56	-0.1775	2.14	-0.060547945	2.63	0.014931507	3.33
26/05/2008	53.75	-0.164444444	2.2	-0.056575342	2.65	0.020616438	3.45
27/05/2008	53.4	-0.165277778	2.2	-0.050136986	2.69	0.02	3.44
28/05/2008	51.9	-0.135277778	2.34	-0.04369863	2.73	0.020684932	3.45
29/05/2008	51.3	-0.141944444	2.31	-0.040821918	2.75	0.021506849	3.47
30/05/2008	49.25	-0.136111111	2.34	-0.031369863	2.81	0.026369863	3.58
02/06/2008	46.85	-0.115833333	2.44	-0.026986301	2.83	0.028767123	3.63
03/06/2008	46.1	-0.115833333	2.44	-0.018767123	2.89	0.033424658	3.73
04/06/2008	46.9	-0.120555556	2.41	-0.014931507	2.91	0.032191781	3.7
05/06/2008	45	-0.1075	2.48	-0.014246575	2.91	0.035616438	3.78
06/06/2008	45.9	-0.12	2.42	0.000273973	3	0.033356164	3.73
09/06/2008	44	-0.105277778	2.49	-0.008219178	2.95	0.032876712	3.72
10/06/2008	41.5	-0.098333333	2.52	-0.001506849	2.99	0.037945205	3.83
11/06/2008	40.5	-0.094444444	2.54	-0.002739726	2.98	0.037808219	3.83
12/06/2008	39.5	-0.085555556	2.58	0.004109589	3.06	0.039589041	3.87
13/06/2008	40.5	-0.091666667	2.55	0.000958904	3.01	0.035479452	3.78
16/06/2008	40.6	-0.099722222	2.52	0.003287671	3.05	0.036232877	3.79
17/06/2008	40.5	-0.100555556	2.51	0.003561644	3.05	0.037671233	3.82
18/06/2008	41.7	-0.105555556	2.49	-0.00739726	2.95	0.036027397	3.79
19/06/2008	40.5	-0.0975	2.53	-0.001506849	2.99	0.029794521	3.65
20/06/2008	40.4	-0.086111111	2.58	-0.000821918	2.99	0.036438356	3.8
23/06/2008	37.85	-0.070833333	2.66	0.01	3.14	0.040753425	3.89
24/06/2008	35.1	-0.056111111	2.73	0.02109589	3.29	0.045616438	4
25/06/2008	33.8	-0.050277778	2.76	0.027534247	3.38	0.047808219	4.05
26/06/2008	35.5	-0.058055556	2.72	0.024657534	3.34	0.043972603	3.96
27/06/2008	33.6	-0.045	2.78	0.025342466	3.35	0.045753425	4
30/06/2008	33	-0.038888889	2.81	0.026027397	3.36	0.049315068	4.08
01/07/2008	29.1	-0.028055556	2.86	0.038082192	3.52	0.05739726	4.26
02/07/2008	27.8	-0.022222222	2.89	0.04109589	3.56	0.060547945	4.33
03/07/2008	28.75	-0.029444444	2.86	0.03630137	3.5	0.060616438	4.33
04/07/2008	28	-0.025	2.88	0.037671233	3.52	0.06130137	4.34
07/07/2008	29	-0.033611111	2.84	0.027123288	3.37	0.066027397	4.45
08/07/2008	30.75	-0.035277778	2.83	0.025205479	3.35	0.061438356	4.34
09/07/2008	32.75	-0.043055556	2.79	0.022739726	3.31	0.06260274	4.37
10/07/2008	33	-0.036944444	2.82	0.019178082	3.26	0.060273973	4.32
11/07/2008	34	-0.031111111	2.85	0.020958904	3.29	0.05890411	4.29
14/07/2008	31.45	-0.0275	2.87	0.028767123	3.4	0.065136986	4.43
15/07/2008	30.1	0.002222222	3.02	0.031780822	3.44	0.064383562	4.41
16/07/2008	30.4	-0.005	2.98	0.029178082	3.4	0.065753425	4.44
17/07/2008	31.5	-0.008333333	2.96	0.026164384	3.36	0.066438356	4.45
18/07/2008	28.3	0.019722222	3.18	0.036438356	3.5	0.072808219	4.59
21/07/2008	28.5	0.018055556	3.16	0.039178082	3.54	0.072260274	4.58
22/07/2008	27.9	0.025555556	3.23	0.041780822	3.57	0.074452055	4.63
23/07/2008	30	-0.008333333	2.96	0.035068493	3.48	0.074589041	4.63
24/07/2008	31.7	-0.01	2.95	0.030547945	3.42	0.075753425	4.66
25/07/2008	34	-0.033333333	2.84	0.026849315	3.37	0.070547945	4.54
28/07/2008	31.7	0.000277778	3	0.037534247	3.52	0.06890411	4.51
29/07/2008	30.5	-0.005	2.98	0.036986301	3.51	0.067191781	4.47
30/07/2008	32	0.002777778	3.02	0.031232877	3.43	0.065547945	4.43
31/07/2008	31	0.002777778	3.02	0.031369863	3.43	0.067123288	4.47
01/08/2008	30	0.006111111	3.05	0.033150685	3.46	0.069931507	4.53
04/08/2008	30.25	0.004166667	3.04	0.032465753	3.45	0.076369863	4.67
05/08/2008	33.7	-0.006944444	2.97	0.035068493	3.48	0.075821918	4.66
06/08/2008	33.9	-0.008055556	2.96	0.035205479	3.48	0.076643836	4.68
07/08/2008	33.7	-0.001111111	2.99	0.043150685	3.59	0.076712329	4.68
08/08/2008	37.3	-0.028888889	2.86	0.029452055	3.4	0.071506849	4.57
11/08/2008	38.25	-0.031944444	2.84	0.02890411	3.4	0.080479452	4.76
12/08/2008	37.25	-0.029166667	2.86	0.030821918	3.42	0.076232877	4.67
13/08/2008	39.85	-0.038611111	2.81	0.02369863	3.33	0.068150685	4.49
14/08/2008	39.7	-0.023333333	2.89	0.024109589	3.33	0.069246575	4.52
18/08/2008	36.5	-0.007222222	2.96	0.032876712	3.45	0.072739726	4.59
19/08/2008	37	-0.006111111	2.97	0.031506849	3.43	0.066986301	4.47
20/08/2008	38.8	-0.029444444	2.86	0.026575342	3.37	0.069315068	4.52
21/08/2008	39	-0.025555556	2.88	0.026027397	3.36	0.066917808	4.46
22/08/2008	37.4	-0.003055556	2.99	0.030410959	3.42	0.071643836	4.57
25/08/2008	39.9	0.000555556	3	0.023561644	3.32	0.069178082	4.51
26/08/2008	38.5	-0.005555556	2.97	0.02739726	3.38	0.072534247	4.59
27/08/2008	39	0.005555556	3.05	0.026027397	3.36	0.072808219	4.59
28/08/2008	37.6	0.014722222	3.13	0.003835616	3.05	0.076575342	4.68
29/08/2008	37	0.039166667	3.35	0.010958904	3.15	0.07130137	4.56
01/09/2008	37.4	0.058888889	3.53	0.010136986	3.14	0.066575342	4.46
02/09/2008	37.6	0.045555556	3.41	0.011506849	3.16	0.065068493	4.42
04/09/2008	38.25	0.053611111	3.48	0.009726027	3.13	0.064315068	4.41
05/09/2008	39.85	0.053611111	3.48	0.003972603	3.05	0.060616438	4.33
08/09/2008	41	0.048333333	3.43	0.001643836	3.02	0.058219178	4.27
09/09/2008	39.5	0.069166667	3.62	0.007808219	3.11	0.063287671	4.39
10/09/2008	38.5	0.081111111	3.73	0.010410959	3.14	0.06369863	4.39
11/09/2008	38.4	0.087777778	3.79	0.003013699	3.04	0.064931507	4.42
12/09/2008	38.4	0.104444444	3.94	0.004383562	3.06	0.060958904	4.33
15/09/2008	35.25	0.1025	3.92	0.00890411	3.12	0.070068493	4.53
16/09/2008	28	0.089722222	3.81	0.025068493	3.34	0.074109589	4.62
17/09/2008	32.4	0.074444444	3.67	0.014246575	3.2	0.071369863	4.56
18/09/2008	29.45	0.083611111	3.75	0.018493151	3.25	0.070479452	4.54
19/09/2008	32.5	0.066666667	3.6	0.013424658	3.18	0.068630137	4.5
22/09/2008	32.45	0.053611111	3.48	0.016849315	3.23	0.064589041	4.41
23/09/2008	31.5	0.030555556	3.27	0.024109589	3.33	0.071643836	4.57
24/09/2008	30.1	0.065555556	3.59	0.026849315	3.37	0.074246575	4.63
25/09/2008	30.25	0.051388889	3.46	0.029315068	3.4	0.077191781	4.69
26/09/2008	29.7	0.058611111	3.53	0.029315068	3.4	0.077739726	4.7
29/09/2008	28	0.065	3.58	0.03260274	3.45	0.074383562	4.63
30/09/2008	27	0.057222222	3.51	0.034520548	3.47	0.075616438	4.66
01/10/2008	28.5	0.056388889	3.51	0.028767123	3.4	0.074041096	4.62
03/10/2008	26.9	0.066388889	3.6	0.030684932	3.42	0.074109589	4.62
06/10/2008	26	0.076944444	3.69	0.031506849	3.43	0.071232877	4.56
07/10/2008	23.6	0.093888889	3.84	0.039178082	3.54	0.073150685	4.6
08/10/2008	21	0.108333333	3.97	0.04260274	3.59	0.070547945	4.54
10/10/2008	18.25	0.115277778	4.03	0.052739726	3.72	0.08130137	4.78
13/10/2008	19.05	0.112222222	4.01	0.048630137	3.67	0.082465753	4.81
14/10/2008	19.95	0.097777778	3.88	0.046712329	3.64	0.082260274	4.8
15/10/2008	19.2	0.115277778	4.03	0.049041096	3.67	0.080547945	4.76
16/10/2008	18	0.105555556	3.95	0.050958904	3.7	0.085821918	4.88
17/10/2008	19.2	0.092777778	3.83	0.048767123	3.67	0.083561644	4.83
20/10/2008	19.5	0.081666667	3.73	0.047808219	3.66	0.083424658	4.83
21/10/2008	18.3	0.098333333	3.88	0.049863014	3.68	0.079041096	4.73
22/10/2008	17.8	0.082222222	3.74	0.052054795	3.71	0.079109589	4.73
23/10/2008	16.05	0.086944444	3.78	0.058493151	3.8	0.083356164	4.82
24/10/2008	15.95	0.105833333	3.95	0.058630137	3.81	0.082260274	4.8
27/10/2008	13.5	0.125	4.12	0.068493151	3.94	0.086986301	4.9
28/10/2008	14	0.125555556	4.13	0.065753425	3.9	0.085890411	4.88
29/10/2008	15	0.1325	4.19	0.063013699	3.87	0.082191781	4.8
31/10/2008	14.4	0.143888889	4.29	0.064794521	3.89	0.085068493	4.86
03/11/2008	16	0.143888889	4.29	0.060547945	3.83	0.084931507	4.86
04/11/2008	15.4	0.143611111	4.29	0.062739726	3.86	0.079041096	4.73
05/11/2008	18.3	0.138333333	4.24	0.05260274	3.72	0.079246575	4.73
06/11/2008	16.8	0.140555556	4.26	0.05369863	3.74	0.085205479	4.87
07/11/2008	17.45	0.148611111	4.33	0.05369863	3.74	0.083767123	4.83
10/11/2008	17.7	0.140833333	4.26	0.052876712	3.73	0.083082192	4.82
11/11/2008	17.4	0.154444444	4.39	0.054520548	3.75	0.082328767	4.8
12/11/2008	16.8	0.161666667	4.45	0.055753425	3.77	0.081917808	4.79
14/11/2008	16.55	0.153888889	4.38	0.056712329	3.78	0.080273973	4.76
17/11/2008	16	0.164722222	4.48	0.057534247	3.79	0.08109589	4.78
18/11/2008	15.4	0.181944444	4.63	0.056986301	3.78	0.081506849	4.78
19/11/2008	14.9	0.178333333	4.6	0.056986301	3.78	0.087945205	4.93
20/11/2008	14	0.169166667	4.52	0.06	3.82	0.091369863	5
21/11/2008	13	0.180833333	4.62	0.062876712	3.86	0.090205479	4.97
24/11/2008	14.05	0.160555556	4.44	0.066575342	3.91	0.087465753	4.91
25/11/2008	14.5	0.155555556	4.4	0.05890411	3.81	0.09109589	4.99
26/11/2008	14.6	0.167777778	4.51	0.057534247	3.79	0.090273973	4.98
28/11/2008	14.5	0.175	4.57	0.056438356	3.78	0.086917808	4.9
01/12/2008	15.2	0.165555556	4.49	0.055616438	3.76	0.085342466	4.87
02/12/2008	14.6	0.161666667	4.45	0.064109589	3.88	0.085821918	4.88
03/12/2008	15.2	0.158333333	4.42	0.068219178	3.94	0.083561644	4.83
04/12/2008	15.35	0.1575	4.41	0.065753425	3.9	0.083082192	4.82
05/12/2008	17	0.148333333	4.33	0.059178082	3.81	0.078082192	4.71
08/12/2008	17	0.166111111	4.49	0.055342466	3.76	0.079315068	4.74
10/12/2008	16.95	0.169722222	4.52	0.058356164	3.8	0.080890411	4.77
11/12/2008	18.2	0.162777778	4.46	0.051643836	3.71	0.077808219	4.7
12/12/2008	17	0.174722222	4.57	0.056164384	3.77	0.080616438	4.76
15/12/2008	19.25	0.152777778	4.37	0.046986301	3.65	0.076917808	4.68
16/12/2008	19.5	0.151666667	4.36	0.05109589	3.7	0.078150685	4.71
17/12/2008	22.85	0.140277778	4.26	0.039178082	3.54	0.074041096	4.62
18/12/2008	19.85	0.1425	4.28	0.045890411	3.63	0.078082192	4.71
19/12/2008	20.4	0.141388889	4.27	0.046438356	3.64	0.075479452	4.65
22/12/2008	20.75	0.138055556	4.24	0.049315068	3.68	0.071575342	4.57
23/12/2008	20.5	0.1425	4.28	0.050684932	3.7	0.072534247	4.59
24/12/2008	19.2	0.155	4.39	0.052876712	3.73	0.064109589	4.4
25/12/2008	19.25	0.151944444	4.36	0.050547945	3.69	0.066849315	4.46
26/12/2008	19.85	0.150277778	4.35	0.051506849	3.71	0.061575342	4.35
29/12/2008	19	0.143611111	4.29	0.053835616	3.74	0.060616438	4.33
30/12/2008	19.25	0.138611111	4.24	0.057123288	3.78	0.061986301	4.36
31/12/2008	19.6	0.128888889	4.16	0.057260274	3.79	0.058287671	4.28
01/01/2009	20.2	0.138888889	4.25	0.056986301	3.78	0.060342466	4.32
02/01/2009	21	0.13	4.17	0.053972603	3.74	0.053835616	4.18
05/01/2009	22	0.117777778	4.06	0.057534247	3.79	0.053835616	4.18
06/01/2009	21.95	0.120555556	4.08	0.054931507	3.75	0.058287671	4.28
07/01/2009	23.1	0.117222222	4.05	0.055890411	3.77	0.057671233	4.26
08/01/2009	20.2	0.133333333	4.2	0.064109589	3.88	0.065342466	4.43
09/01/2009	20	0.131666667	4.18	0.064383562	3.88	0.063013699	4.38
12/01/2009	18.85	0.139166667	4.25	0.067260274	3.92	0.066232877	4.45
13/01/2009	18.5	0.148333333	4.33	0.068493151	3.94	0.066438356	4.45
14/01/2009	19	0.149444444	4.34	0.064383562	3.88	0.067876712	4.49
15/01/2009	18.25	0.151111111	4.36	0.068219178	3.94	0.069520548	4.52
16/01/2009	19	0.1425	4.28	0.072876712	4	0.066164384	4.45
19/01/2009	19.4	0.136666667	4.23	0.072191781	3.99	0.061986301	4.36
20/01/2009	18.4	0.138333333	4.24	0.075068493	4.03	0.059863014	4.31
21/01/2009	18.95	0.130277778	4.17	0.072465753	4	0.054246575	4.19
22/01/2009	19	0.136944444	4.23	0.070547945	3.97	0.057260274	4.25
23/01/2009	17.9	0.151388889	4.36	0.082191781	4.13	0.06109589	4.34
27/01/2009	19.4	0.142222222	4.28	0.072876712	4	0.06109589	4.34
28/01/2009	19.35	0.139722222	4.25	0.072465753	4	0.058561644	4.28
29/01/2009	20.15	0.145	4.3	0.069178082	3.95	0.058013699	4.27
30/01/2009	20.1	0.148055556	4.33	0.067945205	3.93	0.055410959	4.21
02/02/2009	20.1	0.155	4.39	0.068219178	3.94	0.054246575	4.19
03/02/2009	20	0.138888889	4.25	0.068767123	3.94	0.057808219	4.27
04/02/2009	20	0.138055556	4.24	0.069178082	3.95	0.05739726	4.26
05/02/2009	24.25	0.115555556	4.04	0.060684932	3.83	0.052534247	4.15
06/02/2009	22.9	0.108333333	3.97	0.065616438	3.9	0.054246575	4.19
09/02/2009	22.7	0.109444444	3.98	0.062876712	3.86	0.051986301	4.14
10/02/2009	22.9	0.111111111	4	0.062191781	3.85	0.051232877	4.12
11/02/2009	24.05	0.096666667	3.87	0.05369863	3.74	0.047876712	4.05
12/02/2009	24.15	0.096111111	3.86	0.060958904	3.84	0.047054795	4.03
13/02/2009	23.65	0.086666667	3.78	0.06260274	3.86	0.049794521	4.09
16/02/2009	27.55	0.049722222	3.45	0.053013699	3.73	0.04390411	3.96
17/02/2009	25.75	0.054444444	3.49	0.055068493	3.76	0.044863014	3.98
18/02/2009	24.75	0.056388889	3.51	0.056712329	3.78	0.046027397	4.01
19/02/2009	26	0.043888889	3.39	0.052054795	3.71	0.043972603	3.96
20/02/2009	25.25	0.043611111	3.39	0.052191781	3.72	0.044863014	3.98
24/02/2009	25.2	0.055	3.49	0.052191781	3.72	0.050616438	4.11
25/02/2009	25.65	0.057222222	3.51	0.04890411	3.67	0.051232877	4.12
26/02/2009	24.3	0.067222222	3.6	0.056164384	3.77	0.055753425	4.22
27/02/2009	25.05	0.070833333	3.64	0.058767123	3.81	0.05609589	4.23
02/03/2009	23.8	0.073333333	3.66	0.063287671	3.87	0.053835616	4.18
03/03/2009	23.5	0.0875	3.79	0.064383562	3.88	0.055068493	4.21
04/03/2009	24.1	0.096388889	3.87	0.063972603	3.88	0.051643836	4.13
05/03/2009	24	0.087777778	3.79	0.068493151	3.94	0.049315068	4.08
06/03/2009	22.65	0.129722222	4.16	0.074931507	4.03	0.049657534	4.09
09/03/2009	22.4	0.103333333	3.93	0.075205479	4.03	0.048493151	4.06
12/03/2009	22.7	0.101388889	3.91	0.070684932	3.97	0.053082192	4.16
13/03/2009	22.95	0.091944444	3.83	0.073835616	4.01	0.052808219	4.16
16/03/2009	24.9	0.089444444	3.8	0.066438356	3.91	0.052876712	4.16
17/03/2009	25.1	0.0875	3.79	0.073150685	4	0.05109589	4.12
18/03/2009	25	0.093333333	3.84	0.073972603	4.02	0.052054795	4.14
19/03/2009	24.75	0.094722222	3.85	0.071780822	3.99	0.056232877	4.23
20/03/2009	25.05	0.0775	3.7	0.06739726	3.93	0.052328767	4.15
23/03/2009	25.5	0.080277778	3.72	0.06739726	3.93	0.053972603	4.18
24/03/2009	26	0.078333333	3.7	0.071232877	3.98	0.053150685	4.16
25/03/2009	24.05	0.096944444	3.87	0.070136986	3.96	0.053356164	4.17
26/03/2009	23.8	0.105555556	3.95	0.069726027	3.96	0.052054795	4.14
27/03/2009	23.45	0.113333333	4.02	0.073561644	4.01	0.055547945	4.22
30/03/2009	23.5	0.116666667	4.05	0.07260274	4	0.059589041	4.3
31/03/2009	22.95	0.110555556	3.99	0.07630137	4.05	0.058972603	4.29
01/04/2009	24.4	0.100555556	3.9	0.07260274	4	0.060958904	4.33
02/04/2009	25	0.1	3.9	0.080273973	4.1	0.062328767	4.36
06/04/2009	26.35	0.091388889	3.82	0.076164384	4.05	0.06239726	4.37
07/04/2009	28.4	0.075555556	3.68	0.073972603	4.02	0.052739726	4.15
08/04/2009	26.5	0.084722222	3.76	0.079452055	4.09	0.056027397	4.23
09/04/2009	30.5	0.046666667	3.42	0.056438356	3.78	0.051232877	4.12
10/04/2009	29.5	0.058055556	3.52	0.07260274	4	0.043767123	3.96
13/04/2009	30	0.061388889	3.55	0.070273973	3.97	0.041164384	3.9
14/04/2009	31.85	0.045277778	3.41	0.067808219	3.93	0.033630137	3.74
15/04/2009	31.75	0.055	3.49	0.074109589	4.02	0.03109589	3.68
16/04/2009	32.5	0.0525	3.47	0.07260274	4	0.032191781	3.7
17/04/2009	28.5	0.073333333	3.66	0.075342466	4.03	0.036164384	3.79
20/04/2009	29.9	0.061944444	3.56	0.071643836	3.98	0.037534247	3.82
21/04/2009	28	0.0725	3.65	0.080136986	4.1	0.038356164	3.84
22/04/2009	31.75	0.054722222	3.49	0.065205479	3.9	0.030890411	3.68
23/04/2009	29.6	0.073333333	3.66	0.068493151	3.94	0.031712329	3.69
24/04/2009	32.5	0.059166667	3.53	0.06	3.82	0.033561644	3.73
27/04/2009	31.5	0.062777778	3.56	0.061643836	3.85	0.030821918	3.67
28/04/2009	31.1	0.065277778	3.59	0.067945205	3.93	0.032739726	3.72
29/04/2009	31	0.071111111	3.64	0.065753425	3.9	0.034109589	3.75
30/04/2009	32.45	0.071944444	3.65	0.06	3.82	0.035	3.77
01/05/2009	32.45	0.064166667	3.58	0.063972603	3.88	0.033287671	3.73
04/05/2009	33.5	0.055	3.49	0.064383562	3.88	0.029657534	3.65
05/05/2009	32.1	0.0575	3.52	0.06	3.82	0.029452055	3.64
06/05/2009	32.5	0.053333333	3.48	0.067123288	3.92	0.028219178	3.62
07/05/2009	32	0.056111111	3.5	0.068082192	3.94	0.029794521	3.65
08/05/2009	32.9	0.075555556	3.68	0.059452055	3.82	0.031643836	3.69
11/05/2009	35.5	0.0625	3.56	0.053013699	3.73	0.027739726	3.61
12/05/2009	35.2	0.079166667	3.71	0.056712329	3.78	0.031986301	3.7
13/05/2009	35.9	0.0675	3.61	0.055068493	3.76	0.021575342	3.47
14/05/2009	33.5	0.085	3.76	0.061643836	3.85	0.039041096	3.85
15/05/2009	34.4	0.078333333	3.7	0.063287671	3.87	0.03369863	3.74
18/05/2009	36.85	0.064722222	3.58	0.053013699	3.73	0.034109589	3.75
19/05/2009	40	0.047222222	3.42	0.043424658	3.6	0.032945205	3.72
20/05/2009	37.5	0.061111111	3.55	0.04630137	3.64	0.038424658	3.84
21/05/2009	40	0.047222222	3.42	0.038356164	3.53	0.036027397	3.79
22/05/2009	40.25	0.045833333	3.41	0.042876712	3.59	0.035273973	3.77
25/05/2009	44.05	0.024722222	3.22	0.032191781	3.44	0.030068493	3.66
26/05/2009	48	0.002777778	3.02	0.028356164	3.39	0.024383562	3.53
27/05/2009	45.8	0.015	3.13	0.034794521	3.48	0.022191781	3.49
28/05/2009	47.9	0.003333333	3.03	0.027671233	3.38	0.016712329	3.37
29/05/2009	49.5	-0.005555556	2.97	0.02	3.27	0.016438356	3.36
01/06/2009	49.7	-0.059444444	2.71	0.019315068	3.27	0.015616438	3.34
02/06/2009	51.95	-0.060833333	2.7	0.016575342	3.23	0.011438356	3.25
03/06/2009	53.1	-0.066666667	2.68	0.016164384	3.22	0.009931507	3.22
04/06/2009	54.2	-0.068888889	2.67	0.025205479	3.35	0.011438356	3.25
05/06/2009	57.2	-0.085555556	2.58	0.026849315	3.37	0.006986301	3.15
08/06/2009	53.7	-0.068888889	2.67	0.047123288	3.65	0.010410959	3.23
09/06/2009	44.15	-0.014166667	2.93	0.043287671	3.59	0.021849315	3.48
10/06/2009	45.8	-0.019166667	2.91	0.059863014	3.82	0.018424658	3.4
11/06/2009	44.5	-0.012222222	2.94	0.061643836	3.85	0.020684932	3.45
12/06/2009	44.5	-0.027777778	2.87	0.055068493	3.76	0.02260274	3.49
15/06/2009	42.1	-0.011666667	2.94	0.05739726	3.79	0.025958904	3.57
16/06/2009	37	0.008333333	3.07	0.07260274	4	0.032945205	3.72
17/06/2009	41.9	-0.026388889	2.87	0.064383562	3.88	0.024794521	3.54
18/06/2009	39.5	-0.010555556	2.95	0.069863014	3.96	0.029520548	3.65
19/06/2009	40.25	-0.0225	2.89	0.06890411	3.95	0.025684932	3.56
22/06/2009	39.7	-0.012777778	2.94	0.071506849	3.98	0.027260274	3.6
23/06/2009	37.3	0.007222222	3.06	0.092328767	4.27	0.02869863	3.63
24/06/2009	38.65	0.009166667	3.08	0.085890411	4.18	0.021643836	3.47
25/06/2009	38.85	0.005833333	3.05	0.076164384	4.05	0.025342466	3.55
26/06/2009	39.85	0.006111111	3.05	0.070273973	3.97	0.02609589	3.57
29/06/2009	40.5	-0.000555556	3	0.069863014	3.96	0.022465753	3.49
30/06/2009	40.5	-0.003333333	2.98	0.076712329	4.05	0.02	3.44
01/07/2009	39	0.003333333	3.03	0.097260274	4.34	0.022671233	3.5
02/07/2009	39.25	-0.001388889	2.99	0.103150685	4.42	0.021506849	3.47
03/07/2009	37.55	0.003055556	3.03	0.099178082	4.36	0.025	3.55
06/07/2009	39.95	-0.013611111	2.93	0.088082192	4.21	0.027739726	3.61
07/07/2009	37	0.005	3.04	0.094520548	4.3	0.031506849	3.69
08/07/2009	35.9	0.003611111	3.03	0.096164384	4.32	0.031986301	3.7
09/07/2009	34.2	0.018333333	3.16	0.071369863	3.98	0.03239726	3.71
10/07/2009	36	0.004444444	3.04	0.080273973	4.1	0.030342466	3.66
13/07/2009	32.6	0.024444444	3.22	0.090684932	4.25	0.034178082	3.75
14/07/2009	31.7	0.03	3.27	0.1	4.37	0.036643836	3.8
15/07/2009	35	0.008888889	3.08	0.089863014	4.23	0.032260274	3.71
16/07/2009	36	0.005555556	3.05	0.086712329	4.19	0.029520548	3.65
17/07/2009	36.6	0.001944444	3.02	0.082465753	4.13	0.027808219	3.61
20/07/2009	38.85	-0.013055556	2.94	0.069589041	3.96	0.025821918	3.57
21/07/2009	40.3	-0.019444444	2.91	0.068767123	3.94	0.021643836	3.47
22/07/2009	41.9	-0.025	2.88	0.063424658	3.87	0.019863014	3.43
23/07/2009	41.25	-0.021666667	2.89	0.067534247	3.93	0.022465753	3.49
24/07/2009	43.2	-0.026111111	2.87	0.069589041	3.96	0.02109589	3.46
27/07/2009	42.1	-0.022777778	2.89	0.070273973	3.97	0.021917808	3.48
28/07/2009	44.2	-0.034444444	2.83	0.070136986	3.96	0.020273973	3.44
29/07/2009	43.05	-0.027777778	2.87	0.077945205	4.07	0.021232877	3.46
30/07/2009	45.2	-0.039444444	2.81	0.073424658	4.01	0.019931507	3.44
31/07/2009	45.9	-0.042222222	2.8	0.072876712	4	0.015205479	3.33
03/08/2009	44.25	-0.0375	2.82	0.078767123	4.08	0.016849315	3.37
04/08/2009	45.65	-0.051388889	2.75	0.071780822	3.99	0.015273973	3.33
05/08/2009	48.15	-0.061666667	2.7	0.04890411	3.67	0.011438356	3.25
06/08/2009	47	-0.055555556	2.73	0.049315068	3.68	0.013835616	3.3
07/08/2009	44.45	-0.039722222	2.81	0.052191781	3.72	0.017191781	3.38
10/08/2009	45.55	-0.046666667	2.77	0.045753425	3.63	0.019109589	3.42
11/08/2009	42.95	-0.031666667	2.85	0.054931507	3.75	0.022671233	3.5
12/08/2009	42.5	-0.030555556	2.85	0.053424658	3.73	0.022123288	3.48
13/08/2009	44.8	-0.047777778	2.77	0.041643836	3.57	0.022191781	3.49
14/08/2009	46	-0.057222222	2.72	0.040958904	3.56	0.022328767	3.49
17/08/2009	45	-0.050555556	2.75	0.043150685	3.59	0.023287671	3.51
18/08/2009	43.7	-0.043055556	2.79	0.042739726	3.59	0.027739726	3.61
19/08/2009	43.7	-0.029722222	2.86	0.042191781	3.58	0.028835616	3.63
20/08/2009	43.7	-0.042777778	2.79	0.046575342	3.64	0.029863014	3.65
21/08/2009	43.7	-0.045	2.78	0.052876712	3.73	0.034657534	3.76
24/08/2009	46.9	-0.065555556	2.68	0.046438356	3.64	0.030684932	3.67
25/08/2009	47.5	-0.066666667	2.68	0.039178082	3.54	0.031849315	3.7
26/08/2009	47.5	-0.052777778	2.74	0.029315068	3.4	0.029863014	3.65
27/08/2009	48.45	-0.046388889	2.77	0.030273973	3.42	0.028972603	3.63
28/08/2009	46.75	-0.041111111	2.8	0.029452055	3.4	0.030273973	3.66
31/08/2009	46.8	-0.045555556	2.78	0.035753425	3.49	0.029520548	3.65
01/09/2009	48.1	-0.060555556	2.71	0.032876712	3.45	0.030068493	3.66
02/09/2009	45.5	-0.040277778	2.8	0.035342466	3.49	0.032191781	3.7
03/09/2009	45.85	-0.048888889	2.76	0.034931507	3.48	0.03239726	3.71
04/09/2009	45.6	-0.045	2.78	0.02739726	3.38	0.031986301	3.7
07/09/2009	46.15	-0.054166667	2.74	0.028356164	3.39	0.035342466	3.77
08/09/2009	47.1	-0.049722222	2.76	0.036438356	3.5	0.029109589	3.64
09/09/2009	46.6	-0.0525	2.75	0.048219178	3.66	0.027739726	3.61
10/09/2009	46.9	-0.057222222	2.72	0.049315068	3.68	0.028219178	3.62
11/09/2009	44.85	-0.041666667	2.8	0.054794521	3.75	0.033013699	3.72
14/09/2009	44.2	-0.030277778	2.85	0.051506849	3.71	0.035342466	3.77
15/09/2009	42.8	-0.021111111	2.9	0.056986301	3.78	0.034246575	3.75
16/09/2009	45.2	-0.037222222	2.82	0.040547945	3.56	0.032739726	3.72
17/09/2009	44.4	-0.037222222	2.82	0.03890411	3.53	0.034863014	3.76
18/09/2009	43.2	-0.025277778	2.88	0.041369863	3.57	0.039383562	3.86
21/09/2009	43.65	-0.027777778	2.87	0.038767123	3.53	0.038150685	3.84
22/09/2009	44.2	-0.022777778	2.89	0.035890411	3.49	0.03760274	3.82
23/09/2009	44.2	-0.020555556	2.9	0.04	3.55	0.037260274	3.82
24/09/2009	43.7	-0.015	2.93	0.041917808	3.58	0.040890411	3.9
25/09/2009	43.9	-0.017777778	2.91	0.043835616	3.6	0.037123288	3.81
28/09/2009	45.2	-0.012222222	2.94	0.048219178	3.66	0.034178082	3.75
29/09/2009	45.9	-0.021666667	2.89	0.034520548	3.47	0.034383562	3.75
30/09/2009	45.45	-0.010833333	2.95	0.039315068	3.54	0.039315068	3.86
01/10/2009	44.65	-0.005833333	2.97	0.044246575	3.61	0.038972603	3.85
02/10/2009	44	-0.002777778	2.99	0.050958904	3.7	0.040410959	3.88
05/10/2009	43.3	0.000555556	3	0.048493151	3.67	0.043287671	3.95
06/10/2009	42.4	0.006111111	3.05	0.04739726	3.65	0.041849315	3.92
07/10/2009	43.65	-0.006388889	2.97	0.050136986	3.69	0.040205479	3.88
08/10/2009	45.15	-0.011111111	2.95	0.046164384	3.63	0.039657534	3.87
09/10/2009	45	0.003333333	3.03	0.047260274	3.65	0.039726027	3.87
12/10/2009	44.5	0.006944444	3.06	0.048493151	3.67	0.036027397	3.79
13/10/2009	46.25	-0.0025	2.99	0.045616438	3.63	0.031917808	3.7
14/10/2009	46.75	-0.0075	2.96	0.041369863	3.57	0.030616438	3.67
15/10/2009	48	-0.018055556	2.91	0.038356164	3.53	0.028424658	3.62
16/10/2009	45	0.016111111	3.14	0.052054795	3.71	0.02630137	3.58
19/10/2009	44.85	0.006388889	3.06	0.062739726	3.86	0.029178082	3.64
20/10/2009	45.05	0.004166667	3.04	0.05739726	3.79	0.028013699	3.61
21/10/2009	42.4	0.016666667	3.15	0.062465753	3.86	0.033424658	3.73
22/10/2009	42.4	0.013888889	3.12	0.061917808	3.85	0.038424658	3.84
23/10/2009	42.9	0.011666667	3.1	0.065753425	3.9	0.037808219	3.83
26/10/2009	41.45	0.020277778	3.18	0.070273973	3.97	0.042191781	3.92
27/10/2009	41.45	0.021111111	3.19	0.071506849	3.98	0.044452055	3.97
28/10/2009	39.25	0.039722222	3.36	0.082876712	4.14	0.045410959	3.99
29/10/2009	36.5	0.0575	3.52	0.084520548	4.16	0.047945205	4.05
30/10/2009	35.55	0.056111111	3.5	0.087534247	4.2	0.053013699	4.16
02/11/2009	34.9	0.059444444	3.53	0.090410959	4.24	0.054931507	4.2
03/11/2009	33.9	0.054166667	3.49	0.095890411	4.32	0.061643836	4.35
04/11/2009	33.1	0.073888889	3.66	0.09260274	4.27	0.065273973	4.43
05/11/2009	35.1	0.063333333	3.57	0.092328767	4.27	0.059863014	4.31
06/11/2009	35.95	0.060833333	3.55	0.087808219	4.21	0.057260274	4.25
09/11/2009	36.4	0.0525	3.47	0.083835616	4.15	0.058356164	4.28
10/11/2009	37.8	0.0425	3.38	0.08	4.1	0.056917808	4.25
11/11/2009	37	0.044444444	3.4	0.08630137	4.19	0.053424658	4.17
12/11/2009	39.25	0.028055556	3.25	0.078356164	4.08	0.052945205	4.16
13/11/2009	41.45	0.015555556	3.14	0.079589041	4.09	0.055273973	4.21
16/11/2009	39.8	0.020555556	3.18	0.083835616	4.15	0.05890411	4.29
17/11/2009	46	-0.006666667	2.97	0.068493151	3.94	0.049178082	4.08
18/11/2009	41	0.030555556	3.27	0.080136986	4.1	0.056232877	4.23
19/11/2009	40.95	0.033055556	3.3	0.074109589	4.02	0.056849315	4.24
20/11/2009	39.5	0.041666667	3.37	0.081369863	4.12	0.057945205	4.27
23/11/2009	41	0.035833333	3.32	0.074246575	4.02	0.060068493	4.31
24/11/2009	40.85	0.045277778	3.41	0.075479452	4.04	0.055547945	4.22
25/11/2009	41.8	0.045555556	3.41	0.06739726	3.93	0.052328767	4.15
26/11/2009	41.8	0.044722222	3.4	0.069178082	3.95	0.05630137	4.23
27/11/2009	39	0.052777778	3.47	0.079452055	4.09	0.056164384	4.23
30/11/2009	39.95	0.055277778	3.5	0.076849315	4.06	0.05109589	4.12
01/12/2009	40.1	0.050277778	3.45	0.060684932	3.83	0.051712329	4.13
02/12/2009	41.5	0.057222222	3.51	0.069863014	3.96	0.047465753	4.04
03/12/2009	42.8	0.051111111	3.46	0.067945205	3.93	0.046986301	4.03
04/12/2009	43.85	0.039444444	3.35	0.067260274	3.92	0.050273973	4.1
07/12/2009	44.5	0.028611111	3.26	0.06630137	3.91	0.046438356	4.02
08/12/2009	42.85	0.040277778	3.36	0.067808219	3.93	0.044863014	3.98
09/12/2009	42.5	0.052777778	3.47	0.067123288	3.92	0.043287671	3.95
10/12/2009	43	0.036944444	3.33	0.071232877	3.98	0.040547945	3.89
11/12/2009	42.8	0.035833333	3.32	0.077260274	4.06	0.041643836	3.91
14/12/2009	42	0.046111111	3.41	0.082191781	4.13	0.043356164	3.95
15/12/2009	41.75	0.045833333	3.41	0.085616438	4.18	0.042191781	3.92
16/12/2009	38.9	0.066111111	3.59	0.092739726	4.27	0.045684932	4
17/12/2009	39.95	0.060833333	3.55	0.102054795	4.4	0.047328767	4.04
18/12/2009	41.05	0.073611111	3.66	0.094657534	4.3	0.047465753	4.04
21/12/2009	40	0.078611111	3.71	0.105342466	4.45	0.049315068	4.08
22/12/2009	41.65	0.076388889	3.69	0.096849315	4.33	0.045547945	4
23/12/2009	41.95	0.075277778	3.68	0.096027397	4.32	0.044657534	3.98
24/12/2009	41.7	0.052222222	3.47	0.102191781	4.4	0.046849315	4.03
25/12/2009	41.05	0.083055556	3.75	0.098767123	4.36	0.046506849	4.02
28/12/2009	41.05	0.081111111	3.73	0.102328767	4.41	0.047739726	4.04
29/12/2009	41.6	0.083333333	3.75	0.105205479	4.44	0.046438356	4.02
30/12/2009	42.8	0.088888889	3.8	0.105890411	4.45	0.043972603	3.96
31/12/2009	43.15	0.088055556	3.79	0.104383562	4.43	0.043493151	3.95
01/01/2010	42.8	0.073333333	3.66	0.108082192	4.48	0.044794521	3.98
04/01/2010	42.85	0.073333333	3.66	0.113972603	4.57	0.049520548	4.08
05/01/2010	43.8	0.074722222	3.67	0.118356164	4.63	0.047534247	4.04
06/01/2010	45.4	0.056388889	3.51	0.109863014	4.51	0.041643836	3.91
07/01/2010	44	0.058888889	3.53	0.104109589	4.43	0.042054795	3.92
08/01/2010	43.4	0.061111111	3.55	0.099041096	4.36	0.042260274	3.93
11/01/2010	42.45	0.064166667	3.58	0.102465753	4.41	0.043219178	3.95
12/01/2010	42.1	0.076666667	3.69	0.103835616	4.43	0.043219178	3.95
13/01/2010	42.1	0.071666667	3.64	0.106712329	4.47	0.049178082	4.08
14/01/2010	46.5	0.043611111	3.39	0.108219178	4.49	0.042808219	3.94
15/01/2010	46.75	0.050277778	3.45	0.115890411	4.59	0.042739726	3.94
18/01/2010	49.45	0.041944444	3.38	0.110684932	4.52	0.038424658	3.84
19/01/2010	48.05	0.033055556	3.3	0.114109589	4.57	0.041849315	3.92
20/01/2010	48.8	0.045555556	3.41	0.111506849	4.53	0.038561644	3.84
21/01/2010	48.5	0.046388889	3.42	0.132876712	4.83	0.04109589	3.9
22/01/2010	48.5	0.033888889	3.3	0.121643836	4.67	0.044246575	3.97
25/01/2010	48.5	0.035277778	3.32	0.11260274	4.55	0.045547945	4
26/01/2010	48.5	0.041111111	3.37	0.114383562	4.57	0.045205479	3.99
27/01/2010	48.5	0.041666667	3.37	0.11260274	4.55	0.044246575	3.97
28/01/2010	48.5	0.041666667	3.37	0.102465753	4.41	0.04109589	3.9
29/01/2010	48.5	0.05	3.45	0.112054795	4.54	0.043287671	3.95
01/02/2010	48.5	0.042777778	3.38	0.107808219	4.48	0.04109589	3.9
02/02/2010	48.5	0.040833333	3.37	0.112876712	4.55	0.042191781	3.92
03/02/2010	48.5	0.032777778	3.29	0.114794521	4.58	0.042808219	3.94
04/02/2010	48.5	0.030555556	3.27	0.117671233	4.62	0.042739726	3.94
05/02/2010	39	0.093888889	3.84	0.145616438	5	0.055821918	4.22
08/02/2010	41	0.082222222	3.74	0.143835616	4.98	0.051506849	4.13
09/02/2010	41.1	0.095833333	3.86	0.131369863	4.8	0.048287671	4.06
10/02/2010	41.8	0.092777778	3.83	0.12109589	4.66	0.046849315	4.03
11/02/2010	41.8	0.09	3.81	0.118630137	4.63	0.047328767	4.04
15/02/2010	41.3	0.086111111	3.77	0.120273973	4.65	0.048630137	4.06
16/02/2010	41.6	0.084166667	3.76	0.116438356	4.6	0.045342466	3.99
17/02/2010	42.35	0.086944444	3.78	0.112739726	4.55	0.045890411	4
18/02/2010	42.3	0.092777778	3.83	0.11890411	4.63	0.046849315	4.03
19/02/2010	39.5	0.132777778	4.19	0.124657534	4.71	0.053287671	4.17
22/02/2010	40	0.15	4.35	0.125479452	4.72	0.051369863	4.12
23/02/2010	38.5	0.18	4.62	0.121643836	4.67	0.054452055	4.19
24/02/2010	37.15	0.126666667	4.14	0.134931507	4.85	0.056369863	4.23
25/02/2010	37.6	0.166944444	4.5	0.121917808	4.67	0.056027397	4.23
26/02/2010	36.2	0.171111111	4.54	0.132328767	4.82	0.057534247	4.26
02/03/2010	37.4	0.151111111	4.36	0.119178082	4.64	0.058082192	4.27
03/03/2010	38.6	0.135833333	4.22	0.120547945	4.66	0.053835616	4.18
04/03/2010	40.3	0.128888889	4.16	0.107671233	4.48	0.050753425	4.11
05/03/2010	39.9	0.141666667	4.27	0.120273973	4.65	0.051438356	4.13
08/03/2010	40.95	0.133611111	4.2	0.118767123	4.63	0.050958904	4.12
09/03/2010	40.4	0.138888889	4.25	0.126575342	4.74	0.052054795	4.14
10/03/2010	39.9	0.143888889	4.29	0.127534247	4.75	0.05369863	4.18
11/03/2010	39.6	0.174444444	4.57	0.116986301	4.61	0.053150685	4.16
12/03/2010	39	0.172222222	4.55	0.118356164	4.63	0.053150685	4.16
15/03/2010	38.1	0.158611111	4.42	0.121780822	4.67	0.049178082	4.08
16/03/2010	37.5	0.155555556	4.4	0.119178082	4.64	0.050753425	4.11
17/03/2010	37.9	0.156111111	4.4	0.109863014	4.51	0.048013699	4.05
18/03/2010	36.55	0.1775	4.59	0.110821918	4.52	0.051849315	4.13
19/03/2010	37.5	0.205555556	4.85	0.095890411	4.32	0.050068493	4.1
22/03/2010	36.8	0.222777778	5	0.111780822	4.54	0.04890411	4.07
23/03/2010	37	0.204166667	4.83	0.115753425	4.59	0.047808219	4.05
25/03/2010	37.1	0.194444444	4.75	0.117534247	4.61	0.048356164	4.06
26/03/2010	36.6	0.193888889	4.74	0.113424658	4.56	0.050616438	4.11
29/03/2010	37	0.188888889	4.7	0.119589041	4.64	0.051232877	4.12
30/03/2010	36.95	0.129444444	4.16	0.118493151	4.63	0.050068493	4.1
31/03/2010	36.5	0.16	4.44	0.120273973	4.65	0.051369863	4.12
01/04/2010	36.8	0.160555556	4.44	0.10739726	4.48	0.049589041	4.09
05/04/2010	37.4	0.171111111	4.54	0.104520548	4.44	0.047945205	4.05
06/04/2010	37.35	0.169166667	4.52	0.108356164	4.49	0.049109589	4.07
07/04/2010	38.5	0.161944444	4.45	0.102739726	4.41	0.047260274	4.03
08/04/2010	38	0.159444444	4.43	0.106849315	4.47	0.046027397	4.01
09/04/2010	38	0.145833333	4.31	0.106027397	4.46	0.041575342	3.91
12/04/2010	38.05	0.151944444	4.36	0.101232877	4.39	0.040616438	3.89
13/04/2010	38.1	0.149722222	4.34	0.105205479	4.44	0.044041096	3.96
15/04/2010	38.3	0.153333333	4.38	0.108767123	4.49	0.044589041	3.98
16/04/2010	37.5	0.172777778	4.55	0.097534247	4.34	0.041506849	3.91
19/04/2010	36.4	0.174166667	4.56	0.10890411	4.5	0.042876712	3.94
20/04/2010	37.05	0.181944444	4.63	0.114931507	4.58	0.040479452	3.89
21/04/2010	37	0.191666667	4.72	0.113972603	4.57	0.038767123	3.85
22/04/2010	37.3	0.192777778	4.73	0.112465753	4.54	0.035684932	3.78
23/04/2010	37.15	0.196388889	4.76	0.110547945	4.52	0.040958904	3.9
26/04/2010	37.25	0.198611111	4.78	0.107808219	4.48	0.037739726	3.83
27/04/2010	37	0.193611111	4.74	0.104520548	4.44	0.042191781	3.92
28/04/2010	36.2	0.165555556	4.49	0.106849315	4.47	0.044863014	3.98
29/04/2010	35.7	0.162777778	4.46	0.10739726	4.48	0.047534247	4.04
30/04/2010	35.9	0.153333333	4.38	0.118356164	4.63	0.047328767	4.04
03/05/2010	35.95	0.146111111	4.31	0.12260274	4.68	0.048150685	4.05
04/05/2010	38.35	0.136944444	4.23	0.110958904	4.52	0.044589041	3.98
05/05/2010	36	0.144444444	4.3	0.114794521	4.58	0.045342466	3.99
06/05/2010	35.6	0.135555556	4.22	0.124383562	4.71	0.043013699	3.94
07/05/2010	35.1	0.143611111	4.29	0.124383562	4.71	0.043013699	3.94
10/05/2010	35.5	0.140277778	4.26	0.11630137	4.6	0.041780822	3.91
11/05/2010	38	0.118333333	4.06	0.108219178	4.49	0.036986301	3.81
12/05/2010	40.1	0.105555556	3.95	0.101780822	4.4	0.035479452	3.78
13/05/2010	39.35	0.118611111	4.06	0.100958904	4.39	0.033424658	3.73
14/05/2010	38.6	0.135555556	4.22	0.102465753	4.41	0.032739726	3.72
17/05/2010	37.2	0.148055556	4.33	0.100821918	4.38	0.034109589	3.75
18/05/2010	38.25	0.130833333	4.17	0.100410959	4.38	0.036643836	3.8
19/05/2010	37.05	0.1175	4.05	0.106712329	4.47	0.037465753	3.82
20/05/2010	37.5	0.122222222	4.1	0.102739726	4.41	0.038013699	3.83
21/05/2010	36.4	0.117222222	4.05	0.108082192	4.48	0.04130137	3.9
24/05/2010	38.15	0.120555556	4.08	0.102054795	4.4	0.039657534	3.87
25/05/2010	37.15	0.1275	4.14	0.107945205	4.48	0.04239726	3.93
26/05/2010	36.6	0.121111111	4.09	0.110410959	4.52	0.044178082	3.97
27/05/2010	37.35	0.118055556	4.06	0.108219178	4.49	0.044726027	3.98
28/05/2010	38.75	0.093611111	3.84	0.100684932	4.38	0.041438356	3.91
31/05/2010	39	0.097222222	3.87	0.093150685	4.28	0.039863014	3.87
01/06/2010	38.5	0.121666667	4.09	0.095753425	4.32	0.041232877	3.9
02/06/2010	37.7	0.147222222	4.32	0.077534247	4.06	0.044246575	3.97
03/06/2010	38.65	0.145833333	4.31	0.080547945	4.11	0.041575342	3.91
04/06/2010	38.65	0.145555556	4.31	0.071643836	3.98	0.04130137	3.9
07/06/2010	40.1	0.127222222	4.14	0.063424658	3.87	0.039315068	3.86
08/06/2010	40.5	0.128333333	4.15	0.065753425	3.9	0.036917808	3.81
09/06/2010	41	0.105555556	3.95	0.057945205	3.8	0.035616438	3.78
10/06/2010	40.7	0.099444444	3.89	0.064520548	3.89	0.036712329	3.8
11/06/2010	43	0.085	3.76	0.04739726	3.65	0.035753425	3.78
14/06/2010	42	0.087777778	3.79	0.052876712	3.73	0.038356164	3.84
15/06/2010	43.5	0.076666667	3.69	0.057534247	3.79	0.03630137	3.79
16/06/2010	43.6	0.084444444	3.76	0.059178082	3.81	0.036164384	3.79
17/06/2010	43.5	0.086111111	3.77	0.066849315	3.92	0.034178082	3.75
18/06/2010	43.4	0.091666667	3.82	0.061917808	3.85	0.035616438	3.78
21/06/2010	43.5	0.107222222	3.96	0.064931507	3.89	0.035890411	3.79
22/06/2010	42.5	0.088888889	3.8	0.067123288	3.92	0.034931507	3.76
23/06/2010	43.15	0.0925	3.83	0.069589041	3.96	0.033356164	3.73
24/06/2010	45.6	0.084444444	3.76	0.064109589	3.88	0.030273973	3.66
25/06/2010	45.75	0.093611111	3.84	0.059041096	3.81	0.030068493	3.66
28/06/2010	45.8	0.084444444	3.76	0.051643836	3.71	0.030136986	3.66
29/06/2010	45.4	0.079444444	3.71	0.045753425	3.63	0.028561644	3.63
30/06/2010	44.75	0.095555556	3.86	0.037808219	3.52	0.030205479	3.66
01/07/2010	47.9	0.078333333	3.7	0.035342466	3.49	0.025136986	3.55
02/07/2010	46	0.090277778	3.81	0.045205479	3.62	0.031917808	3.7
05/07/2010	45.8	0.091111111	3.82	0.049863014	3.68	0.029931507	3.66
06/07/2010	45.4	0.097222222	3.87	0.045753425	3.63	0.029589041	3.65
07/07/2010	44.9	0.094166667	3.85	0.048219178	3.66	0.028630137	3.63
08/07/2010	45	0.094444444	3.85	0.04260274	3.59	0.027945205	3.61
09/07/2010	45.1	0.105	3.94	0.04	3.55	0.028630137	3.63
12/07/2010	45.25	0.125	4.12	0.046438356	3.64	0.027876712	3.61
13/07/2010	46.4	0.108888889	3.98	0.042465753	3.58	0.028493151	3.62
14/07/2010	46.85	0.101944444	3.92	0.043150685	3.59	0.030342466	3.66
15/07/2010	45.65	0.1075	3.97	0.046164384	3.63	0.035205479	3.77
16/07/2010	45.6	0.118333333	4.06	0.041232877	3.57	0.029315068	3.64
19/07/2010	43.65	0.130277778	4.17	0.045616438	3.63	0.028493151	3.62
20/07/2010	46.4	0.1175	4.05	0.034520548	3.47	0.025479452	3.56
21/07/2010	46.5	0.127777778	4.15	0.032876712	3.45	0.025890411	3.57
22/07/2010	46.9	0.113611111	4.02	0.035890411	3.49	0.027328767	3.6
23/07/2010	45.85	0.120277778	4.08	0.037671233	3.52	0.028972603	3.63
26/07/2010	45.45	0.124722222	4.12	0.035753425	3.49	0.027328767	3.6
27/07/2010	45	0.132777778	4.19	0.036575342	3.5	0.026849315	3.59
28/07/2010	44.3	0.125555556	4.13	0.037808219	3.52	0.030205479	3.66
29/07/2010	44.25	0.136388889	4.22	0.037671233	3.52	0.026780822	3.59
30/07/2010	43.5	0.136111111	4.22	0.05109589	3.7	0.026575342	3.58
02/08/2010	44.8	0.123333333	4.11	0.05	3.69	0.023287671	3.51
03/08/2010	46.5	0.113888889	4.02	0.050684932	3.7	0.021232877	3.46
04/08/2010	46.9	0.12	4.08	0.052328767	3.72	0.019315068	3.42
05/08/2010	47	0.115833333	4.04	0.044109589	3.61	0.019178082	3.42
06/08/2010	47.45	0.128055556	4.15	0.044520548	3.61	0.01739726	3.38
09/08/2010	49	0.118888889	4.07	0.035068493	3.48	0.020958904	3.46
10/08/2010	50	0.116666667	4.05	0.02739726	3.38	0.017876712	3.39
11/08/2010	49.85	0.113333333	4.02	0.024794521	3.34	0.021986301	3.48
12/08/2010	48.5	0.108333333	3.97	0.025479452	3.35	0.025205479	3.55
13/08/2010	49.9	0.107222222	3.96	0.031643836	3.43	0.021917808	3.48
16/08/2010	49.15	0.105277778	3.95	0.033835616	3.46	0.02109589	3.46
17/08/2010	51.8	0.092222222	3.83	0.032054795	3.44	0.014520548	3.32
18/08/2010	52	0.08	3.72	0.028493151	3.39	0.012328767	3.27
19/08/2010	50.95	0.089444444	3.8	0.033013699	3.45	0.010890411	3.24
20/08/2010	49.65	0.101944444	3.92	0.044246575	3.61	0.013287671	3.29
23/08/2010	50.1	0.099444444	3.89	0.036027397	3.49	0.015753425	3.34
24/08/2010	52	0.056944444	3.51	0.035342466	3.49	0.012328767	3.27
25/08/2010	49.65	0.096388889	3.87	0.041506849	3.57	0.016986301	3.37
26/08/2010	49.25	0.101944444	3.92	0.037671233	3.52	0.01890411	3.41
27/08/2010	50.3	0.100555556	3.9	0.031506849	3.43	0.015684932	3.34
30/08/2010	50	0.103888889	3.93	0.038356164	3.53	0.016575342	3.36
31/08/2010	50.8	0.093333333	3.84	0.044383562	3.61	0.012191781	3.27
01/09/2010	50.9	0.089444444	3.8	0.041369863	3.57	0.01109589	3.24
02/09/2010	54.3	0.081666667	3.73	0.04	3.55	0.009041096	3.2
03/09/2010	54.15	0.093611111	3.84	0.044794521	3.62	0.00739726	3.16
06/09/2010	55.4	0.092222222	3.83	0.045205479	3.62	0.005753425	3.13
07/09/2010	55.5	0.097222222	3.87	0.031232877	3.43	0.004794521	3.1
08/09/2010	51.1	0.120277778	4.08	0.044657534	3.61	0.009863014	3.22
09/09/2010	56	0.117777778	4.06	0.03260274	3.45	0.004246575	3.09
13/09/2010	55.65	0.110833333	4	0.015890411	3.22	0.003013699	3.07
14/09/2010	56.6	0.121388889	4.09	0.009452055	3.13	0.001643836	3.04
15/09/2010	58.8	0.101111111	3.91	-0.006575342	2.96	-0.001917808	2.97
16/09/2010	59	0.1	3.9	-0.012465753	2.92	-0.002054795	2.97
17/09/2010	56	0.127777778	4.15	0	3	0.000342466	3.01
20/09/2010	56.05	0.116944444	4.05	-0.003150685	2.98	-0.000342466	2.99
21/09/2010	57.25	0.1175	4.05	0.000136986	3	0.000753425	3.02
22/09/2010	55.55	0.135833333	4.22	0.001232877	3.02	-0.004178082	2.94
23/09/2010	54.6	0.149166667	4.34	-0.000821918	2.99	-0.003561644	2.95
24/09/2010	54.4	0.149166667	4.34	-0.004520548	2.97	-0.006780822	2.9
27/09/2010	54	0.156944444	4.41	0.008219178	3.11	-0.005342466	2.92
28/09/2010	55.9	0.158611111	4.42	-0.005205479	2.97	-0.008219178	2.88
29/09/2010	55	0.177777778	4.6	0	3	-0.008561644	2.87
30/09/2010	54.35	0.173055556	4.55	0.004246575	3.06	-0.007739726	2.89
01/10/2010	55.8	0.145555556	4.31	0.006027397	3.08	-0.01130137	2.83
04/10/2010	57	0.125277778	4.12	-0.000684932	3	-0.013835616	2.8
05/10/2010	54	0.143611111	4.29	0.003150685	3.04		
06/10/2010	57	0.127777778	4.15	-0.009315068	2.94		
07/10/2010	56.85	0.134444444	4.21	-0.010273973	2.94		
08/10/2010	54.6	0.174444444	4.57	-0.002328767	2.99		
11/10/2010	54.85	0.19	4.71	0.003150685	3.04		
12/10/2010	55.9	0.188611111	4.69	-0.000410959	3		
13/10/2010	56	0.187222222	4.68	0.006986301	3.1		
14/10/2010	56	0.186111111	4.67	-0.011917808	2.93		
15/10/2010	57.5	0.219444444	4.97	0.012328767	3.17		
18/10/2010	56.2	0.203888889	4.83	0.007671233	3.11		
19/10/2010	55.85	0.1875	4.68	0.016164384	3.22		
20/10/2010	54.4	0.199166667	4.79	0.026438356	3.36		
21/10/2010	54	0.197777778	4.78	0.031643836	3.43		
22/10/2010	55.9	0.166666667	4.5	0.028493151	3.39		
25/10/2010	55.8	0.186666667	4.68	0.027945205	3.38		
26/10/2010	58.35	0.163888889	4.47	0.020958904	3.29		
27/10/2010	58.5	0.173333333	4.56	0.02	3.27		
28/10/2010	58	0.18	4.62	0.010958904	3.15		
29/10/2010	56.8	0.1925	4.73	0.009041096	3.12		
01/11/2010	56.75	0.196666667	4.77	0.013013699	3.18		
02/11/2010	58	0.197222222	4.77	0.008493151	3.12		
03/11/2010	59	0.166944444	4.5	0.003561644	3.05		
04/11/2010	63.4	0.125555556	4.13	-0.008356164	2.95		
05/11/2010	67	0.100555556	3.9	-0.012191781	2.93		
08/11/2010	70.9	0.079444444	3.71	-0.023561644	2.86		
09/11/2010	59.95	0.134166667	4.2	0.00369863	3.05		
10/11/2010	67.65	0.088055556	3.79	-0.020684932	2.87		
11/11/2010	67	0.103888889	3.93	-0.021232877	2.87		
12/11/2010	64.6	0.113333333	4.02	-0.01369863	2.92		
15/11/2010	63.05	0.126388889	4.13	-0.005616438	2.97		
16/11/2010	63.5	0.107777778	3.97	-0.006712329	2.96		
18/11/2010	65.4	0.116666667	4.05	-0.011917808	2.93		
19/11/2010	65	0.095	3.85	-0.01369863	2.92		
22/11/2010	65.4	0.106111111	3.95	-0.011917808	2.93		
23/11/2010	65.8	0.083888889	3.75	-0.018630137	2.89		
24/11/2010	71	0.064444444	3.58	-0.031232877	2.81		
25/11/2010	70	0.053333333	3.48	-0.032191781	2.8		
26/11/2010	66.65	0.095277778	3.86	-0.033424658	2.8		
29/11/2010	65.5	0.104444444	3.94	-0.022328767	2.86		
30/11/2010	66	0.114444444	4.03	-0.019452055	2.88		
01/12/2010	68.5	0.099722222	3.9	-0.031780822	2.81		
02/12/2010	74.5	0.043333333	3.39	-0.053150685	2.67		
03/12/2010	76.9	0.029444444	3.26	-0.058493151	2.64		
06/12/2010	73.75	0.048888889	3.44	-0.051506849	2.68		
07/12/2010	72.1	0.049444444	3.44	-0.044657534	2.73		
08/12/2010	71.5	0.036111111	3.32	-0.030958904	2.81		
09/12/2010	71	0.033333333	3.3	-0.030136986	2.82		
10/12/2010	60.25	0.068055556	3.61	-0.002739726	2.98		
13/12/2010	65.3	0.068333333	3.61	-0.020410959	2.87		
14/12/2010	65.7	0.075277778	3.68	-0.020684932	2.87		
15/12/2010	68.2	0.065555556	3.59	-0.029178082	2.82		
16/12/2010	67.8	0.056666667	3.51	-0.025616438	2.84		
20/12/2010	67.65	0.072222222	3.65	-0.024931507	2.85		
21/12/2010	66.7	0.075	3.67	-0.025068493	2.85		
22/12/2010	64.25	0.089722222	3.81	-0.020136986	2.88		
23/12/2010	65.4	0.058888889	3.53	-0.02109589	2.87		
24/12/2010	65.05	0.058333333	3.52	-0.024520548	2.85		
27/12/2010	65.9	0.061111111	3.55	-0.026027397	2.84		
28/12/2010	68.6	0.041111111	3.37	-0.03	2.82		
29/12/2010	67.75	0.051388889	3.46	-0.025068493	2.85		
30/12/2010	69.8	0.038333333	3.34	-0.032054795	2.8		
31/12/2010	71.5	0.019444444	3.17	-0.034246575	2.79		
03/01/2011	72	0.025	3.22	-0.036849315	2.77		
04/01/2011	72.5	0.030555556	3.27	-0.034931507	2.79		
05/01/2011	73	0.000555556	3	-0.043835616	2.73		
06/01/2011	71.85	0.023888889	3.21	-0.041917808	2.74		
07/01/2011	66	0.072222222	3.65	-0.025205479	2.85		
10/01/2011	65	0.075555556	3.68	-0.023287671	2.86		
11/01/2011	63.5	0.0825	3.74	-0.017534247	2.89		
12/01/2011	62.25	0.084722222	3.76	-0.014383562	2.91		
13/01/2011	63	0.075555556	3.68	-0.009589041	2.94		
14/01/2011	62	0.073055556	3.66	-0.006849315	2.96		
17/01/2011	60	0.084444444	3.76	-0.00369863	2.98		
18/01/2011	60.95	0.0775	3.7	0.000136986	3		
19/01/2011	60.75	0.101944444	3.92	0.004246575	3.06		
20/01/2011	59.3	0.118888889	4.07	0.00739726	3.1		
21/01/2011	59.1	0.109722222	3.99	0.013287671	3.18		
24/01/2011	60.7	0.095555556	3.86	0.01109589	3.15		
25/01/2011	63	0.1	3.9	0.006849315	3.09		
27/01/2011	63.85	0.0925	3.83	0.014109589	3.19		
28/01/2011	61.8	0.089722222	3.81	0.020547945	3.28		
31/01/2011	58.2	0.107222222	3.96	0.034383562	3.47		
01/02/2011	59.5	0.098611111	3.89	0.026849315	3.37		
02/02/2011	57.5	0.103888889	3.93	0.033150685	3.46		
03/02/2011	59.85	0.089722222	3.81	0.024657534	3.34		
04/02/2011	60.1	0.077222222	3.69	0.02260274	3.31		
07/02/2011	58.4	0.091666667	3.82	0.031917808	3.44		
08/02/2011	58.6	0.096666667	3.87	0.028493151	3.39		
09/02/2011	55.6	0.107777778	3.97	0.038082192	3.52		
10/02/2011	56.5	0.1075	3.97	0.034109589	3.47		
11/02/2011	60.4	0.083333333	3.75	0.031643836	3.43		
14/02/2011	64.2	0.068611111	3.62	0.011369863	3.16		
15/02/2011	64.9	0.066666667	3.6	0.005342466	3.07		
16/02/2011	64.85	0.066666667	3.6	0.007260274	3.1		
17/02/2011	63	0.069444444	3.62	0.01630137	3.22		
18/02/2011	63.6	0.052222222	3.47	0.017534247	3.24		
21/02/2011	60	0.074722222	3.67	0.021369863	3.29		
22/02/2011	58.6	0.041111111	3.37	0.028767123	3.4		
23/02/2011	58.3	0.054166667	3.49	0.031643836	3.43		
24/02/2011	57.8	0.038888889	3.35	0.038767123	3.53		
25/02/2011	57.3	0.033055556	3.3	0.03890411	3.53		
28/02/2011	58.8	0.031666667	3.28	0.035205479	3.48		
01/03/2011	59	0.0175	3.16	0.033972603	3.47		
03/03/2011	59.9	0.024166667	3.22	0.03739726	3.51		
04/03/2011	62.8	-0.013888889	2.93	0.022465753	3.31		
07/03/2011	58.5	0.015555556	3.14	0.031917808	3.44		
08/03/2011	59.8	0.026111111	3.23	0.030684932	3.42		
09/03/2011	60.8	0.024444444	3.22	0.036575342	3.5		
10/03/2011	62.6	0.029444444	3.26	0.028767123	3.4		
11/03/2011	61	0.027777778	3.25	0.034246575	3.47		
14/03/2011	59.7	0.041666667	3.37	0.041643836	3.57		
15/03/2011	61.95	0.028055556	3.25	0.030136986	3.41		
16/03/2011	62	0.036388889	3.33	0.030136986	3.41		
17/03/2011	62.25	0.0375	3.34	0.032465753	3.45		
18/03/2011	62.2	0.028333333	3.25	0.032328767	3.44		
21/03/2011	62.9	0.009722222	3.09	0.021643836	3.3		
22/03/2011	61.85	0.001388889	3.01	0.02109589	3.29		
23/03/2011	62	-0.019166667	2.91	0.019452055	3.27		
24/03/2011	64	-0.017777778	2.91	0.013013699	3.18		
25/03/2011	67.75	-0.029166667	2.86	-0.009726027	2.94		
28/03/2011	66	-0.011111111	2.95	0.000410959	3.01		
29/03/2011	65.2	-0.017222222	2.92	0.000821918	3.01		
30/03/2011	65	-0.013888889	2.93	0.004931507	3.07		
31/03/2011	66.9	-0.035277778	2.83	0.009726027	3.13		
01/04/2011	67.1	-0.041111111	2.8	0.009315068	3.13		
04/04/2011	67.55	-0.029722222	2.86	0.012876712	3.18		
05/04/2011	69.5	-0.042222222	2.8	0.012054795	3.17		
06/04/2011	67.35	-0.026388889	2.87	0.013835616	3.19		
07/04/2011	67.5	-0.027777778	2.87	0.010958904	3.15		
08/04/2011	67.9	-0.040277778	2.8	0.01739726	3.24		
11/04/2011	68.9	-0.047777778	2.77	0.016712329	3.23		
13/04/2011	66.9	-0.043888889	2.79	0.032876712	3.45		
15/04/2011	68.8	-0.057222222	2.72	0.032739726	3.45		
18/04/2011	68	-0.044444444	2.78	0.029589041	3.41		
19/04/2011	67	-0.041111111	2.8	0.029452055	3.4		
20/04/2011	67	-0.047222222	2.77	0.032876712	3.45		
21/04/2011	68.5	-0.056388889	2.73	0.029726027	3.41		
25/04/2011	67.85	-0.054166667	2.74	0.022328767	3.31		
26/04/2011	70.5	-0.069444444	2.66	0.020273973	3.28		
27/04/2011	70.4	-0.045833333	2.78	0.031232877	3.43		
28/04/2011	71	-0.044166667	2.79	0.032328767	3.44		
29/04/2011	70.25	-0.029166667	2.86	0.031917808	3.44		
02/05/2011	68	-0.011111111	2.95	0.038493151	3.53		
03/05/2011	69.2	-0.033888889	2.84	0.03630137	3.5		
04/05/2011	68.1	-0.024444444	2.88	0.037534247	3.52		
05/05/2011	68.4	-0.036666667	2.82	0.045068493	3.62		
06/05/2011	66.4	-0.035555556	2.83	0.04109589	3.56		
09/05/2011	67.05	-0.045277778	2.78	0.035479452	3.49		
10/05/2011	68	-0.056666667	2.72	0.040821918	3.56		
11/05/2011	68	-0.036388889	2.82	0.032876712	3.45		
12/05/2011	62.25	-0.004166667	2.98	0.04109589	3.56		
13/05/2011	67	-0.019444444	2.91	0.029726027	3.41		
16/05/2011	67.6	-0.028888889	2.86	0.023424658	3.32		
17/05/2011	68.4	-0.03	2.85	0.023835616	3.33		
18/05/2011	68.7	-0.016111111	2.92	0.032465753	3.45		
19/05/2011	67.6	-0.024166667	2.88	0.029589041	3.41		
20/05/2011	67	-0.011666667	2.94	0.023561644	3.32		
23/05/2011	69	-0.023333333	2.89	0.013972603	3.19		
24/05/2011	71	-0.044444444	2.78	0.004383562	3.06		
25/05/2011	72	-0.056666667	2.72	0.003287671	3.05		
26/05/2011	73	-0.05	2.76	0.001780822	3.02		
27/05/2011	72.75	-0.031944444	2.84	-0.000547945	3		
30/05/2011	77.2	-0.062222222	2.7	-0.013561644	2.92		
31/05/2011	75.6	-0.037222222	2.82	-0.003013699	2.98		
01/06/2011	78.45	-0.044166667	2.79	-0.007534247	2.95		
02/06/2011	77	-0.028333333	2.86	-0.002739726	2.98		
03/06/2011	77	-0.056111111	2.73	-0.005753425	2.96		
06/06/2011	79	-0.064444444	2.69	-0.012191781	2.93		
07/06/2011	77.1	-0.051111111	2.75	-0.003287671	2.98		
08/06/2011	78.4	-0.094166667	2.54	-0.009315068	2.94		
09/06/2011	80	-0.110833333	2.46	-0.011232877	2.93		
10/06/2011	81.45	-0.139166667	2.32	-0.01630137	2.9		
13/06/2011	81.25	-0.148888889	2.28	-0.01739726	2.89		
14/06/2011	82.25	-0.145833333	2.29	-0.020136986	2.88		
15/06/2011	84.45	-0.164166667	2.2	-0.024520548	2.85		
16/06/2011	87	-0.165	2.2	-0.021917808	2.87		
17/06/2011	85.5	-0.163888889	2.2	-0.019178082	2.88		
20/06/2011	82	-0.153888889	2.25	-0.016986301	2.9		
21/06/2011	79.55	-0.148888889	2.28	-0.013287671	2.92		
22/06/2011	79.85	-0.126944444	2.38	-0.015342466	2.91		
23/06/2011	80	-0.144444444	2.3	-0.016438356	2.9		
24/06/2011	81.05	-0.144722222	2.3	-0.020273973	2.88		
27/06/2011	86	-0.167222222	2.19	-0.021917808	2.87		
28/06/2011	89.05	-0.1725	2.16	-0.030958904	2.81		
29/06/2011	89.85	-0.183888889	2.11	-0.03260274	2.8		
30/06/2011	89.7	-0.191944444	2.07	-0.033424658	2.8		
01/07/2011	89.5	-0.199444444	2.03	-0.029863014	2.82		
04/07/2011	97	-0.243888889	1.82	-0.054931507	2.66		
05/07/2011	92.9	-0.2175	1.94	-0.039452055	2.76		
06/07/2011	89.6	-0.186666667	2.09	-0.024109589	2.85		
07/07/2011	90.25	-0.191666667	2.07	-0.023287671	2.86		
08/07/2011	89.6	-0.1725	2.16	-0.022191781	2.86		
11/07/2011	85.9	-0.190277778	2.08	-0.013972603	2.91		
12/07/2011	89.4	-0.152222222	2.26	-0.029863014	2.82		
13/07/2011	87.85	-0.160277778	2.22	-0.021232877	2.87		
14/07/2011	89.7	-0.155277778	2.25	-0.030684932	2.81		
15/07/2011	90.4	-0.146388889	2.29	-0.030410959	2.81		
18/07/2011	91.45	-0.143888889	2.3	-0.032054795	2.8		
19/07/2011	92.15	-0.143611111	2.3	-0.034109589	2.79		
20/07/2011	93.5	-0.152777778	2.26	-0.037671233	2.77		
21/07/2011	89.05	-0.128055556	2.38	-0.028630137	2.82		
22/07/2011	86	-0.112222222	2.46	-0.026438356	2.84		
25/07/2011	85.1	-0.128333333	2.38	-0.024931507	2.85		
26/07/2011	85.2	-0.139444444	2.32	-0.024246575	2.85		
27/07/2011	84.1	-0.125555556	2.39	-0.02	2.88		
28/07/2011	83.5	-0.124444444	2.4	-0.024109589	2.85		
29/07/2011	85.7	-0.141111111	2.31	-0.026986301	2.83		
01/08/2011	85	-0.136944444	2.34	-0.023287671	2.86		
02/08/2011	85.8	-0.129166667	2.37	-0.020273973	2.88		
03/08/2011	82.9	-0.114444444	2.44	-0.014794521	2.91		
04/08/2011	86.4	-0.139444444	2.32	-0.022328767	2.86		
05/08/2011	82.1	-0.122222222	2.41	-0.010410959	2.94		
08/08/2011	84.5	-0.140277778	2.32	-0.016438356	2.9		
09/08/2011	80.9	-0.118333333	2.43	-0.00739726	2.95		
10/08/2011	82.6	-0.12	2.42	-0.007671233	2.95		
11/08/2011	79.6	-0.103055556	2.5	-0.004657534	2.97		
12/08/2011	83.8	-0.126388889	2.39	-0.017671233	2.89		
16/08/2011	84.3	-0.135	2.34	-0.018767123	2.89		
17/08/2011	86.6	-0.141944444	2.31	-0.023150685	2.86		
18/08/2011	86.45	-0.1525	2.26	-0.022054795	2.86		
19/08/2011	82.3	-0.126111111	2.39	-0.008767123	2.95		
22/08/2011	82.2	-0.133055556	2.35	-0.010410959	2.94		
23/08/2011	82.55	-0.156111111	2.24	-0.013013699	2.92		
24/08/2011	81	-0.131388889	2.36	-0.019178082	2.88		
25/08/2011	78	-0.106111111	2.48	-0.009452055	2.94		
26/08/2011	77	-0.111666667	2.46	-0.01109589	2.93		
29/08/2011	72.5	-0.096666667	2.53	0.005205479	3.07		
30/08/2011	77.6	-0.1225	2.41	-0.009726027	2.94		
02/09/2011	79.25	-0.135	2.34	-0.018493151	2.89		
05/09/2011	80	-0.134444444	2.35	-0.022191781	2.86		
06/09/2011	78	-0.098888889	2.52	-0.015342466	2.91		
07/09/2011	80.65	-0.114722222	2.44	-0.019452055	2.88		
08/09/2011	80.2	-0.116388889	2.43	-0.015890411	2.9		
09/09/2011	80.4	-0.125277778	2.39	-0.01890411	2.88		
12/09/2011	76	-0.099166667	2.52	-0.005479452	2.97		
13/09/2011	75.55	-0.1	2.51	-0.006986301	2.96		
14/09/2011	76.9	-0.1025	2.5	-0.012328767	2.92		
15/09/2011	76	-0.096944444	2.53	-0.007671233	2.95		
16/09/2011	77	-0.108055556	2.48	-0.010958904	2.93		
19/09/2011	76.7	-0.11	2.47	-0.013972603	2.91		
20/09/2011	75	-0.096111111	2.53	-0.018219178	2.89		
21/09/2011	76.5	-0.113333333	2.45	-0.024109589	2.85		
22/09/2011	78	-0.12	2.42	-0.021232877	2.87		
23/09/2011	73.1	-0.085833333	2.58	-0.006164384	2.96		
26/09/2011	76.15	-0.0975	2.53	-0.022876712	2.86		
27/09/2011	79	-0.116111111	2.44	-0.030958904	2.81		
28/09/2011	78.6	-0.108888889	2.47	-0.032876712	2.8		
29/09/2011	78.35	-0.11	2.47	-0.035753425	2.78		
30/09/2011	77.5	-0.098611111	2.52	-0.038767123	2.76		
03/10/2011	76.6	-0.108888889	2.47	-0.026164384	2.84		
04/10/2011	75.15	-0.103333333	2.5	-0.028356164	2.83		
05/10/2011	75.2	-0.102222222	2.5	-0.020273973	2.88		
07/10/2011	74.9	-0.102222222	2.5	-0.01630137	2.9		
10/10/2011	79.1	-0.122222222	2.41	-0.023835616	2.85		
11/10/2011	80.7	-0.131666667	2.36	-0.028082192	2.83		
12/10/2011	78.85	-0.1075	2.48	-0.021232877	2.87		
13/10/2011	77.9	-0.102222222	2.5	-0.019178082	2.88		
14/10/2011	81	-0.124166667	2.4	-0.03260274	2.8		
17/10/2011	80.5	-0.108333333	2.47	-0.036986301	2.77		
18/10/2011	77.95	-0.086944444	2.58	-0.031369863	2.81		
19/10/2011	77.5	-0.086111111	2.58	-0.031506849	2.81		
20/10/2011	77.25	-0.073888889	2.64	-0.033561644	2.79		
21/10/2011	76.2	-0.063611111	2.69	-0.027945205	2.83		
24/10/2011	76	-0.058333333	2.72	-0.033561644	2.79		
25/10/2011	74	-0.027777778	2.87	-0.031506849	2.81		
26/10/2011	74.9	-0.031111111	2.85	-0.035068493	2.79		
28/10/2011	76	-0.029166667	2.86	-0.030136986	2.82		
31/10/2011	75	-0.031666667	2.85	-0.029041096	2.82		
01/11/2011	75.85	-0.034722222	2.83	-0.029041096	2.82		
02/11/2011	75.4	-0.036388889	2.82	-0.024246575	2.85		
03/11/2011	76.55	-0.045555556	2.78	-0.025890411	2.84		
04/11/2011	76.9	-0.038055556	2.82	-0.024109589	2.85		
08/11/2011	76.85	-0.043611111	2.79	-0.021917808	2.87		
09/11/2011	75.5	-0.033333333	2.84	-0.015068493	2.91		
11/11/2011	73	-0.0225	2.89	-0.010958904	2.93		
14/11/2011	73.45	-0.008333333	2.96	-0.014657534	2.91		
15/11/2011	66	0.013055556	3.12	0.007123288	3.1		
16/11/2011	68.05	-0.006666667	2.97	0.005342466	3.07		
17/11/2011	64.8	0.015	3.13	0.011506849	3.16		
18/11/2011	63.25	0.031666667	3.28	0.015205479	3.21		
21/11/2011	64.5	0.030555556	3.27	0.011780822	3.16		
22/11/2011	62.15	0.031388889	3.28	0.014520548	3.2		
23/11/2011	64.25	0.026944444	3.24	0.007534247	3.1		
24/11/2011	60.3	0.053055556	3.48	0.019726027	3.27		
25/11/2011	61.3	0.059166667	3.53	0.021369863	3.29		
28/11/2011	64.5	0.038888889	3.35	0.015068493	3.21		
29/11/2011	65.2	0.035833333	3.32	0.013150685	3.18		
30/11/2011	67.9	0.019444444	3.17	0.005753425	3.08		
01/12/2011	66	0.041944444	3.38	0.006712329	3.09		
02/12/2011	67.2	0.021111111	3.19	0.006027397	3.08		
05/12/2011	67	0.0175	3.16	0.00739726	3.1		
06/12/2011	68.55	0.013611111	3.12	-0.001506849	2.99		
07/12/2011	69	0.028611111	3.26	-0.004109589	2.97		
08/12/2011	67.3	0.032222222	3.29	0.00109589	3.02		
09/12/2011	64.65	0.049166667	3.44	0.008356164	3.11		
12/12/2011	62.1	0.071111111	3.64	0.015616438	3.21		
13/12/2011	58.55	0.08	3.72	0.02109589	3.29		
14/12/2011	60.8	0.067777778	3.61	0.016438356	3.23		
15/12/2011	62.5	0.064444444	3.58	0.010273973	3.14		
16/12/2011	64	0.055555556	3.5	0.014520548	3.2		
19/12/2011	62.1	0.048333333	3.43	0.015205479	3.21		
20/12/2011	62.5	0.039166667	3.35	0.012328767	3.17		
21/12/2011	60.55	0.0475	3.43	0.014383562	3.2		
22/12/2011	59.7	0.050277778	3.45	0.015616438	3.21		
23/12/2011	62.2	0.011111111	3.1	0.010410959	3.14		
26/12/2011	61.9	0.023611111	3.21	0.010136986	3.14		
27/12/2011	62.6	0.016111111	3.14	0.01260274	3.17		
28/12/2011	62.5	0.023888889	3.21	0.017808219	3.24		
29/12/2011	60.65	0.054444444	3.49	0.029315068	3.4		
30/12/2011	60.3	0.056666667	3.51	0.018356164	3.25		
02/01/2012	59	0.073611111	3.66	0.014931507	3.21		
03/01/2012	58.5	0.085555556	3.77	0.017808219	3.24		
04/01/2012	60	0.068888889	3.62	0.014794521	3.2		
05/01/2012	59.6	0.066111111	3.59	0.019863014	3.27		
06/01/2012	58.5	0.0875	3.79	0.023287671	3.32		
09/01/2012	58.35	0.0925	3.83	0.019315068	3.27		
10/01/2012	58.1	0.115555556	4.04	0.017808219	3.24		
11/01/2012	58	0.126388889	4.13	0.022876712	3.31		
12/01/2012	62.15	0.0925	3.83	0.004520548	3.06		
13/01/2012	63.05	0.081666667	3.73	-0.000410959	3		
16/01/2012	65	0.077777778	3.7	-0.008767123	2.95		
17/01/2012	66	0.074166667	3.67	-0.010958904	2.93		
18/01/2012	63.1	0.071666667	3.64	-0.005753425	2.96		
19/01/2012	63.7	0.078888889	3.71	-0.00739726	2.95		
20/01/2012	61.8	0.111111111	4	-0.004520548	2.97		
23/01/2012	60	0.126666667	4.14	0.011780822	3.16		
24/01/2012	58.9	0.127777778	4.15	0.011369863	3.16		
25/01/2012	57.8	0.134722222	4.21	0.022191781	3.3		
26/01/2012	61.45	0.116666667	4.05	0.014931507	3.21		
27/01/2012	61.5	0.112777778	4.01	0.012054795	3.17		
30/01/2012	63.5	0.118611111	4.06	0.002876712	3.04		
31/01/2012	62.4	0.105555556	3.95	0	3		
01/02/2012	63	0.094444444	3.85	-0.005479452	2.97		
02/02/2012	65.8	0.095	3.85	-0.01890411	2.88		
03/02/2012	63.25	0.093055556	3.84	-0.010684932	2.93		
06/02/2012	64.9	0.068611111	3.62	-0.009041096	2.94		
07/02/2012	64.8	0.0725	3.65	-0.010410959	2.94		
08/02/2012	63	0.073055556	3.66	-0.00260274	2.98		
09/02/2012	61.8	0.085	3.76	0.003424658	3.05		
10/02/2012	64	0.091944444	3.83	-0.006164384	2.96		
13/02/2012	67	0.063333333	3.57	-0.013424658	2.92		
14/02/2012	66	0.053333333	3.48	-0.017260274	2.89		
15/02/2012	68.9	0.028888889	3.26	-0.027123288	2.83		
16/02/2012	70.5	0.011666667	3.1	-0.02630137	2.84		
17/02/2012	71.9	0.007222222	3.06	-0.033835616	2.79		
20/02/2012	66.9	0.0375	3.34	-0.02	2.88		
21/02/2012	67.4	0.028611111	3.26	-0.023013699	2.86		
22/02/2012	67.9	0.024166667	3.22	-0.02630137	2.84		
23/02/2012	61.45	0.0725	3.65	-0.006438356	2.96		
24/02/2012	60.05	0.086944444	3.78	-0.006027397	2.96		
27/02/2012	56.4	0.108888889	3.98	0.003835616	3.05		
28/02/2012	54.45	0.113611111	4.02	0.008082192	3.11		
29/02/2012	56	0.103055556	3.93	0.004109589	3.06		
01/03/2012	54.9	0.116666667	4.05	0.00369863	3.05		
02/03/2012	57.3	0.098333333	3.88	-0.004109589	2.97		
05/03/2012	56	0.110555556	3.99	0.004931507	3.07		
06/03/2012	54.3	0.117777778	4.06	-0.004931507	2.97		
07/03/2012	52.75	0.123055556	4.1	-0.002054795	2.99		
08/03/2012	57	0.099444444	3.89	-0.020684932	2.87		
09/03/2012	54	0.119444444	4.07	-0.010684932	2.93		
12/03/2012	55	0.133333333	4.2	-0.013972603	2.91		
13/03/2012	55.9	0.125555556	4.13	-0.019589041	2.88		
14/03/2012	58	0.098888889	3.89	-0.025479452	2.84		
15/03/2012	56.75	0.099722222	3.9	-0.025205479	2.85		
16/03/2012	55.15	0.106111111	3.95	-0.02260274	2.86		
19/03/2012	53.6	0.113333333	4.02				
20/03/2012	53.1	0.114166667	4.02				
21/03/2012	53.75	0.134722222	4.21				
22/03/2012	56	0.120833333	4.08				
23/03/2012	55.75	0.123333333	4.11				
26/03/2012	58.55	0.105277778	3.95				
27/03/2012	51.65	0.149722222	4.34				
28/03/2012	62	0.083055556	3.75				
29/03/2012	59	0.108333333	3.97				
30/03/2012	61.75	0.105833333	3.95				
02/04/2012	64.05	0.098333333	3.88				
03/04/2012	65.55	0.088611111	3.8				
04/04/2012	66.3	0.080555556	3.72				
05/04/2012	66	0.069444444	3.62				
06/04/2012	66	0.078333333	3.7				
09/04/2012	65.8	0.070555556	3.63				
10/04/2012	62	0.096111111	3.86				
11/04/2012	60.1	0.109166667	3.98				
12/04/2012	61.5	0.101111111	3.91				
13/04/2012	61.1	0.103611111	3.93				
16/04/2012	60.3	0.101666667	3.91				
17/04/2012	60.35	0.088888889	3.8				
18/04/2012	62.55	0.074722222	3.67				
19/04/2012	62.3	0.078055556	3.7				
20/04/2012	61.3	0.086111111	3.77				
23/04/2012	60.1	0.081111111	3.73				
24/04/2012	59.25	0.092222222	3.83				
25/04/2012	59.6	0.093888889	3.84				
26/04/2012	61	0.096666667	3.87				
27/04/2012	61.05	0.091388889	3.82				
30/04/2012	61.05	0.095555556	3.86				
01/05/2012	60	0.101666667	3.91				
02/05/2012	61.05	0.096944444	3.87				
03/05/2012	59	0.106666667	3.96				
04/05/2012	59.6	0.112222222	4.01				
07/05/2012	58.25	0.109166667	3.98				
08/05/2012	54.45	0.127222222	4.14				
09/05/2012	57.35	0.111666667	4				
10/05/2012	58.9	0.106944444	3.96				
11/05/2012	56.9	0.119444444	4.07				
14/05/2012	55.1	0.133333333	4.2				
15/05/2012	55.55	0.126944444	4.14				
16/05/2012	54.95	0.126944444	4.14				
17/05/2012	55.8	0.101111111	3.91				
18/05/2012	60.2	0.079722222	3.72				
21/05/2012	60	0.071944444	3.65				
22/05/2012	59.25	0.084166667	3.76				
23/05/2012	57.85	0.09	3.81				
24/05/2012	58.15	0.079722222	3.72				
25/05/2012	57.55	0.079722222	3.72				
28/05/2012	58.45	0.0775	3.7				
29/05/2012	58.55	0.083333333	3.75				
30/05/2012	57.55	0.093611111	3.84				
31/05/2012	56.9	0.092222222	3.83				
01/06/2012	57.7	0.090555556	3.81				
04/06/2012	56.1	0.093888889	3.84				
05/06/2012	56.4	0.088888889	3.8				
06/06/2012	57.65	0.086388889	3.78				
07/06/2012	58.6	0.08	3.72				
08/06/2012	58.1	0.075	3.67				
11/06/2012	59	0.051944444	3.47				
12/06/2012	58.55	0.050833333	3.46				
13/06/2012	59.75	0.058333333	3.52				
14/06/2012	57	0.076944444	3.69				
15/06/2012	56.55	0.0625	3.56				
18/06/2012	56.8	0.060555556	3.54				
19/06/2012	56.5	0.056111111	3.5				
20/06/2012	57.1	0.045555556	3.41				
21/06/2012	57	0.035277778	3.32				
22/06/2012	59.5	0.041944444	3.38				
25/06/2012	59.5	0.029444444	3.26				
26/06/2012	58.65	0.050833333	3.46				
27/06/2012	61	0.044166667	3.4				
28/06/2012	62.3	0.045	3.4				
29/06/2012	62	0.046944444	3.42				
02/07/2012	63.95	0.039722222	3.36				
03/07/2012	64.75	0.034166667	3.31				
04/07/2012	65.5	0.02	3.18				
05/07/2012	69	-0.011111111	2.95				
06/07/2012	69.3	-0.015555556	2.92				
09/07/2012	70.75	-0.026388889	2.87				
10/07/2012	69.3	-0.023888889	2.88				
11/07/2012	69.6	-0.02	2.9				
12/07/2012	68.85	-0.028333333	2.86				
13/07/2012	68.35	-0.0325	2.84				
16/07/2012	70.05	-0.044166667	2.79				
17/07/2012	69	-0.022222222	2.89				
18/07/2012	69.5	-0.028333333	2.86				
19/07/2012	68.95	-0.020555556	2.9				
20/07/2012	71.95	-0.03	2.85				
23/07/2012	68.35	-0.006944444	2.97				
24/07/2012	66.85	0.006944444	3.06				
25/07/2012	67.5	0.0075	3.07				
26/07/2012	68.95	0.005833333	3.05				
27/07/2012	70	-0.005555556	2.97				
30/07/2012	67.8	0.001666667	3.01				
31/07/2012	69.1	-0.002777778	2.99				
01/08/2012	69.85	0.000833333	3.01				
02/08/2012	71.95	-0.016388889	2.92				
03/08/2012	71.5	-0.015	2.93				
06/08/2012	71.65	-0.015833333	2.92				
07/08/2012	71.4	-0.021944444	2.89				
08/08/2012	73.55	-0.036388889	2.82				
09/08/2012	71	-0.019444444	2.91				
10/08/2012	70.15	-0.005833333	2.97				
13/08/2012	71	-0.005555556	2.97				
14/08/2012	74.15	-0.023055556	2.89				
15/08/2012	73.1	-0.017222222	2.92				
16/08/2012	73.5	-0.028055556	2.86				
17/08/2012	74.9	-0.030555556	2.85				
20/08/2012	72.95	-0.018055556	2.91				
21/08/2012	73	-0.027777778	2.87				
22/08/2012	74.1	-0.036666667	2.82				
23/08/2012	74	-0.035	2.83				
24/08/2012	70.8	-0.017222222	2.92				
27/08/2012	69.55	-0.009722222	2.95				
28/08/2012	69.1	-0.015833333	2.92				
29/08/2012	68.75	-0.010833333	2.95				
30/08/2012	64.2	0.011388889	3.1				
31/08/2012	66.15	0.0175	3.16				
03/09/2012	65.5	0.011944444	3.11				
04/09/2012	66.8	0.001111111	3.01				
05/09/2012	70.45	-0.025833333	2.87				
06/09/2012	70.5	-0.028333333	2.86				
07/09/2012	72.25	-0.034722222	2.83				
10/09/2012	73.9	-0.046111111	2.78				
11/09/2012	72.4	-0.028888889	2.86				
12/09/2012	71.5	-0.013888889	2.93				
13/09/2012	74.25	-0.016111111	2.92				
14/09/2012	75	-0.044444444	2.78				
17/09/2012	78.9	-0.080277778	2.61				
18/09/2012	80.75	-0.0875	2.58				
19/09/2012	78.8	-0.074444444	2.64				
20/09/2012	77.75	-0.060555556	2.71				
21/09/2012	79	-0.066666667	2.68				
24/09/2012	79.35	-0.0775	2.62				
25/09/2012	76	-0.063333333	2.69				
26/09/2012	77.9	-0.064166667	2.69				
27/09/2012	81.8	-0.1	2.51				
28/09/2012	82.8	-0.110555556	2.46				
01/10/2012	81.9	-0.111666667	2.46				
02/10/2012	82.05	-0.111388889	2.46				
03/10/2012	82.45	-0.119166667	2.42				
04/10/2012	81.8	-0.115555556	2.44				
05/10/2012	84.85	-0.137222222	2.33				
08/10/2012	81.4	-0.095	2.54				
09/10/2012	80	-0.094166667	2.54				
10/10/2012	82.9	-0.094444444	2.54				
11/10/2012	80	-0.072777778	2.65				
12/10/2012	77.25	-0.063055556	2.69				
15/10/2012	77.85	-0.073888889	2.64				
16/10/2012	76.15	-0.076388889	2.63				
17/10/2012	77.1	-0.089444444	2.57				
18/10/2012	80.55	-0.120277778	2.42				
19/10/2012	78.4	-0.105833333	2.49				
22/10/2012	75.6	-0.077777778	2.62				
23/10/2012	74.1	-0.072777778	2.65				
24/10/2012	72.6	-0.058611111	2.72				
25/10/2012	73.2	-0.056388889	2.73				
26/10/2012	73.65	-0.066111111	2.68				
29/10/2012	72.55	-0.058055556	2.72				
30/10/2012	72.25	-0.069722222	2.66				
31/10/2012	74.5	-0.086111111	2.58				
01/11/2012	75.7	-0.082222222	2.6				
02/11/2012	76	-0.091388889	2.56				
05/11/2012	74.9	-0.085	2.59				
06/11/2012	74.55	-0.086388889	2.58				
07/11/2012	75.9	-0.097777778	2.53				
08/11/2012	75	-0.088333333	2.57				
09/11/2012	75.9	-0.100277778	2.51				
12/11/2012	75.5	-0.098333333	2.52				
13/11/2012	74.9	-0.097222222	2.53				
14/11/2012	74.9	-0.096666667	2.53				
15/11/2012	75.5	-0.106944444	2.48				
16/11/2012	79	-0.128888889	2.37				
19/11/2012	78.5	-0.115	2.44				
20/11/2012	75.8	-0.129444444	2.37				
21/11/2012	74.7	-0.126111111	2.39				
22/11/2012	74.25	-0.137777778	2.33				
23/11/2012	74	-0.132777778	2.36				
26/11/2012	73.65	-0.131944444	2.36				
27/11/2012	78	-0.1625	2.21				
28/11/2012	77.75	-0.161388889	2.22				
29/11/2012	77.95	-0.168888889	2.18				
30/11/2012	77.5	-0.17	2.17				
03/12/2012	78.6						
04/12/2012	76.95						
05/12/2012	78.5						
06/12/2012	80.8						
07/12/2012	81.75						
10/12/2012	81.5						
11/12/2012	80.8						
12/12/2012	78.5						
13/12/2012	80.1						
14/12/2012	78.5						
17/12/2012	79.3						
18/12/2012	79.75						
19/12/2012	79.7						
20/12/2012	79.75						
21/12/2012	78.6						
24/12/2012	76.35						
25/12/2012	76						
26/12/2012	76.35						
27/12/2012	76.8						
28/12/2012	74.7						
31/12/2012	75.85						
01/01/2013	76.5						
02/01/2013	78.4						
03/01/2013	77.5						
04/01/2013	78.25						
07/01/2013	78.3						
08/01/2013	78.5						
09/01/2013	78.2						
10/01/2013	79.8						
11/01/2013	77.9						
14/01/2013	77.35						
15/01/2013	77.45						
16/01/2013	78.15						
17/01/2013	78.4						
18/01/2013	79.1						
21/01/2013	78.4						
22/01/2013	77.8						
23/01/2013	74						
24/01/2013	74.55						
25/01/2013	72.95						
28/01/2013	74.4						
29/01/2013	74.05						
30/01/2013	72.5						
31/01/2013	71.9						
01/02/2013	72.4						
04/02/2013	73.55						
05/02/2013	74.4						
06/02/2013	73.5						
07/02/2013	74						
08/02/2013	73						
11/02/2013	72.4						
12/02/2013	73.2						
13/02/2013	73						
14/02/2013	71.6						
15/02/2013	68.35						
18/02/2013	67.7						
19/02/2013	70.25						
20/02/2013	70.85						
21/02/2013	67.8						
22/02/2013	67.7						
25/02/2013	66.6						
26/02/2013	65.3						
27/02/2013	63.35						
28/02/2013	67.05						
01/03/2013	64.8						
04/03/2013	67.8						
05/03/2013	68.95						
06/03/2013	70.4						
07/03/2013	70.45						
08/03/2013	71.1						
11/03/2013	70.9						
12/03/2013	69.1						
13/03/2013	67						
14/03/2013	66.5						
15/03/2013	66						
18/03/2013	65						
19/03/2013	66						
20/03/2013	63.75						
21/03/2013	62.5						
22/03/2013	62.1						
25/03/2013	65						
26/03/2013	64.4						
27/03/2013	65.25						
28/03/2013	66.55						
29/03/2013	67.1						
01/04/2013	68.1						
02/04/2013	68.85						
03/04/2013	70						
04/04/2013	69						
05/04/2013	68.1						
08/04/2013	68.6						
09/04/2013	70						
10/04/2013	69						
11/04/2013	68.8						
12/04/2013	68.8						
15/04/2013	67.45						
16/04/2013	67						
17/04/2013	67.5						
18/04/2013	69.1						
19/04/2013	70						
22/04/2013	70						
23/04/2013	70						
24/04/2013	68.45						
25/04/2013	69.4						
26/04/2013	69.7						
29/04/2013	68						
30/04/2013	67.5						
01/05/2013	67.7						
02/05/2013	67.7						
03/05/2013	67.8						
06/05/2013	66.25						
07/05/2013	66.8						
08/05/2013	66.25						
09/05/2013	69.3						
10/05/2013	67.65						
13/05/2013	67						
14/05/2013	65.8						
15/05/2013	65.4						
16/05/2013	66						
17/05/2013	65.6						
20/05/2013	67.2						
21/05/2013	69						
22/05/2013	71.35						
23/05/2013	67						
24/05/2013	64.45						
27/05/2013	65						
28/05/2013	65.4						
29/05/2013	66.85						
30/05/2013	67						
31/05/2013	65.4						
03/06/2013	64.6						
04/06/2013	66.35						
05/06/2013	63.8						
06/06/2013	62.9						
07/06/2013	61.8						
10/06/2013	62						
11/06/2013	61						
12/06/2013	61						
13/06/2013	60.15						
14/06/2013	64.3						
17/06/2013	63.05						
18/06/2013	65.9						
19/06/2013	66.9						
20/06/2013	65.9						
21/06/2013	64.55						
24/06/2013	62.4						
25/06/2013	61						
26/06/2013	58.9						
27/06/2013	59.35						
28/06/2013	61.6						
01/07/2013	61						
02/07/2013	62.05						
03/07/2013	63.05						
04/07/2013	61.75						
05/07/2013	62.1						
08/07/2013	59.7						
09/07/2013	59						
10/07/2013	60.9						
11/07/2013	59.55						
12/07/2013	59.6						
15/07/2013	59						
16/07/2013	58.3						
17/07/2013	59.1						
18/07/2013	57.85						
19/07/2013	57.8						
22/07/2013	57.4						
23/07/2013	57.5						
24/07/2013	56.25						
25/07/2013	55.8						
26/07/2013	57.8						
29/07/2013	52.5						
30/07/2013	52						
31/07/2013	49.45						
01/08/2013	50.1						
02/08/2013	49.9						
05/08/2013	48.75						
06/08/2013	48.7						
07/08/2013	47.55						
08/08/2013	46.9						
09/08/2013	46.9						
12/08/2013	46.95						