08/09/2006	40	0.038888889	3.16	0.101369863	3.59	0.063561644	3.88
11/09/2006	45.85	0.001388889	3.01	0.09630137	3.57	0.052945205	3.73
12/09/2006	46.5	-0.002222222	2.98	0.085753425	3.5	0.052054795	3.72
13/09/2006	48.5	-0.013888889	2.89	0.076712329	3.45	0.049315068	3.68
14/09/2006	46.35	0.013055556	3.05	0.078493151	3.46	0.052260274	3.72
15/09/2006	45.8	0.022222222	3.09	0.077945205	3.46	0.057808219	3.8
18/09/2006	44.25	0.013333333	3.06	0.081506849	3.48	0.059246575	3.82
19/09/2006	41.85	0.028055556	3.12	0.085342466	3.5	0.060479452	3.83
20/09/2006	41.95	0.026388889	3.11	0.079315068	3.47	0.059657534	3.82
21/09/2006	42.5	0.031666667	3.13	0.069178082	3.41	0.065890411	3.91
22/09/2006	40.75	0.030833333	3.13	0.080136986	3.47	0.07130137	3.98
25/09/2006	41	0.034444444	3.14	0.083424658	3.49	0.073972603	4.02
26/09/2006	40	0.033333333	3.14	0.076712329	3.45	0.073972603	4.02
27/09/2006	40.35	0.036388889	3.15	0.07630137	3.45	0.069589041	3.96
28/09/2006	39.75	0.0375	3.16	0.07739726	3.45	0.070205479	3.97
29/09/2006	39.7	0.036666667	3.15	0.058356164	3.34	0.06890411	3.95
03/10/2006	40	0.043055556	3.18	0.052054795	3.31	0.070547945	3.97
04/10/2006	40.5	0.036111111	3.15	0.065753425	3.39	0.065616438	3.91
05/10/2006	39.5	0.038333333	3.16	0.071917808	3.42	0.068150685	3.94
06/10/2006	39.05	0.055277778	3.23	0.076575342	3.45	0.066643836	3.92
09/10/2006	39.2	0.058333333	3.24	0.07890411	3.46	0.066849315	3.92
10/10/2006	39.85	0.053611111	3.22	0.070958904	3.42	0.067808219	3.94
11/10/2006	39.85	0.053611111	3.22	0.074383562	3.44	0.070068493	3.97
12/10/2006	39.9	0.050555556	3.21	0.076986301	3.45	0.069726027	3.96
13/10/2006	39.8	0.047222222	3.2	0.085205479	3.5	0.070136986	3.97
16/10/2006	39.1	0.054722222	3.23	0.081917808	3.48	0.07239726	4
17/10/2006	38.4	0.048888889	3.2	0.078356164	3.46	0.073972603	4.02
18/10/2006	38.5	0.049722222	3.21	0.076575342	3.45	0.069931507	3.97
19/10/2006	39	0.053888889	3.23	0.079726027	3.47	0.066849315	3.92
20/10/2006	42.5	0.029444444	3.12	0.070136986	3.41	0.063561644	3.88
23/10/2006	41.8	0.030555556	3.13	0.072054795	3.42	0.065136986	3.9
26/10/2006	41.7	0.026666667	3.11	0.074520548	3.44	0.066643836	3.92
27/10/2006	40.6	0.034444444	3.14	0.083287671	3.49	0.068219178	3.94
30/10/2006	40.25	0.04	3.17	0.086986301	3.51	0.070821918	3.98
31/10/2006	41	0.103611111	3.43	0.090410959	3.53	0.071232877	3.98
01/11/2006	41.45	0.081388889	3.34	0.089041096	3.52	0.069109589	3.95
02/11/2006	42.8	0.068333333	3.29	0.092054795	3.54	0.065273973	3.9
03/11/2006	41.9	0.074444444	3.31	0.09890411	3.58	0.066575342	3.92
06/11/2006	41	0.07	3.29	0.092739726	3.54	0.067465753	3.93
07/11/2006	41.1	0.065833333	3.28	0.09	3.53	0.076986301	4.06
08/11/2006	41.7	0.065277778	3.27	0.088356164	3.52	0.081917808	4.13
09/11/2006	39.85	0.0875	3.37	0.09739726	3.57	0.078082192	4.08
10/11/2006	40.7	0.064166667	3.27	0.091917808	3.54	0.077671233	4.07
13/11/2006	41.6	0.075833333	3.32	0.094246575	3.55	0.083972603	4.16
14/11/2006	40.65	0.079444444	3.33	0.091369863	3.54	0.090616438	4.25
15/11/2006	40.3	0.098333333	3.41	0.091506849	3.54	0.09	4.24
16/11/2006	42	0.085833333	3.36	0.087671233	3.51	0.088972603	4.23
17/11/2006	40.15	0.101666667	3.43	0.092739726	3.54	0.094315068	4.3
20/11/2006	41	0.072222222	3.3	0.085068493	3.5	0.089315068	4.23
21/11/2006	38.8	0.095555556	3.4	0.090958904	3.53	0.090684932	4.25
22/11/2006	38.5	0.105555556	3.44	0.095890411	3.56	0.095205479	4.31
23/11/2006	41.1	0.077222222	3.32	0.091643836	3.54	0.085958904	4.19
24/11/2006	39.85	0.084166667	3.35	0.09630137	3.57	0.08239726	4.14
27/11/2006	40.3	0.081666667	3.34	0.097671233	3.57	0.080410959	4.11
28/11/2006	39.3	0.092222222	3.39	0.099863014	3.59	0.085136986	4.18
29/11/2006	41	0.083333333	3.35	0.104246575	3.61	0.078287671	4.08
30/11/2006	41.4	0.081111111	3.34	0.097534247	3.57	0.076164384	4.05
01/12/2006	40.1	0.077777778	3.33	0.099863014	3.59	0.08609589	4.19
04/12/2006	39	0.096666667	3.4	0.098630137	3.58	0.08739726	4.21
05/12/2006	39.1	0.101666667	3.43	0.10109589	3.59	0.087534247	4.21
06/12/2006	39.5	0.108333333	3.45	0.098082192	3.58	0.086986301	4.2
07/12/2006	39.4	0.111666667	3.47	0.095890411	3.56	0.089794521	4.24
08/12/2006	39.4	0.126666667	3.53	0.094794521	3.56	0.098150685	4.36
11/12/2006	40	0.1325	3.55	0.095890411	3.56	0.102945205	4.42
12/12/2006	38	0.130555556	3.55	0.094794521	3.56	0.095890411	4.32
13/12/2006	37.1	0.135555556	3.57	0.099726027	3.59	0.11630137	4.61
14/12/2006	38.45	0.141944444	3.59	0.09739726	3.57	0.113150685	4.56
15/12/2006	38.75	0.148055556	3.62	0.095205479	3.56	0.111643836	4.54
18/12/2006	38.85	0.139722222	3.59	0.095205479	3.56	0.104315068	4.44
19/12/2006	38.4	0.131111111	3.55	0.098767123	3.58	0.094657534	4.31
20/12/2006	37.65	0.139444444	3.58	0.096712329	3.57	0.10239726	4.41
21/12/2006	37.9	0.138333333	3.58	0.092054795	3.54	0.104246575	4.44
22/12/2006	37.9	0.137777778	3.58	0.095890411	3.56	0.097123288	4.34
26/12/2006	37.85	0.128611111	3.54	0.100410959	3.59	0.096917808	4.34
27/12/2006	37.8	0.127222222	3.53	0.104383562	3.61	0.09	4.24
28/12/2006	38.1	0.146388889	3.61	0.099726027	3.59	0.095753425	4.32
29/12/2006	37.95	0.1225	3.51	0.092465753	3.54	0.097328767	4.34
02/01/2007	37.5	0.136111111	3.57	0.099452055	3.58	0.101780822	4.41
03/01/2007	37.6	0.151666667	3.64	0.099178082	3.58	0.100616438	4.39
04/01/2007	37.6	0.146666667	3.61	0.091506849	3.54	0.110136986	4.52
05/01/2007	40	0.138888889	3.58	0.071506849	3.42	0.102739726	4.42
08/01/2007	38.8	0.142222222	3.6	0.085479452	3.5	0.101917808	4.41
09/01/2007	40	0.131666667	3.55	0.07260274	3.43	0.098630137	4.36
10/01/2007	41.6	0.121666667	3.51	0.06109589	3.36	0.1	4.38
11/01/2007	41	0.133333333	3.56	0.067123288	3.39	0.1	4.38
12/01/2007	41.7	0.132222222	3.55	0.059589041	3.35	0.098150685	4.36
15/01/2007	41	0.146944444	3.62	0.065890411	3.39	0.099520548	4.37
16/01/2007	42	0.116666667	3.49	0.054794521	3.32	0.09739726	4.34
17/01/2007	41.5	0.125277778	3.52	0.063013699	3.37	0.096232877	4.33
18/01/2007	43.5	0.133333333	3.56	0.065616438	3.39	0.096917808	4.34
19/01/2007	44.1	0.104444444	3.44	0.057123288	3.34	0.094041096	4.3
22/01/2007	42.65	0.144722222	3.61	0.06109589	3.36	0.097054795	4.34
23/01/2007	42.5	0.151388889	3.63	0.062876712	3.37	0.096164384	4.33
24/01/2007	41.5	0.136666667	3.57	0.057945205	3.34	0.097945205	4.35
25/01/2007	42	0.116666667	3.49	0.055479452	3.33	0.095753425	4.32
29/01/2007	42.7	0.118055556	3.49	0.05109589	3.3	0.094794521	4.31
31/01/2007	42.75	0.113611111	3.48	0.050958904	3.3	0.096232877	4.33
01/02/2007	46	0.079722222	3.33	0.052054795	3.31	0.089109589	4.23
02/02/2007	48.5	0.074722222	3.31	0.045616438	3.27	0.089726027	4.24
05/02/2007	45.3	0.106388889	3.45	0.051780822	3.3	0.095479452	4.32
06/02/2007	47.35	0.098055556	3.41	0.05369863	3.32	0.09390411	4.3
07/02/2007	46.35	0.100555556	3.42	0.065890411	3.39	0.099520548	4.37
08/02/2007	47.5	0.097222222	3.41	0.055890411	3.33	0.103972603	4.44
09/02/2007	48.65	0.090555556	3.38	0.054246575	3.32	0.100205479	4.38
12/02/2007	46.9	0.117222222	3.49	0.060547945	3.36	0.098356164	4.36
13/02/2007	43.5	0.181111111	3.76	0.068493151	3.4	0.100616438	4.39
14/02/2007	44	0.132777778	3.56	0.069863014	3.41	0.104178082	4.44
15/02/2007	44	0.168333333	3.71	0.065753425	3.39	0.105068493	4.45
19/02/2007	48.7	0.126111111	3.53	0.055753425	3.33	0.101712329	4.4
20/02/2007	46.5	0.123333333	3.52	0.064246575	3.38	0.101506849	4.4
21/02/2007	46.85	0.095833333	3.4	0.071506849	3.42	0.097739726	4.35
22/02/2007	48.5	0.091666667	3.38	0.066986301	3.39	0.099178082	4.37
23/02/2007	45.5	0.116388889	3.49	0.071232877	3.42	0.102054795	4.41
26/02/2007	45.4	0.125555556	3.53	0.075342466	3.44	0.101232877	4.4
27/02/2007	46.35	0.1425	3.6	0.070410959	3.41	0.09760274	4.35
28/02/2007	41	0.186111111	3.78	0.084383562	3.5	0.107534247	4.48
01/03/2007	46.45	0.158055556	3.66	0.07	3.41	0.100684932	4.39
02/03/2007	45	0.176666667	3.74	0.073972603	3.43	0.097260274	4.34
05/03/2007	46.5	0.202777778	3.85	0.07109589	3.42	0.088219178	4.22
06/03/2007	46.15	0.181944444	3.76	0.065890411	3.39	0.084863014	4.17
07/03/2007	46.3	0.137222222	3.57	0.06739726	3.4	0.090958904	4.26
08/03/2007	42.1	0.176666667	3.74	0.072328767	3.42	0.098356164	4.36
09/03/2007	50	0.134444444	3.56	0.054657534	3.32	0.091506849	4.26
12/03/2007	44.9	0.158888889	3.67	0.066849315	3.39	0.098767123	4.36
13/03/2007	45.45	0.149722222	3.63	0.065342466	3.38	0.088424658	4.22
14/03/2007	44.2	0.158333333	3.66	0.070958904	3.42	0.090273973	4.25
15/03/2007	44.95	0.155833333	3.65	0.068630137	3.4	0.085410959	4.18
16/03/2007	43.3	0.163888889	3.69	0.070684932	3.41	0.091917808	4.27
19/03/2007	42.5	0.169166667	3.71	0.077534247	3.45	0.093150685	4.29
20/03/2007	43	0.163888889	3.69	0.07369863	3.43	0.095	4.31
21/03/2007	46	0.162222222	3.68	0.062465753	3.37	0.089452055	4.23
22/03/2007	43.5	0.163888889	3.69	0.072328767	3.42	0.09369863	4.29
23/03/2007	44.5	0.152777778	3.64	0.068082192	3.4	0.088356164	4.22
26/03/2007	44.6	0.165833333	3.69	0.062054795	3.36	0.087123288	4.2
28/03/2007	43.3	0.17	3.71	0.064794521	3.38	0.089863014	4.24
29/03/2007	43.5	0.171666667	3.72	0.067123288	3.39	0.086917808	4.2
30/03/2007	43.5	0.169166667	3.71	0.059589041	3.35	0.085616438	4.18
02/04/2007	42.05	0.176388889	3.74	0.04369863	3.26	0.088013699	4.22
03/04/2007	40.8	0.181666667	3.76	0.063013699	3.37	0.089315068	4.23
04/04/2007	44	0.161666667	3.68	0.052054795	3.31	0.089041096	4.23
05/04/2007	41.6	0.174444444	3.73	0.062739726	3.37	0.091917808	4.27
09/04/2007	42	0.177777778	3.74	0.060410959	3.35	0.095616438	4.32
10/04/2007	42	0.177777778	3.74	0.054794521	3.32	0.095753425	4.32
11/04/2007	42.75	0.206944444	3.87	0.047671233	3.28	0.094041096	4.3
12/04/2007	42.1	0.190833333	3.8	0.055479452	3.33	0.093424658	4.29
13/04/2007	42.5	0.191666667	3.8	0.060136986	3.35	0.100684932	4.39
16/04/2007	43.45	0.179166667	3.75	0.050684932	3.3	0.091232877	4.26
17/04/2007	44.4	0.200555556	3.84	0.042739726	3.25	0.088493151	4.22
18/04/2007	44.4	0.188611111	3.79	0.043835616	3.26	0.089109589	4.23
19/04/2007	43.4	0.208888889	3.87	0.050958904	3.3	0.092808219	4.28
20/04/2007	45.55	0.191388889	3.8	0.045342466	3.27	0.091369863	4.26
23/04/2007	46	0.1775	3.74	0.04630137	3.27	0.097260274	4.34
24/04/2007	48	0.155	3.65	0.039589041	3.23	0.093767123	4.29
25/04/2007	47.1	0.163055556	3.68	0.014794521	3.09	0.091643836	4.27
26/04/2007	46.9	0.163333333	3.68	0.025205479	3.15	0.09239726	4.28
27/04/2007	43.65	0.2075	3.87	0.041232877	3.24	0.096506849	4.33
30/04/2007	43.5	0.241666667	4.01	0.042465753	3.25	0.099315068	4.37
03/05/2007	44.3	0.208333333	3.87	0.037534247	3.22	0.099589041	4.37
04/05/2007	43.95	0.220555556	3.92	0.034931507	3.2	0.102054795	4.41
07/05/2007	43.75	0.216666667	3.91	0.026712329	3.16	0.105684932	4.46
08/05/2007	44.8	0.181666667	3.76	0.019452055	3.11	0.108150685	4.49
09/05/2007	43.05	0.121944444	3.51	0.023150685	3.14	0.110616438	4.53
10/05/2007	43.5	0.180555556	3.76	0.017808219	3.1	0.109520548	4.51
11/05/2007	42.5	0.189722222	3.79	0.026027397	3.15	0.110273973	4.52
14/05/2007	44.45	0.169722222	3.71	0.011643836	3.07	0.105958904	4.46
15/05/2007	46.2	0.187777778	3.79	0.011780822	3.07	0.101712329	4.4
16/05/2007	45.8	0.195555556	3.82	0.016986301	3.1	0.103493151	4.43
17/05/2007	47.05	0.191111111	3.8	0.007260274	3.04	0.099931507	4.38
18/05/2007	45.55	0.1675	3.7	0.013287671	3.08	0.101712329	4.4
21/05/2007	46.2	0.138611111	3.58	0.007534247	3.04	0.099178082	4.37
22/05/2007	46.05	0.199166667	3.83	0.013561644	3.08	0.099589041	4.37
23/05/2007	47.5	0.184722222	3.77	-0.001369863	2.98	0.098150685	4.36
24/05/2007	46.2	0.171666667	3.72	0.002876712	3.02	0.099589041	4.37
25/05/2007	45.2	0.193333333	3.81	0.010958904	3.06	0.101917808	4.41
28/05/2007	46.9	0.172777778	3.72	0.010410959	3.06	0.102534247	4.42
29/05/2007	46	0.166944444	3.7	0.011643836	3.07	0.105479452	4.46
30/05/2007	45	0.165277778	3.69	0.00890411	3.05	0.105205479	4.45
31/05/2007	37.5	0.2	3.84	0.024246575	3.14	0.115410959	4.59
04/06/2007	48	0.152222222	3.64	-0.01369863	2.82	0.105136986	4.45
05/06/2007	47	0.15	3.63	-0.005753425	2.93	0.103972603	4.44
06/06/2007	46.1	0.168888889	3.71	-0.006849315	2.91	0.104246575	4.44
07/06/2007	46.1	0.187777778	3.79	-0.008767123	2.89	0.102191781	4.41
08/06/2007	46	0.180555556	3.76	-0.006849315	2.91	0.102739726	4.42
11/06/2007	48.7	0.162777778	3.68	-0.010684932	2.86	0.1	4.38
12/06/2007	49.8	0.151111111	3.63	-0.022739726	2.71	0.094794521	4.31
13/06/2007	46.65	0.168611111	3.71	-0.020958904	2.73	0.100821918	4.39
14/06/2007	46.9	0.189444444	3.79	-0.020410959	2.74	0.099041096	4.37
15/06/2007	46.7	0.172777778	3.72	-0.021232877	2.73	0.099452055	4.37
18/06/2007	48.2	0.157222222	3.66	-0.025479452	2.67	0.09630137	4.33
19/06/2007	46.3	0.159444444	3.67	-0.022191781	2.72	0.102054795	4.41
20/06/2007	47.2	0.150277778	3.63	-0.021369863	2.73	0.098082192	4.35
21/06/2007	46	0.155555556	3.65	-0.017534247	2.78	0.098835616	4.36
22/06/2007	46.9	0.145	3.61	-0.019315068	2.75	0.098630137	4.36
25/06/2007	46.5	0.135555556	3.57	-0.015068493	2.81	0.096438356	4.33
26/06/2007	46.3	0.119166667	3.5	-0.009315068	2.88	0.090136986	4.24
27/06/2007	47.75	0.123611111	3.52	-0.003287671	2.96	0.091232877	4.26
28/06/2007	47	0.135833333	3.57	-0.000273973	3	0.091027397	4.26
29/06/2007	46.4	0.12	3.5	0.001643836	3.01	0.088219178	4.22
02/07/2007	49	0.106666667	3.45	-0.008356164	2.89	0.089041096	4.23
03/07/2007	49.7	0.101666667	3.43	-0.009315068	2.88	0.094520548	4.3
04/07/2007	49.5	0.063888889	3.27	-0.002465753	2.97	0.093630137	4.29
05/07/2007	49.5	0.052777778	3.22	-0.009589041	2.88	0.095205479	4.31
06/07/2007	49	0.086111111	3.36	-0.006849315	2.91	0.1	4.38
09/07/2007	48.3	0.096944444	3.41	-0.005205479	2.93	0.099178082	4.37
10/07/2007	48.95	0.100277778	3.42	-0.006438356	2.92	0.09760274	4.35
11/07/2007	47.2	0.115555556	3.48	-0.004657534	2.94	0.099931507	4.38
12/07/2007	47.45	0.101666667	3.43	0.001506849	3.01	0.099794521	4.38
13/07/2007	48.7	0.101666667	3.43	-0.001780822	2.98	0.098082192	4.35
16/07/2007	47.8	0.112222222	3.47	0.003013699	3.02	0.10260274	4.42
17/07/2007	47.3	0.131111111	3.55	0.01	3.06	0.104794521	4.45
18/07/2007	46.5	0.125	3.52	0.006438356	3.04	0.103424658	4.43
19/07/2007	46.8	0.112222222	3.47	0.008493151	3.05	0.104383562	4.44
20/07/2007	47.45	0.105555556	3.44	0.003424658	3.02	0.103493151	4.43
23/07/2007	59.65	0.046944444	3.2	-0.034657534	2.56	0.089520548	4.24
24/07/2007	56.1	0.066666667	3.28	-0.029863014	2.62	0.102328767	4.41
25/07/2007	55.1	0.072222222	3.3	-0.026986301	2.65	0.102534247	4.42
26/07/2007	55.3	0.075555556	3.32	-0.029589041	2.62	0.098972603	4.37
27/07/2007	53.6	0.096666667	3.4	-0.029041096	2.63	0.103287671	4.43
30/07/2007	52.95	0.105833333	3.44	-0.027260274	2.65	0.105684932	4.46
31/07/2007	53.45	0.114166667	3.48	-0.025068493	2.68	0.105342466	4.45
01/08/2007	55.6	0.101944444	3.43	-0.033287671	2.57	0.102054795	4.41
02/08/2007	52.25	0.134166667	3.56	-0.02260274	2.71	0.113356164	4.57
03/08/2007	55.25	0.126388889	3.53	-0.037671233	2.52	0.099657534	4.38
06/08/2007	54.95	0.110555556	3.46	-0.032739726	2.58	0.104041096	4.44
07/08/2007	58	0.088611111	3.37	-0.045068493	2.42	0.099520548	4.37
08/08/2007	57.45	0.091666667	3.38	-0.039315068	2.5	0.095410959	4.32
09/08/2007	58.45	0.094166667	3.39	-0.039863014	2.49	0.092876712	4.28
10/08/2007	54	0.1125	3.47	-0.025753425	2.67	0.100684932	4.39
13/08/2007	56	0.111111111	3.47	-0.042465753	2.46	0.098630137	4.36
14/08/2007	57.5	0.091666667	3.38	-0.045753425	2.42	0.101369863	4.4
16/08/2007	55	0.103888889	3.44	-0.043013699	2.45	0.109589041	4.51
17/08/2007	55	0.105555556	3.44	-0.034520548	2.56	0.108219178	4.49
20/08/2007	55	0.105555556	3.44	-0.039315068	2.5	0.113972603	4.57
21/08/2007	55.9	0.089722222	3.38	-0.041369863	2.47	0.115205479	4.59
22/08/2007	56	0.088888889	3.37	-0.043835616	2.44	0.108972603	4.5
23/08/2007	56	0.097222222	3.41	-0.042465753	2.46	0.108561644	4.5
24/08/2007	54.1	0.113611111	3.48	-0.037260274	2.52	0.111232877	4.54
27/08/2007	56.4	0.103333333	3.43	-0.040136986	2.49	0.104931507	4.45
28/08/2007	57.4	0.103055556	3.43	-0.045479452	2.42	0.102260274	4.41
29/08/2007	59	0.093055556	3.39	-0.045479452	2.42	0.104794521	4.45
30/08/2007	59.5	0.108611111	3.45	-0.050684932	2.35	0.102945205	4.42
31/08/2007	62.2	0.082222222	3.34	-0.055616438	2.29	0.104520548	4.44
03/09/2007	63.85	0.070555556	3.3	-0.061232877	2.22	0.099863014	4.38
04/09/2007	61.5	0.075	3.31	-0.055068493	2.3	0.10890411	4.5
05/09/2007	61.5	0.080555556	3.34	-0.056164384	2.28	0.110273973	4.52
06/09/2007	64	0.062777778	3.26	-0.063287671	2.19	0.112328767	4.55
07/09/2007	65.4	0.05	3.21	-0.069178082	2.12	0.106027397	4.46
10/09/2007	64	0.055555556	3.23	-0.064657534	2.17	0.105821918	4.46
11/09/2007	62	0.072222222	3.3	-0.061369863	2.22	0.10739726	4.48
12/09/2007	62.75	0.054722222	3.23	-0.067808219	2.13	0.113287671	4.56
13/09/2007	62.8	0.059444444	3.25	-0.067945205	2.13	0.107123288	4.48
14/09/2007	62.7	0.062777778	3.26	-0.071643836	2.08	0.114109589	4.58
17/09/2007	61	0.069444444	3.29	-0.069863014	2.11	0.114931507	4.59
18/09/2007	60.7	0.071666667	3.3	-0.072328767	2.08	0.111369863	4.54
19/09/2007	64.45	0.055555556	3.23	-0.076849315	2.02	0.105616438	4.46
20/09/2007	60	0.071944444	3.3	-0.064246575	2.18	0.115068493	4.59
21/09/2007	62	0.052777778	3.22	-0.06739726	2.14	0.110547945	4.53
24/09/2007	64.9	0.044444444	3.19	-0.068630137	2.12	0.10109589	4.4
25/09/2007	64	0.058333333	3.24	-0.067671233	2.13	0.110958904	4.53
26/09/2007	65	0.060555556	3.25	-0.066575342	2.15	0.106438356	4.47
27/09/2007	64.4	0.056111111	3.24	-0.070958904	2.09	0.113150685	4.56
28/09/2007	63.7	0.044444444	3.19	-0.067123288	2.14	0.123013699	4.7
01/10/2007	63.5	0.057222222	3.24	-0.061780822	2.21	0.122465753	4.69
03/10/2007	65	0.048888889	3.2	-0.068767123	2.12	0.11260274	4.55
04/10/2007	65.5	0.030555556	3.13	-0.069726027	2.11	0.110684932	4.53
05/10/2007	67.45	-0.0075	2.94	-0.072739726	2.07	0.110684932	4.53
08/10/2007	63	0.038888889	3.16	-0.060821918	2.22	0.119178082	4.65
09/10/2007	64.05	0.013611111	3.06	-0.062876712	2.2	0.116232877	4.6
10/10/2007	67.5	-0.02	2.84	-0.070684932	2.1	0.111164384	4.53
11/10/2007	62.9	0.014444444	3.06	-0.056712329	2.27	0.130821918	4.81
12/10/2007	68.7	-0.029166667	2.77	-0.070821918	2.09	0.126164384	4.74
15/10/2007	69.75	-0.026111111	2.79	-0.066027397	2.16	0.130479452	4.8
16/10/2007	66.1	-0.022777778	2.82	-0.057808219	2.26	0.123219178	4.7
17/10/2007	63	0.008333333	3.03	-0.035890411	2.54	0.133493151	4.84
18/10/2007	63.95	0.019444444	3.08	-0.043561644	2.44	0.129315068	4.79
19/10/2007	63.2	0.009722222	3.04	-0.041643836	2.47	0.133972603	4.85
22/10/2007	60.35	0.025555556	3.11	-0.034383562	2.56	0.144109589	4.99
23/10/2007	61.95	0.019444444	3.08	-0.038493151	2.51	0.144863014	5
24/10/2007	64.45	-0.01	2.92	-0.035479452	2.55	0.127739726	4.76
25/10/2007	65	-0.015277778	2.88	-0.04109589	2.47	0.135753425	4.87
26/10/2007	64.45	-0.017222222	2.86	-0.038219178	2.51	0.129520548	4.79
29/10/2007	65	-0.020277778	2.84	-0.038767123	2.5	0.126027397	4.74
30/10/2007	64.95	0.000277778	3	-0.031506849	2.6	0.125753425	4.74
31/10/2007	68	-0.015833333	2.87	-0.041232877	2.47	0.121575342	4.68
01/11/2007	76.1	-0.066111111	2.47	-0.058767123	2.25	0.117671233	4.62
02/11/2007	67.9	-0.005277778	2.96	-0.040821918	2.48	0.135753425	4.87
05/11/2007	74.3	-0.021666667	2.83	-0.055342466	2.29	0.124589041	4.72
06/11/2007	71.4	-0.019444444	2.85	-0.05260274	2.33	0.125753425	4.74
07/11/2007	68.7	-0.001388889	2.99	-0.04630137	2.41	0.130547945	4.8
08/11/2007	64.1	0.027222222	3.11	-0.03369863	2.57	0.139178082	4.92
09/11/2007	65	0.019444444	3.08	-0.034246575	2.56	0.140616438	4.94
12/11/2007	66.45	0.016944444	3.07	-0.037945205	2.51	0.139109589	4.92
13/11/2007	68	0	3	-0.044246575	2.43	0.142808219	4.97
14/11/2007	72	-0.016388889	2.87	-0.060273973	2.23	0.137945205	4.9
15/11/2007	74.5	-0.025277778	2.8	-0.064383562	2.18	0.132328767	4.83
16/11/2007	74.9	-0.010833333	2.91	-0.060136986	2.23	0.141917808	4.96
19/11/2007	76.8	-0.021388889	2.83	-0.062191781	2.2	0.132465753	4.83
20/11/2007	83	-0.063888889	2.49	-0.082465753	1.95	0.114931507	4.59
21/11/2007	78.9	-0.033333333	2.74	-0.076438356	2.02	0.115205479	4.59
22/11/2007	71	0.005833333	3.02	-0.052739726	2.33	0.121232877	4.67
23/11/2007	73.9	-0.011666667	2.91	-0.051506849	2.34	0.115136986	4.59
26/11/2007	74.2	-0.012222222	2.9	-0.05260274	2.33	0.114931507	4.59
27/11/2007	73.5	-0.008333333	2.93	-0.035616438	2.54	0.117534247	4.62
28/11/2007	72.4	0.000277778	3	-0.021780822	2.72	0.119315068	4.65
29/11/2007	72.7	-0.013888889	2.89	-0.023835616	2.7	0.117260274	4.62
30/11/2007	73	-0.011666667	2.91	-0.029863014	2.62	0.115616438	4.6
03/12/2007	72.8	-0.023888889	2.81	-0.02109589	2.73	0.112671233	4.56
04/12/2007	72.95	-0.016666667	2.87	-0.020410959	2.74	0.113767123	4.57
05/12/2007	72.5	-0.017777778	2.86	-0.021917808	2.72	0.110958904	4.53
06/12/2007	75.2	-0.032777778	2.74	-0.02630137	2.66	0.110958904	4.53
07/12/2007	73	-0.016111111	2.87	-0.002876712	2.96	0.116780822	4.61
10/12/2007	72	-0.011111111	2.91	-0.00630137	2.92	0.105	4.45
11/12/2007	74.45	-0.029722222	2.76	-0.006712329	2.91	0.121986301	4.68
12/12/2007	73.9	-0.017222222	2.86	-0.003835616	2.95	0.124383562	4.72
13/12/2007	74.4	-0.025	2.8	0.008493151	3.05	0.121986301	4.68
14/12/2007	73.95	-0.028611111	2.77	0.005205479	3.03	0.126780822	4.75
17/12/2007	73.8	-0.021666667	2.83	-0.005479452	2.93	0.125616438	4.73
18/12/2007	73.5	-0.023055556	2.82	-0.006986301	2.91	0.130136986	4.8
19/12/2007	73.1	-0.0325	2.74	-0.000273973	3	0.123150685	4.7
20/12/2007	73	-0.033611111	2.73	-0.002739726	2.96	0.126712329	4.75
24/12/2007	74	-0.033333333	2.74	-0.021369863	2.73	0.126575342	4.75
26/12/2007	74	-0.048611111	2.61	-0.010958904	2.86	0.128767123	4.78
27/12/2007	80	-0.122222222	2.03	-0.029315068	2.63	0.115205479	4.59
28/12/2007	76.45	-0.070277778	2.44	-0.027808219	2.64	0.118561644	4.64
31/12/2007	77	-0.077777778	2.38	-0.032876712	2.58	0.127260274	4.76
01/01/2008	75.7	-0.062222222	2.51	-0.023287671	2.7	0.123630137	4.71
02/01/2008	80.5	-0.091388889	2.27	-0.042191781	2.46	0.075890411	4.05
03/01/2008	78.35	-0.090833333	2.28	-0.01890411	2.76	0.107054795	4.48
04/01/2008	81	-0.115833333	2.08	-0.022054795	2.72	0.109452055	4.51
07/01/2008	80	-0.098055556	2.22	-0.024657534	2.68	0.114246575	4.58
08/01/2008	77.95	-0.075	2.4	-0.019589041	2.75	0.11390411	4.57
09/01/2008	75.9	-0.0775	2.38	-0.013150685	2.83	0.12369863	4.71
10/01/2008	76.45	-0.091388889	2.27	-0.019863014	2.75	0.127191781	4.76
11/01/2008	76.3	-0.088333333	2.3	-0.024109589	2.69	0.13109589	4.81
14/01/2008	81	-0.105555556	2.16	-0.02890411	2.63	0.126027397	4.74
15/01/2008	87	-0.138333333	1.9	-0.050684932	2.35	0.11630137	4.61
16/01/2008	81.8	-0.105	2.17	-0.049452055	2.37	0.122191781	4.69
17/01/2008	83.65	-0.117777778	2.06	-0.040958904	2.48	0.107328767	4.48
18/01/2008	82.75	-0.168055556	1.66	-0.043424658	2.44	0.110068493	4.52
21/01/2008	77.5	-0.118888889	2.06	-0.023972603	2.69	0.125616438	4.73
22/01/2008	65	-0.035	2.72	0.002739726	3.02	0.137945205	4.9
23/01/2008	76	-0.094444444	2.25	-0.02890411	2.63	0.118835616	4.64
24/01/2008	76.65	-0.103611111	2.18	-0.027671233	2.65	0.116506849	4.61
25/01/2008	75	-0.101666667	2.19	-0.009589041	2.88	0.118767123	4.64
28/01/2008	80	-0.147222222	1.83	-0.022054795	2.72	0.108219178	4.49
29/01/2008	81	-0.161666667	1.72	0.000547945	3	0.113561644	4.57
30/01/2008	81.45	-0.166388889	1.68	-0.012054795	2.85	0.115890411	4.6
31/01/2008	75.7	-0.142777778	1.87	0.004246575	3.02	0.120958904	4.67
01/02/2008	71.15	-0.106388889	2.15	0.008082192	3.05	0.127876712	4.77
04/02/2008	81.9	-0.184444444	1.53	-0.016164384	2.79	0.119794521	4.65
05/02/2008	80.75	-0.168055556	1.66	0.003424658	3.02	0.119520548	4.65
06/02/2008	77.1	-0.139444444	1.89	0.013287671	3.08	0.125273973	4.73
07/02/2008	80	-0.168333333	1.66	0.002739726	3.02	0.120547945	4.66
08/02/2008	78	-0.153333333	1.78	0.020547945	3.12	0.123287671	4.7
11/02/2008	76.05	-0.150555556	1.8	0.019315068	3.11	0.132671233	4.83
12/02/2008	74.75	-0.131944444	1.95	0.028219178	3.17	0.128835616	4.78
13/02/2008	73.5	-0.147222222	1.83	0.049589041	3.29	0.126438356	4.75
14/02/2008	75.4	-0.156388889	1.76	0.039452055	3.23	0.114315068	4.58
15/02/2008	74	-0.137777778	1.91	0.035342466	3.21	0.105479452	4.46
18/02/2008	76.5	-0.143333333	1.86	0.017534247	3.1	0.104794521	4.45
19/02/2008	79.9	-0.164722222	1.69	0.011506849	3.07	0.101369863	4.4
20/02/2008	78.5	-0.168055556	1.66	0.007260274	3.04	0.106986301	4.48
21/02/2008	78	-0.175833333	1.6	0.008767123	3.05	0.106849315	4.48
22/02/2008	77	-0.188888889	1.5	0.020684932	3.12	0.108219178	4.49
25/02/2008	77	-0.178333333	1.58	0.029315068	3.17	0.084383562	4.17
26/02/2008	81	-0.207777778	1.35	0.014794521	3.09	0.080821918	4.12
27/02/2008	77.8	-0.193888889	1.46	0.018356164	3.11	0.082739726	4.14
28/02/2008	76.5	-0.183333333	1.54	0.021917808	3.13	0.081506849	4.13
29/02/2008	75	-0.167777778	1.67	0.026027397	3.15	0.079452055	4.1
03/03/2008	74.25	-0.181944444	1.55	0.028082192	3.16	0.078013699	4.08
04/03/2008	74	-0.194444444	1.45	0.038356164	3.23	0.076027397	4.05
05/03/2008	73	-0.186388889	1.52	0.039726027	3.23	0.072328767	4
07/03/2008	70.9	-0.1775	1.59	0.041369863	3.24	0.080410959	4.11
10/03/2008	67.75	-0.160277778	1.73	0.048630137	3.29	0.08390411	4.16
11/03/2008	70	-0.176666667	1.6	0.056438356	3.33	0.076575342	4.06
12/03/2008	71.45	-0.178055556	1.58	0.058493151	3.34	0.081575342	4.13
13/03/2008	68	-0.157777778	1.75	0.073972603	3.43	0.086849315	4.2
14/03/2008	68.2	-0.1575	1.75	0.070684932	3.41	0.086438356	4.19
17/03/2008	68	-0.15	1.81	0.063424658	3.37	0.080821918	4.12
18/03/2008	61	-0.100555556	2.2	0.082191781	3.48	0.086027397	4.19
19/03/2008	59	-0.069166667	2.45	0.084931507	3.5	0.090890411	4.25
24/03/2008	64.5	-0.097777778	2.22	0.073972603	3.43	0.079452055	4.1
25/03/2008	65.75	-0.104166667	2.17	0.062054795	3.36	0.089931507	4.24
26/03/2008	67	-0.116944444	2.07	0.060958904	3.36	0.082191781	4.13
27/03/2008	68	-0.120555556	2.04	0.053972603	3.32	0.08890411	4.23
28/03/2008	65.75	-0.095277778	2.24	0.060958904	3.36	0.089246575	4.23
31/03/2008	67	-0.116666667	2.07	0.061232877	3.36	0.084931507	4.17
01/04/2008	68	-0.119444444	2.05	0.063013699	3.37	0.085616438	4.18
02/04/2008	70.9	-0.136111111	1.92	0.054520548	3.32	0.062191781	3.86
03/04/2008	69	-0.124444444	2.01	0.060273973	3.35	0.08630137	4.19
04/04/2008	67	-0.119444444	2.05	0.068356164	3.4	0.089726027	4.24
07/04/2008	66.45	-0.1025	2.19	0.07109589	3.42	0.094041096	4.3
08/04/2008	68.1	-0.111388889	2.11	0.058767123	3.34	0.095684932	4.32
09/04/2008	68.1	-0.106666667	2.15	0.053972603	3.32	0.093561644	4.29
10/04/2008	68.1	-0.095277778	2.24	0.056986301	3.33	0.102945205	4.42
11/04/2008	68.9	-0.111388889	2.11	0.056027397	3.33	0.098767123	4.36
15/04/2008	71	-0.117222222	2.07	0.053013699	3.31	0.098493151	4.36
16/04/2008	72	-0.129444444	1.97	0.050410959	3.3	0.089178082	4.23
17/04/2008	74	-0.15	1.81	0.049178082	3.29	0.084109589	4.16
21/04/2008	73.95	-0.159722222	1.73	0.052191781	3.31	0.080890411	4.12
22/04/2008	76.4	-0.173055556	1.62	0.042465753	3.25	0.083013699	4.15
23/04/2008	78	-0.186111111	1.52	0.034109589	3.2	0.076712329	4.06
24/04/2008	74.85	-0.176944444	1.59	0.042876712	3.25	0.079589041	4.1
25/04/2008	73.95	-0.171944444	1.63	0.044657534	3.26	0.085958904	4.19
28/04/2008	73.95	-0.164722222	1.69	0.063972603	3.38	0.088287671	4.22
29/04/2008	75.4	-0.1775	1.59	0.071506849	3.42	0.079520548	4.1
30/04/2008	74.25	-0.168055556	1.66	0.061917808	3.36	0.081027397	4.12
02/05/2008	76	-0.191666667	1.48	0.058630137	3.34	0.076917808	4.06
05/05/2008	74	-0.172222222	1.63	0.079178082	3.46	0.083287671	4.15
06/05/2008	73.7	-0.178611111	1.58	0.090684932	3.53	0.084520548	4.17
07/05/2008	74	-0.171666667	1.64	0.087671233	3.51	0.085890411	4.19
08/05/2008	74	-0.167222222	1.67	0.090273973	3.53	0.08609589	4.19
09/05/2008	72.05	-0.1525	1.79	0.101232877	3.59	0.094383562	4.3
12/05/2008	72	-0.175	1.61	0.09369863	3.55	0.095342466	4.32
13/05/2008	73.5	-0.181666667	1.56	0.08630137	3.51	0.095890411	4.32
14/05/2008	74.55	-0.195833333	1.44	0.091643836	3.54	0.099246575	4.37
15/05/2008	75	-0.181111111	1.56	0.079041096	3.46	0.098767123	4.36
16/05/2008	75.95	-0.196111111	1.44	0.065890411	3.39	0.101438356	4.4
20/05/2008	75.75	-0.194166667	1.46	0.06369863	3.37	0.099383562	4.37
21/05/2008	79.05	-0.216944444	1.28	0.061369863	3.36	0.093082192	4.29
22/05/2008	77	-0.202777778	1.39	0.057945205	3.34	0.090410959	4.25
23/05/2008	76.55	-0.200277778	1.41	0.056027397	3.33	0.084657534	4.17
26/05/2008	75	-0.184722222	1.53	0.076575342	3.45	0.095068493	4.31
27/05/2008	76	-0.195555556	1.45	0.073424658	3.43	0.089315068	4.23
28/05/2008	75.3	-0.182777778	1.55	0.075890411	3.45	0.095342466	4.32
29/05/2008	74.4	-0.185555556	1.53	0.078356164	3.46	0.092328767	4.27
30/05/2008	74	-0.178333333	1.58	0.084794521	3.5	0.092945205	4.28
02/06/2008	75	-0.186111111	1.52	0.098767123	3.58	0.094657534	4.31
03/06/2008	72.6	-0.173333333	1.62	0.116575342	3.68	0.100547945	4.39
04/06/2008	73.5	-0.180555556	1.57	0.094520548	3.55	0.099041096	4.37
05/06/2008	74	-0.183888889	1.54	0.131506849	3.77	0.094520548	4.3
06/06/2008	73.5	-0.185277778	1.53	0.130273973	3.76	0.104794521	4.45
09/06/2008	73.6	-0.184444444	1.53	0.127808219	3.75	0.109794521	4.52
10/06/2008	74.45	-0.193611111	1.46	0.11109589	3.65	0.109452055	4.51
11/06/2008	72.95	-0.194166667	1.46	0.094657534	3.56	0.11239726	4.55
12/06/2008	71.5	-0.186111111	1.52	0.112054795	3.66	0.112945205	4.56
13/06/2008	72.9	-0.201944444	1.4	0.11260274	3.66	0.11109589	4.53
16/06/2008	74.5	-0.216666667	1.28	0.093972603	3.55	0.107671233	4.49
17/06/2008	75.9	-0.231111111	1.16	0.089589041	3.53	0.108356164	4.5
18/06/2008	74.5	-0.211666667	1.32	0.079452055	3.47	0.111369863	4.54
19/06/2008	71.7	-0.195277778	1.45	0.099452055	3.58	0.120958904	4.67
20/06/2008	73.8	-0.202222222	1.39	0.096438356	3.57	0.116164384	4.6
23/06/2008	73.8	-0.188611111	1.5	0.104109589	3.61	0.121780822	4.68
24/06/2008	71	-0.176111111	1.6	0.109726027	3.64	0.119315068	4.65
25/06/2008	66.1	-0.141111111	1.88	0.142191781	3.83	0.127876712	4.77
26/06/2008	70	-0.175	1.61	0.123287671	3.72	0.123493151	4.7
27/06/2008	66.5	-0.151666667	1.79	0.127945205	3.75	0.128082192	4.77
30/06/2008	63.9	-0.1275	1.99	0.131780822	3.77	0.128150685	4.77
01/07/2008	65.5	-0.142222222	1.87	0.134520548	3.79	0.126712329	4.75
02/07/2008	63.45	-0.13	1.97	0.138493151	3.81	0.129931507	4.79
03/07/2008	65.05	-0.134166667	1.93	0.132328767	3.78	0.129178082	4.78
04/07/2008	62	-0.117777778	2.06	0.141506849	3.83	0.13630137	4.88
07/07/2008	64.5	-0.13	1.97	0.133150685	3.78	0.132260274	4.83
08/07/2008	67.45	-0.143055556	1.86	0.121369863	3.71	0.127739726	4.76
09/07/2008	64.95	-0.126388889	2	0.135068493	3.79	0.128219178	4.77
10/07/2008	64.95	-0.122777778	2.02	0.130958904	3.77	0.130616438	4.8
11/07/2008	65.45	-0.11	2.13	0.131643836	3.77	0.132739726	4.83
14/07/2008	62.65	-0.098055556	2.22	0.137123288	3.8	0.13630137	4.88
15/07/2008	62.25	-0.068611111	2.45	0.139041096	3.82	0.138013699	4.91
16/07/2008	61.35	-0.073888889	2.41	0.138493151	3.81	0.135205479	4.87
17/07/2008	61.35	-0.074166667	2.41	0.138493151	3.81	0.135616438	4.87
18/07/2008	65	-0.095555556	2.24	0.131506849	3.77	0.125205479	4.73
21/07/2008	65.15	-0.095833333	2.24	0.125753425	3.74	0.121712329	4.68
22/07/2008	64.2	-0.070555556	2.44	0.136438356	3.8	0.12760274	4.76
23/07/2008	66.95	-0.094166667	2.25	0.131643836	3.77	0.12369863	4.71
24/07/2008	70.4	-0.110555556	2.12	0.124657534	3.73	0.116438356	4.61
25/07/2008	67.9	-0.094722222	2.25	0.14	3.82	0.122739726	4.69
28/07/2008	68.45	-0.083333333	2.34	0.150547945	3.88	0.115410959	4.59
29/07/2008	69	-0.089166667	2.29	0.144657534	3.85	0.111917808	4.55
30/07/2008	68.5	-0.076944444	2.39	0.137534247	3.81	0.111643836	4.54
31/07/2008	69.5	-0.091666667	2.27	0.13	3.76	0.109589041	4.51
01/08/2008	68	-0.077222222	2.39	0.14260274	3.84	0.117671233	4.62
04/08/2008	69.05	-0.093611111	2.26	0.141506849	3.83	0.122191781	4.69
05/08/2008	69.95	-0.100833333	2.2	0.145205479	3.85	0.127260274	4.76
06/08/2008	72.95	-0.1175	2.07	0.130547945	3.77	0.131643836	4.82
07/08/2008	72.95	-0.113611111	2.1	0.123972603	3.73	0.126643836	4.75
08/08/2008	71.5	-0.105	2.17	0.135342466	3.79	0.125342466	4.73
11/08/2008	72.9	-0.116944444	2.07	0.129041096	3.76	0.124246575	4.72
12/08/2008	72.05	-0.1225	2.03	0.129452055	3.76	0.123219178	4.7
13/08/2008	71.8	-0.115555556	2.08	0.125479452	3.74	0.125547945	4.73
14/08/2008	72	-0.105833333	2.16	0.130136986	3.76	0.130821918	4.81
18/08/2008	72	-0.099444444	2.21	0.131369863	3.77	0.13760274	4.9
19/08/2008	72.45	-0.108611111	2.14	0.119315068	3.7	0.132191781	4.83
20/08/2008	70.2	-0.106666667	2.15	0.111506849	3.65	0.13130137	4.81
21/08/2008	70.9	-0.106388889	2.15	0.101917808	3.6	0.128835616	4.78
22/08/2008	68.5	-0.074444444	2.41	0.12109589	3.71	0.130342466	4.8
25/08/2008	69.95	-0.083055556	2.34	0.120410959	3.71	0.128972603	4.78
26/08/2008	69.3	-0.048888889	2.61	0.130136986	3.76	0.137534247	4.9
27/08/2008	69.3	-0.026944444	2.79	0.130684932	3.77	0.136575342	4.89
28/08/2008	70.1	-0.033888889	2.73	0.109315068	3.64	0.142945205	4.97
29/08/2008	70	-0.043888889	2.65	0.109863014	3.64	0.12760274	4.76
01/09/2008	69.1	-0.022222222	2.82	0.104657534	3.61	0.118356164	4.63
02/09/2008	70.8	-0.029444444	2.77	0.108493151	3.64	0.107945205	4.49
04/09/2008	69.9	-0.03	2.76	0.111232877	3.65	0.111712329	4.54
05/09/2008	68.8	-0.017777778	2.86	0.119315068	3.7	0.11260274	4.55
08/09/2008	69.9	0.011388889	3.05	0.113424658	3.67	0.108356164	4.5
09/09/2008	69.35	0.001944444	3.01	0.116575342	3.68	0.109726027	4.51
10/09/2008	67.25	0.026388889	3.11	0.114383562	3.67	0.121712329	4.68
11/09/2008	66.95	0.030833333	3.13	0.113013699	3.66	0.117945205	4.63
12/09/2008	68	0.052777778	3.22	0.112054795	3.66	0.110273973	4.52
15/09/2008	65.25	0.058888889	3.25	0.114246575	3.67	0.117465753	4.62
16/09/2008	58	0.076666667	3.32	0.131506849	3.77	0.119520548	4.65
17/09/2008	63.8	0.039722222	3.17	0.116438356	3.68	0.119452055	4.65
18/09/2008	63	0.055555556	3.23	0.117808219	3.69	0.116575342	4.61
19/09/2008	64.5	0.041666667	3.17	0.121917808	3.72	0.124109589	4.71
22/09/2008	64.05	0.011944444	3.05	0.122328767	3.72	0.122191781	4.69
23/09/2008	62	0.044444444	3.19	0.136438356	3.8	0.136849315	4.89
24/09/2008	60.15	0.050833333	3.21	0.141780822	3.83	0.136575342	4.89
25/09/2008	62.35	0.021944444	3.09	0.134383562	3.79	0.131164384	4.81
26/09/2008	64.45	0.003055556	3.01	0.125616438	3.74	0.122945205	4.7
29/09/2008	61.95	0.029166667	3.12	0.148082192	3.87	0.119589041	4.65
30/09/2008	60	0.028333333	3.12	0.137123288	3.8	0.126027397	4.74
01/10/2008	60.4	0.061388889	3.26	0.133150685	3.78	0.126849315	4.75
03/10/2008	62	0.060833333	3.25	0.13	3.76	0.126369863	4.74
06/10/2008	62.1	0.049444444	3.21	0.134383562	3.79	0.123150685	4.7
07/10/2008	62.9	0.043888889	3.18	0.135205479	3.79	0.120821918	4.67
08/10/2008	62.45	0.048055556	3.2	0.149452055	3.88	0.111164384	4.53
10/10/2008	52.5	0.092777778	3.39	0.175205479	4.03	0.133561644	4.84
13/10/2008	56.1	0.063333333	3.27	0.158630137	3.93	0.129383562	4.79
14/10/2008	58.7	0.065277778	3.27	0.152465753	3.89	0.118356164	4.63
15/10/2008	59	0.052777778	3.22	0.150958904	3.89	0.116712329	4.61
16/10/2008	58	0.031944444	3.13	0.15890411	3.93	0.120479452	4.66
17/10/2008	56.7	0.066666667	3.28	0.165205479	3.97	0.123082192	4.7
20/10/2008	53.5	0.074444444	3.31	0.177945205	4.04	0.122191781	4.69
21/10/2008	51.9	0.093611111	3.39	0.189041096	4.11	0.115890411	4.6
22/10/2008	51.5	0.080555556	3.34	0.197945205	4.16	0.109589041	4.51
23/10/2008	50	0.085833333	3.36	0.202191781	4.19	0.126575342	4.75
24/10/2008	52	0.080833333	3.34	0.195753425	4.15	0.112191781	4.55
27/10/2008	48.7	0.126666667	3.53	0.203561644	4.19	0.120958904	4.67
28/10/2008	50.5	0.119166667	3.5	0.195342466	4.15	0.11130137	4.54
29/10/2008	52	0.162222222	3.68	0.187534247	4.1	0.112054795	4.55
31/10/2008	49.7	0.151944444	3.64	0.19630137	4.15	0.114109589	4.58
03/11/2008	50.4	0.149166667	3.62	0.190684932	4.12	0.115753425	4.6
04/11/2008	48.95	0.139722222	3.59	0.194109589	4.14	0.116506849	4.61
05/11/2008	51	0.138888889	3.58	0.185205479	4.09	0.109726027	4.51
06/11/2008	47	0.194444444	3.81	0.196575342	4.15	0.120068493	4.66
07/11/2008	47.25	0.192777778	3.81	0.196986301	4.16	0.117260274	4.62
10/11/2008	49.2	0.176666667	3.74	0.190958904	4.12	0.108630137	4.5
11/11/2008	50.7	0.193333333	3.81	0.188767123	4.11	0.110410959	4.52
12/11/2008	50.25	0.1825	3.76	0.195890411	4.15	0.106575342	4.47
14/11/2008	48.25	0.204444444	3.86	0.204794521	4.2	0.114041096	4.57
17/11/2008	46.35	0.251388889	4.05	0.206712329	4.21	0.119315068	4.65
18/11/2008	43	0.26	4.09	0.215753425	4.27	0.122328767	4.69
19/11/2008	44.9	0.233333333	3.98	0.218767123	4.28	0.118219178	4.63
20/11/2008	43.6	0.218333333	3.91	0.217260274	4.27	0.119726027	4.65
21/11/2008	42.9	0.228888889	3.96	0.217260274	4.27	0.122328767	4.69
24/11/2008	43.5	0.209166667	3.88	0.211506849	4.24	0.127054795	4.75
25/11/2008	44.8	0.202222222	3.85	0.208767123	4.23	0.125410959	4.73
26/11/2008	41.5	0.239166667	4	0.219726027	4.29	0.126849315	4.75
28/11/2008	39	0.270555556	4.13	0.219178082	4.29	0.134931507	4.86
01/12/2008	39.45	0.260833333	4.09	0.221369863	4.3	0.129863014	4.79
02/12/2008	38.95	0.253055556	4.06	0.219863014	4.29	0.125205479	4.73
03/12/2008	38.9	0.253333333	4.06	0.220273973	4.29	0.112876712	4.56
04/12/2008	38.2	0.257222222	4.08	0.22	4.29	0.111780822	4.54
05/12/2008	39.4	0.250555556	4.05	0.223013699	4.31	0.103150685	4.42
08/12/2008	39.6	0.268888889	4.13	0.216986301	4.27	0.096438356	4.33
10/12/2008	39.85	0.264722222	4.11	0.214520548	4.26	0.102945205	4.42
11/12/2008	41	0.25	4.05	0.213424658	4.25	0.108013699	4.49
12/12/2008	42.9	0.236666667	3.99	0.202739726	4.19	0.109726027	4.51
15/12/2008	46.55	0.244722222	4.03	0.179589041	4.05	0.101986301	4.41
16/12/2008	46.9	0.255	4.07	0.184794521	4.08	0.101506849	4.4
17/12/2008	47	0.266666667	4.12	0.182054795	4.07	0.106917808	4.48
18/12/2008	45.95	0.266944444	4.12	0.177671233	4.04	0.109589041	4.51
19/12/2008	46.3	0.249166667	4.04	0.185479452	4.09	0.107671233	4.49
22/12/2008	48.6	0.235555556	3.99	0.192054795	4.13	0.099246575	4.37
23/12/2008	46	0.244444444	4.02	0.196849315	4.16	0.106986301	4.48
24/12/2008	46.5	0.25	4.05	0.198630137	4.17	0.106986301	4.48
25/12/2008	46.4	0.233333333	3.98	0.207123288	4.22	0.101369863	4.4
26/12/2008	46.6	0.236944444	3.99	0.203013699	4.19	0.09369863	4.29
29/12/2008	45.5	0.234444444	3.98	0.204657534	4.2	0.095068493	4.31
30/12/2008	48	0.222222222	3.93	0.197671233	4.16	0.090342466	4.25
31/12/2008	48.05	0.229444444	3.96	0.197945205	4.16	0.090342466	4.25
01/01/2009	48.9	0.233888889	3.98	0.195616438	4.15	0.089178082	4.23
02/01/2009	50.95	0.221388889	3.93	0.196575342	4.15	0.082465753	4.14
05/01/2009	48.85	0.234166667	3.98	0.205342466	4.2	0.089931507	4.24
06/01/2009	49.9	0.233611111	3.98	0.197534247	4.16	0.091917808	4.27
07/01/2009	48.7	0.242777778	4.02	0.203561644	4.19	0.093561644	4.29
08/01/2009	47	0.236388889	3.99	0.208219178	4.22	0.090890411	4.25
09/01/2009	45.2	0.236666667	3.99	0.218630137	4.28	0.098356164	4.36
12/01/2009	45.25	0.2425	4.02	0.234383562	4.38	0.098150685	4.36
13/01/2009	44.5	0.249166667	4.04	0.234109589	4.37	0.101438356	4.4
14/01/2009	43	0.263055556	4.1	0.231643836	4.36	0.104863014	4.45
15/01/2009	43	0.263333333	4.1	0.235616438	4.38	0.105479452	4.46
16/01/2009	44.3	0.264722222	4.11	0.235068493	4.38	0.108013699	4.49
19/01/2009	43.45	0.275277778	4.15	0.238082192	4.4	0.100890411	4.39
20/01/2009	44	0.266111111	4.11	0.235890411	4.38	0.104109589	4.44
21/01/2009	41.5	0.271944444	4.14	0.256164384	4.5	0.106712329	4.47
22/01/2009	43	0.263888889	4.11	0.232876712	4.37	0.10260274	4.42
23/01/2009	41.55	0.270555556	4.13	0.244794521	4.44	0.104726027	4.45
27/01/2009	43.1	0.301111111	4.26	0.239863014	4.41	0.099589041	4.37
28/01/2009	43.9	0.32	4.34	0.227945205	4.34	0.096849315	4.34
29/01/2009	44.6	0.290277778	4.22	0.22369863	4.31	0.092328767	4.27
30/01/2009	40.5	0.316111111	4.32	0.238356164	4.4	0.095068493	4.31
02/02/2009	40.8	0.345	4.45	0.23890411	4.4	0.08369863	4.16
03/02/2009	39.3	0.375	4.57	0.25260274	4.48	0.091369863	4.26
04/02/2009	42.4	0.353333333	4.48	0.25369863	4.49	0.091369863	4.26
05/02/2009	40.65	0.368333333	4.54	0.255753425	4.5	0.09	4.24
06/02/2009	40.8	0.378888889	4.59	0.266849315	4.57	0.086643836	4.2
09/02/2009	40	0.367777778	4.54	0.273972603	4.61	0.084520548	4.17
10/02/2009	40.5	0.358333333	4.5	0.260410959	4.53	0.09369863	4.29
11/02/2009	40.5	0.375	4.57	0.259589041	4.52	0.089452055	4.23
12/02/2009	41.75	0.345	4.45	0.25630137	4.5	0.091438356	4.26
13/02/2009	40.8	0.328888889	4.38	0.25260274	4.48	0.095136986	4.31
16/02/2009	42.4	0.314444444	4.32	0.245616438	4.44	0.098630137	4.36
17/02/2009	41	0.335833333	4.41	0.25890411	4.52	0.102191781	4.41
18/02/2009	41.9	0.3125	4.31	0.254109589	4.49	0.101575342	4.4
19/02/2009	41.5	0.308333333	4.29	0.265753425	4.56	0.103013699	4.42
20/02/2009	41.4	0.341944444	4.43	0.261232877	4.53	0.10739726	4.48
24/02/2009	41	0.343333333	4.44	0.273972603	4.61	0.107945205	4.49
25/02/2009	40.9	0.345	4.45	0.276986301	4.63	0.109726027	4.51
26/02/2009	40.15	0.349166667	4.46	0.29	4.7	0.110410959	4.52
27/02/2009	40.4	0.358611111	4.5	0.280547945	4.65	0.115479452	4.59
02/03/2009	39.6	0.396944444	4.66	0.278493151	4.63	0.114246575	4.58
03/03/2009	38	0.428611111	4.8	0.280547945	4.65	0.114383562	4.58
04/03/2009	38	0.388888889	4.63	0.294383562	4.73	0.113835616	4.57
05/03/2009	36.55	0.474722222	4.99	0.286164384	4.68	0.122260274	4.69
06/03/2009	35.5	0.475277778	4.99	0.302739726	4.78	0.128356164	4.77
09/03/2009	34.3	0.4775	5	0.303013699	4.78	0.13239726	4.83
12/03/2009	36.4	0.436666667	4.83	0.289315068	4.7	0.126643836	4.75
13/03/2009	36.55	0.394166667	4.65	0.287671233	4.69	0.125273973	4.73
16/03/2009	37.4	0.416666667	4.75	0.292054795	4.71	0.126712329	4.75
17/03/2009	39.85	0.411944444	4.73	0.281780822	4.65	0.125547945	4.73
18/03/2009	39.3	0.386111111	4.62	0.272328767	4.6	0.124315068	4.72
19/03/2009	40.7	0.377222222	4.58	0.285753425	4.68	0.12239726	4.69
20/03/2009	38.5	0.361111111	4.51	0.285479452	4.68	0.133630137	4.84
23/03/2009	39.2	0.382222222	4.6	0.295342466	4.73	0.135205479	4.87
24/03/2009	40.95	0.378055556	4.58	0.308356164	4.81	0.132328767	4.83
25/03/2009	39.9	0.399444444	4.67	0.309589041	4.82	0.126164384	4.74
26/03/2009	40.05	0.394444444	4.65	0.293561644	4.72	0.12390411	4.71
27/03/2009	40.9	0.428333333	4.79	0.288767123	4.69	0.133150685	4.84
30/03/2009	40.8	0.412222222	4.73	0.294383562	4.73	0.129178082	4.78
31/03/2009	41.1	0.400555556	4.68	0.298356164	4.75	0.131369863	4.81
01/04/2009	41.7	0.390555556	4.64	0.29369863	4.72	0.130547945	4.8
02/04/2009	42.2	0.402222222	4.68	0.291643836	4.71	0.135890411	4.88
06/04/2009	42.85	0.395277778	4.66	0.316575342	4.86	0.135821918	4.88
07/04/2009	45.65	0.376111111	4.58	0.315479452	4.85	0.125616438	4.73
08/04/2009	45	0.381388889	4.6	0.328767123	4.93	0.129726027	4.79
09/04/2009	49.9	0.351111111	4.47	0.290821918	4.71	0.119452055	4.65
10/04/2009	48.05	0.353888889	4.48	0.307945205	4.81	0.113150685	4.56
13/04/2009	48	0.368055556	4.54	0.302328767	4.77	0.123287671	4.7
14/04/2009	47.8	0.360833333	4.51	0.310136986	4.82	0.119452055	4.65
15/04/2009	47.9	0.364444444	4.53	0.322328767	4.89	0.117945205	4.63
16/04/2009	51.5	0.34	4.42	0.318356164	4.87	0.117123288	4.62
17/04/2009	50	0.35	4.47	0.295068493	4.73	0.115068493	4.59
20/04/2009	50.5	0.341111111	4.43	0.311232877	4.83	0.115753425	4.6
21/04/2009	50.85	0.339166667	4.42	0.29630137	4.74	0.11390411	4.57
22/04/2009	53.45	0.330833333	4.39	0.28369863	4.66	0.109109589	4.51
23/04/2009	52.95	0.322777778	4.35	0.284383562	4.67	0.110684932	4.53
24/04/2009	54.65	0.329722222	4.38	0.279726027	4.64	0.108630137	4.5
27/04/2009	53	0.344444444	4.44	0.298630137	4.75	0.115821918	4.6
28/04/2009	54.1	0.343333333	4.44	0.309315068	4.82	0.118219178	4.63
29/04/2009	52.2	0.371111111	4.55	0.309726027	4.82	0.128493151	4.77
30/04/2009	51.8	0.397777778	4.67	0.305205479	4.79	0.129041096	4.78
01/05/2009	51.8	0.388888889	4.63	0.30739726	4.8	0.123561644	4.71
04/05/2009	52.5	0.367777778	4.54	0.310136986	4.82	0.126575342	4.75
05/05/2009	52.6	0.3575	4.5	0.315205479	4.85	0.12869863	4.78
06/05/2009	51.85	0.378888889	4.59	0.318219178	4.87	0.130342466	4.8
07/05/2009	50	0.392777778	4.65	0.334931507	4.97	0.130205479	4.8
08/05/2009	51	0.399722222	4.67	0.333424658	4.96	0.135821918	4.88
11/05/2009	52.95	0.375833333	4.57	0.32369863	4.9	0.127739726	4.76
12/05/2009	54.1	0.356111111	4.49	0.340821918	5	0.125684932	4.74
13/05/2009	52.9	0.377777778	4.58	0.330410959	4.94	0.130958904	4.81
14/05/2009	51	0.383333333	4.61	0.317534247	4.86	0.132671233	4.83
15/05/2009	51.75	0.375277778	4.57	0.304794521	4.79	0.12369863	4.71
18/05/2009	55.1	0.347222222	4.45	0.286027397	4.68	0.120821918	4.67
19/05/2009	55	0.358333333	4.5	0.282054795	4.66	0.132328767	4.83
20/05/2009	60.5	0.330277778	4.38	0.26739726	4.57	0.119657534	4.65
21/05/2009	64.45	0.286388889	4.2	0.259863014	4.52	0.110410959	4.52
22/05/2009	64	0.260555556	4.09	0.261643836	4.54	0.111438356	4.54
25/05/2009	62.1	0.255555556	4.07	0.263561644	4.55	0.114041096	4.57
26/05/2009	65.1	0.264444444	4.11	0.252876712	4.48	0.109383562	4.51
27/05/2009	65.5	0.268888889	4.13	0.245342466	4.44	0.104931507	4.45
28/05/2009	64.5	0.290555556	4.22	0.250684932	4.47	0.103424658	4.43
29/05/2009	65.6	0.285555556	4.2	0.240821918	4.41	0.097876712	4.35
01/06/2009	71.95	0.211388889	3.89	0.230821918	4.35	0.095821918	4.32
02/06/2009	69.7	0.224444444	3.94	0.24260274	4.42	0.093493151	4.29
03/06/2009	72	0.196111111	3.82	0.21	4.23	0.087945205	4.21
04/06/2009	72.5	0.210555556	3.88	0.249315068	4.46	0.092534247	4.28
05/06/2009	77.5	0.183333333	3.77	0.23890411	4.4	0.076712329	4.06
08/06/2009	75.85	0.202777778	3.85	0.24	4.41	0.074657534	4.03
09/06/2009	71.8	0.219444444	3.92	0.259452055	4.52	0.079041096	4.09
10/06/2009	70.95	0.2275	3.95	0.259041096	4.52	0.080890411	4.12
11/06/2009	73	0.2	3.84	0.261643836	4.54	0.07369863	4.02
12/06/2009	72	0.201111111	3.84	0.249315068	4.46	0.07130137	3.98
15/06/2009	66.2	0.237222222	3.99	0.272054795	4.6	0.079726027	4.1
16/06/2009	70	0.205277778	3.86	0.264109589	4.55	0.082191781	4.13
17/06/2009	69.3	0.203888889	3.85	0.270410959	4.59	0.081780822	4.13
18/06/2009	66.3	0.222222222	3.93	0.267945205	4.57	0.087123288	4.2
19/06/2009	65	0.227777778	3.95	0.268493151	4.58	0.086164384	4.19
22/06/2009	67.2	0.232222222	3.97	0.281369863	4.65	0.075205479	4.04
23/06/2009	65.1	0.242222222	4.01	0.27630137	4.62	0.081369863	4.12
24/06/2009	71.45	0.224166667	3.94	0.176575342	4.04	0.07609589	4.05
25/06/2009	72.95	0.216388889	3.91	0.22890411	4.34	0.071986301	3.99
26/06/2009	71	0.224444444	3.94	0.24630137	4.45	0.077671233	4.07
29/06/2009	70.8	0.219444444	3.92	0.25369863	4.49	0.070273973	3.97
30/06/2009	71.1	0.249444444	4.04	0.246575342	4.45	0.069383562	3.96
01/07/2009	69.2	0.226944444	3.95	0.265753425	4.56	0.069315068	3.96
02/07/2009	67.5	0.230555556	3.97	0.27890411	4.64	0.064931507	3.9
03/07/2009	70.45	0.216666667	3.91	0.278219178	4.63	0.069246575	3.96
06/07/2009	68.5	0.236944444	3.99	0.28630137	4.68	0.06890411	3.95
07/07/2009	63.75	0.269444444	4.13	0.29630137	4.74	0.079794521	4.1
08/07/2009	68.7	0.268333333	4.12	0.280273973	4.64	0.06890411	3.95
09/07/2009	66.9	0.275277778	4.15	0.260547945	4.53	0.069726027	3.96
10/07/2009	68.75	0.251388889	4.05	0.258493151	4.52	0.066438356	3.92
13/07/2009	66	0.268611111	4.13	0.282739726	4.66	0.074246575	4.03
14/07/2009	65.45	0.270277778	4.13	0.274657534	4.61	0.082534247	4.14
15/07/2009	66.55	0.274722222	4.15	0.263561644	4.55	0.082191781	4.13
16/07/2009	71.5	0.252777778	4.06	0.247123288	4.45	0.070547945	3.97
17/07/2009	71.95	0.258333333	4.08	0.245890411	4.44	0.061986301	3.86
20/07/2009	81.2	0.220555556	3.92	0.213150685	4.25	0.051506849	3.71
21/07/2009	77.05	0.259444444	4.09	0.237945205	4.4	0.052123288	3.72
22/07/2009	77.25	0.258611111	4.08	0.243287671	4.43	0.057945205	3.8
23/07/2009	74.1	0.274166667	4.15	0.24630137	4.45	0.069109589	3.95
24/07/2009	76	0.261111111	4.09	0.242465753	4.42	0.069109589	3.95
27/07/2009	82	0.221111111	3.93	0.239315068	4.4	0.062739726	3.87
28/07/2009	81.95	0.213888889	3.9	0.235753425	4.38	0.067123288	3.93
29/07/2009	81	0.224166667	3.94	0.239863014	4.41	0.071232877	3.98
30/07/2009	85.5	0.191666667	3.8	0.226027397	4.33	0.064452055	3.89
31/07/2009	83.1	0.203888889	3.85	0.23260274	4.36	0.066917808	3.92
03/08/2009	85.05	0.186388889	3.78	0.240684932	4.41	0.065547945	3.9
04/08/2009	91.6	0.150833333	3.63	0.211506849	4.24	0.061986301	3.86
05/08/2009	89.8	0.163055556	3.68	0.208219178	4.22	0.057465753	3.79
06/08/2009	86.9	0.177777778	3.74	0.197123288	4.16	0.066164384	3.91
07/08/2009	82.9	0.203888889	3.85	0.186575342	4.09	0.068630137	3.95
10/08/2009	84.1	0.209166667	3.88	0.188767123	4.11	0.07109589	3.98
11/08/2009	81.15	0.2325	3.97	0.199315068	4.17	0.074178082	4.02
12/08/2009	81.2	0.225555556	3.94	0.206575342	4.21	0.076849315	4.06
13/08/2009	84.55	0.206666667	3.87	0.195753425	4.15	0.075273973	4.04
14/08/2009	87.7	0.205833333	3.86	0.187123288	4.1	0.066849315	3.92
17/08/2009	86.4	0.202777778	3.85	0.143013699	3.84	0.067260274	3.93
18/08/2009	84.5	0.209444444	3.88	0.152054795	3.89	0.07260274	4
19/08/2009	84.5	0.201111111	3.84	0.147123288	3.86	0.074383562	4.03
20/08/2009	84.5	0.202777778	3.85	0.14109589	3.83	0.074863014	4.03
21/08/2009	84.5	0.206666667	3.87	0.132876712	3.78	0.073356164	4.01
24/08/2009	88	0.172222222	3.72	0.118356164	3.69	0.067465753	3.93
25/08/2009	87.5	0.181944444	3.76	0.115068493	3.68	0.068424658	3.94
26/08/2009	86	0.184444444	3.77	0.109041096	3.64	0.072123288	4
27/08/2009	85.5	0.187777778	3.79	0.120821918	3.71	0.072534247	4
28/08/2009	90.6	0.155	3.65	0.105205479	3.62	0.061712329	3.85
31/08/2009	92.8	0.155555556	3.65	0.090684932	3.53	0.064589041	3.89
01/09/2009	95	0.132222222	3.55	0.098630137	3.58	0.059178082	3.82
02/09/2009	94	0.134166667	3.56	0.102465753	3.6	0.059315068	3.82
03/09/2009	91.15	0.154166667	3.65	0.11	3.65	0.059315068	3.82
04/09/2009	91	0.143888889	3.6	0.098630137	3.58	0.057534247	3.79
07/09/2009	90	0.122777778	3.51	0.09260274	3.54	0.056849315	3.78
08/09/2009	91.5	0.126944444	3.53	0.092739726	3.54	0.053972603	3.75
09/09/2009	88.4	0.139166667	3.58	0.093424658	3.55	0.056986301	3.79
10/09/2009	89.25	0.119722222	3.5	0.115479452	3.68	0.056027397	3.77
11/09/2009	87.7	0.146111111	3.61	0.107671233	3.63	0.056986301	3.79
14/09/2009	88	0.170555556	3.71	0.123013699	3.72	0.056027397	3.77
15/09/2009	89.35	0.158333333	3.66	0.113835616	3.67	0.053356164	3.74
16/09/2009	91	0.155555556	3.65	0.104109589	3.61	0.050684932	3.7
17/09/2009	90.8	0.173333333	3.73	0.108767123	3.64	0.05130137	3.71
18/09/2009	91	0.165	3.69	0.069315068	3.41	0.051575342	3.71
21/09/2009	91.95	0.156944444	3.66	0.109726027	3.64	0.050068493	3.69
22/09/2009	92.4	0.154166667	3.65	0.109863014	3.64	0.050753425	3.7
23/09/2009	89.55	0.170833333	3.72	0.124794521	3.73	0.054863014	3.76
24/09/2009	87.8	0.180555556	3.76	0.13739726	3.81	0.058287671	3.8
25/09/2009	88.9	0.187777778	3.79	0.130136986	3.76	0.057671233	3.8
28/09/2009	89.35	0.191388889	3.8	0.147671233	3.87	0.055821918	3.77
29/09/2009	90.35	0.175833333	3.74	0.138767123	3.81	0.054452055	3.75
30/09/2009	90.4	0.181111111	3.76	0.143835616	3.84	0.05630137	3.78
01/10/2009	91.95	0.1725	3.72	0.12369863	3.73	0.05630137	3.78
02/10/2009	93	0.177777778	3.74	0.116164384	3.68	0.05630137	3.78
05/10/2009	91.9	0.216111111	3.91	0.11260274	3.66	0.05609589	3.77
06/10/2009	90.45	0.219444444	3.92	0.127534247	3.75	0.053356164	3.74
07/10/2009	90.5	0.205833333	3.86	0.119178082	3.7	0.053013699	3.73
08/10/2009	90.25	0.215277778	3.9	0.116986301	3.69	0.052191781	3.72
09/10/2009	97.3	0.182222222	3.76	0.107945205	3.63	0.042123288	3.58
12/10/2009	101.5	0.160277778	3.67	0.10109589	3.59	0.037739726	3.52
13/10/2009	96.85	0.184722222	3.77	0.100273973	3.59	0.050958904	3.7
14/10/2009	97.4	0.208888889	3.87	0.098630137	3.58	0.051849315	3.72
15/10/2009	102.9	0.139444444	3.58	0.080136986	3.47	0.045273973	3.63
16/10/2009	106.8	0.133888889	3.56	0.076712329	3.45	0.034589041	3.48
19/10/2009	106	0.136944444	3.57	0.080547945	3.47	0.034931507	3.48
20/10/2009	106.95	0.111944444	3.47	0.081506849	3.48	0.036643836	3.51
21/10/2009	109	0.095833333	3.4	0.07630137	3.45	0.040753425	3.56
22/10/2009	106.2	0.118333333	3.5	0.095205479	3.56	0.050958904	3.7
23/10/2009	105	0.127777778	3.54	0.100273973	3.59	0.05369863	3.74
26/10/2009	108	0.130555556	3.55	0.097260274	3.57	0.051986301	3.72
27/10/2009	103.85	0.173055556	3.72	0.118219178	3.69	0.055684932	3.77
28/10/2009	100	0.188888889	3.79	0.129041096	3.76	0.05890411	3.81
29/10/2009	99	0.217777778	3.91	0.139726027	3.82	0.059589041	3.82
30/10/2009	101.45	0.214166667	3.9	0.128356164	3.75	0.055958904	3.77
02/11/2009	98.15	0.207777778	3.87	0.133835616	3.79	0.063493151	3.88
03/11/2009	97	0.2125	3.89	0.126027397	3.74	0.066575342	3.92
04/11/2009	102.95	0.179722222	3.75	0.096986301	3.57	0.057054795	3.79
05/11/2009	102.8	0.167777778	3.7	0.113972603	3.67	0.058082192	3.8
06/11/2009	103	0.161388889	3.68	0.104657534	3.61	0.055547945	3.77
09/11/2009	103	0.180555556	3.76	0.114794521	3.67	0.060410959	3.83
10/11/2009	104.95	0.165	3.69	0.100958904	3.59	0.061643836	3.85
11/11/2009	111.05	0.1525	3.64	0.084383562	3.5	0.044041096	3.61
12/11/2009	115.15	0.12	3.5	0.079315068	3.47	0.039931507	3.55
13/11/2009	108	0.183333333	3.77	0.104109589	3.61	0.05609589	3.77
16/11/2009	122	0.111111111	3.47	0.065205479	3.38	0.035616438	3.49
17/11/2009	121.05	0.138611111	3.58	0.060136986	3.35	0.043082192	3.59
18/11/2009	120.25	0.125277778	3.52	0.081506849	3.48	0.045684932	3.63
19/11/2009	115	0.145833333	3.61	0.106164384	3.62	0.052945205	3.73
20/11/2009	107.5	0.182777778	3.77	0.128356164	3.75	0.060958904	3.84
23/11/2009	112.4	0.183611111	3.77	0.116712329	3.68	0.057808219	3.8
24/11/2009	114	0.15	3.63	0.109452055	3.64	0.053287671	3.74
25/11/2009	108.8	0.206666667	3.87	0.123835616	3.73	0.062465753	3.86
26/11/2009	108.6	0.201666667	3.84	0.121917808	3.72	0.056712329	3.78
27/11/2009	103.5	0.213888889	3.9	0.14109589	3.83	0.070547945	3.97
30/11/2009	108	0.186388889	3.78	0.130958904	3.77	0.061232877	3.85
01/12/2009	109	0.194444444	3.81	0.139726027	3.82	0.056164384	3.78
02/12/2009	111.8	0.171666667	3.72	0.128219178	3.75	0.057534247	3.79
03/12/2009	111.05	0.153611111	3.64	0.141506849	3.83	0.065	3.9
04/12/2009	118	0.15	3.63	0.109863014	3.64	0.054794521	3.76
07/12/2009	115	0.153888889	3.64	0.121780822	3.71	0.066986301	3.92
08/12/2009	113.2	0.187777778	3.79	0.128630137	3.75	0.047671233	3.66
09/12/2009	112	0.230555556	3.97	0.131506849	3.77	0.041643836	3.57
10/12/2009	114.6	0.212777778	3.89	0.11739726	3.69	0.034246575	3.47
11/12/2009	114	0.184444444	3.77	0.120547945	3.71	0.035410959	3.49
14/12/2009	113.35	0.183055556	3.77	0.123150685	3.72	0.036506849	3.5
15/12/2009	113.65	0.192222222	3.81	0.125205479	3.73	0.034726027	3.48
16/12/2009	113.1	0.205	3.86	0.13260274	3.78	0.038013699	3.52
17/12/2009	111.75	0.206388889	3.86	0.135068493	3.79	0.036232877	3.5
18/12/2009	114.25	0.191111111	3.8	0.127260274	3.75	0.038150685	3.53
21/12/2009	112.75	0.253611111	4.06	0.125479452	3.74	0.040753425	3.56
22/12/2009	113.5	0.262777778	4.1	0.128219178	3.75	0.039246575	3.54
23/12/2009	112.7	0.290555556	4.22	0.136027397	3.8	0.038767123	3.54
24/12/2009	113	0.239166667	4	0.134657534	3.79	0.035068493	3.48
25/12/2009	111.9	0.269722222	4.13	0.14	3.82	0.038493151	3.53
28/12/2009	111.9	0.258055556	4.08	0.131917808	3.77	0.04109589	3.57
29/12/2009	113	0.266666667	4.12	0.129726027	3.76	0.035479452	3.49
30/12/2009	111.05	0.302777778	4.27	0.124246575	3.73	0.038287671	3.53
31/12/2009	114	0.298333333	4.25	0.109589041	3.64	0.034246575	3.47
01/01/2010	115	0.237222222	3.99	0.116027397	3.68	0.03390411	3.47
04/01/2010	115.9	0.267777778	4.12	0.113287671	3.66	0.028356164	3.39
05/01/2010	119	0.222222222	3.93	0.099726027	3.59	0.027328767	3.38
06/01/2010	123.4	0.186666667	3.78	0.093424658	3.55	0.02369863	3.33
07/01/2010	121.8	0.194166667	3.81	0.084657534	3.5	0.023630137	3.33
08/01/2010	118.7	0.211388889	3.89	0.087671233	3.51	0.027671233	3.38
11/01/2010	116.95	0.250277778	4.05	0.090547945	3.53	0.032876712	3.45
12/01/2010	120.05	0.260833333	4.09	0.080684932	3.47	0.027671233	3.38
13/01/2010	120.7	0.2475	4.04	0.090958904	3.53	0.02890411	3.4
14/01/2010	122.95	0.223611111	3.94	0.096712329	3.57	0.030068493	3.42
15/01/2010	120.6	0.241111111	4.01	0.115753425	3.68	0.034794521	3.48
18/01/2010	118.2	0.263888889	4.11	0.139315068	3.82	0.035684932	3.49
19/01/2010	120.9	0.259722222	4.09	0.121917808	3.72	0.029589041	3.41
20/01/2010	120	0.266666667	4.12	0.117808219	3.69	0.036986301	3.51
21/01/2010	119.3	0.294166667	4.23	0.121369863	3.71	0.037808219	3.52
22/01/2010	117.6	0.306111111	4.28	0.121643836	3.71	0.040753425	3.56
25/01/2010	119.5	0.286666667	4.2	0.120410959	3.71	0.037808219	3.52
26/01/2010	119.95	0.325277778	4.36	0.130273973	3.76	0.039041096	3.54
27/01/2010	116	0.319444444	4.34	0.154657534	3.91	0.046506849	3.64
28/01/2010	110.9	0.311111111	4.3	0.159041096	3.93	0.052123288	3.72
29/01/2010	108.1	0.305	4.28	0.158767123	3.93	0.051164384	3.71
01/02/2010	112.7	0.26	4.09	0.143150685	3.84	0.041369863	3.57
02/02/2010	113.9	0.244722222	4.03	0.13630137	3.8	0.035958904	3.5
03/02/2010	116.8	0.229444444	3.96	0.129589041	3.76	0.032054795	3.44
04/02/2010	117	0.235	3.98	0.144383562	3.85	0.035136986	3.49
05/02/2010	110	0.275	4.15	0.161643836	3.95	0.044178082	3.61
08/02/2010	110.1	0.267777778	4.12	0.17630137	4.03	0.045410959	3.63
09/02/2010	107.3	0.278333333	4.17	0.153013699	3.9	0.046986301	3.65
10/02/2010	110.4	0.248055556	4.04	0.123561644	3.73	0.035958904	3.5
11/02/2010	110.5	0.252777778	4.06	0.107123288	3.63	0.035136986	3.49
15/02/2010	112.35	0.228611111	3.96	0.107123288	3.63	0.032671233	3.45
16/02/2010	111.3	0.249444444	4.04	0.108767123	3.64	0.039315068	3.54
17/02/2010	111.9	0.2575	4.08	0.101643836	3.6	0.039931507	3.55
18/02/2010	109	0.220277778	3.92	0.110821918	3.65	0.048493151	3.67
19/02/2010	108.2	0.307222222	4.29	0.131232877	3.77	0.049520548	3.68
22/02/2010	108.9	0.31	4.3	0.120958904	3.71	0.046643836	3.64
23/02/2010	106.95	0.313888889	4.31	0.113835616	3.67	0.048835616	3.67
24/02/2010	106	0.336111111	4.41	0.123287671	3.72	0.049794521	3.69
25/02/2010	106.3	0.328888889	4.38	0.106712329	3.63	0.055890411	3.77
26/02/2010	106	0.347222222	4.45	0.123287671	3.72	0.05890411	3.81
02/03/2010	109	0.3	4.26	0.107123288	3.63	0.049863014	3.69
03/03/2010	108.7	0.315555556	4.32	0.127123288	3.75	0.048356164	3.67
04/03/2010	111.8	0.303333333	4.27	0.113561644	3.67	0.041369863	3.57
05/03/2010	111.9	0.311666667	4.31	0.136986301	3.8	0.043630137	3.6
08/03/2010	111.4	0.292777778	4.23	0.132739726	3.78	0.050136986	3.69
09/03/2010	110.3	0.292777778	4.23	0.130958904	3.77	0.044794521	3.62
10/03/2010	116	0.299444444	4.25	0.104657534	3.61	0.014383562	3.2
11/03/2010	110.05	0.310555556	4.3	0.10739726	3.63	0.02260274	3.31
12/03/2010	109	0.149444444	3.63	0.117808219	3.69	0.02369863	3.33
15/03/2010	109.45	0.261388889	4.09	0.119315068	3.7	0.022534247	3.31
16/03/2010	111.15	0.276388889	4.16	0.118082192	3.69	0.019041096	3.26
17/03/2010	112.25	0.284166667	4.19	0.10890411	3.64	0.015958904	3.22
18/03/2010	117	0.245	4.03	0.093424658	3.55	0.005616438	3.08
19/03/2010	116.45	0.276388889	4.16	0.074383562	3.44	0.004931507	3.07
22/03/2010	114	0.307222222	4.29	0.098630137	3.58	0.01369863	3.19
23/03/2010	114.35	0.320277778	4.34	0.099178082	3.58	0.011849315	3.16
25/03/2010	114.1	0.327222222	4.37	0.084931507	3.5	0.012876712	3.18
26/03/2010	116	0.310555556	4.3	0.077260274	3.45	0.010273973	3.14
29/03/2010	117	0.3	4.26	0.079315068	3.47	0.006849315	3.09
30/03/2010	118.45	0.241944444	4.01	0.076986301	3.45	0.006232877	3.09
31/03/2010	120.9	0.234444444	3.98	0.059726027	3.35	0.003972603	3.05
01/04/2010	123.75	0.2525	4.06	0.034931507	3.2	-0.001027397	2.97
05/04/2010	123.8	0.232777778	3.97	0.02109589	3.12	0.009315068	3.13
06/04/2010	123.45	0.218333333	3.91	0.051917808	3.3	0.008219178	3.11
07/04/2010	123	0.215	3.9	0.029863014	3.18	0.012054795	3.17
08/04/2010	121.8	0.221666667	3.93	0.041643836	3.24	0.012260274	3.17
09/04/2010	120.45	0.214166667	3.9	0.030958904	3.18	0.010547945	3.15
12/04/2010	121.35	0.236388889	3.99	0.034109589	3.2	0.009794521	3.14
13/04/2010	120	0.255833333	4.07	0.035616438	3.21	0.012876712	3.18
15/04/2010	119.8	0.245555556	4.03	0.041369863	3.24	0.018561644	3.26
16/04/2010	118.6	0.255	4.07	0.042191781	3.25	0.018150685	3.25
19/04/2010	118.75	0.281111111	4.18	0.033835616	3.2	0.015547945	3.21
20/04/2010	119.15	0.271388889	4.14	0.042465753	3.25	0.007534247	3.1
21/04/2010	118.9	0.275833333	4.16	0.038219178	3.22	0.00890411	3.12
22/04/2010	119.6	0.268888889	4.13	0.024383562	3.14	0.000547945	3.01
23/04/2010	121.75	0.256944444	4.08	0.026164384	3.15	0.006369863	3.09
26/04/2010	123	0.277222222	4.16	0.013835616	3.08	0.003561644	3.05
27/04/2010	121.8	0.261111111	4.09	0.026575342	3.16	0.008013699	3.11
28/04/2010	121.75	0.244722222	4.03	0.032054795	3.19	0.005821918	3.08
29/04/2010	124.75	0.189444444	3.79	0.020684932	3.12	0.002123288	3.03
30/04/2010	122.9	0.156111111	3.65	0.022739726	3.13	0.005821918	3.08
03/05/2010	122.2	0.171111111	3.72	0.024109589	3.14	0.007808219	3.11
04/05/2010	120.7	0.184444444	3.77	0.031506849	3.18	0.009794521	3.14
05/05/2010	121	0.197777778	3.83	0.041780822	3.25	0.009589041	3.13
06/05/2010	121.7	0.190555556	3.8	0.040136986	3.24	0.011849315	3.16
07/05/2010	119	0.205555556	3.86	0.041369863	3.24	0.010821918	3.15
10/05/2010	120.25	0.101944444	3.43	0.047260274	3.28	0.014178082	3.2
11/05/2010	119.2	0.115555556	3.48	0.041232877	3.24	0.014794521	3.2
12/05/2010	119.3	0.105	3.44	0.030273973	3.18	0.016027397	3.22
13/05/2010	118.5	0.097222222	3.41	0.007671233	3.05	0.014383562	3.2
14/05/2010	120.8	0.067777778	3.28	-0.002739726	2.96	0.009863014	3.14
17/05/2010	118.8	0.068888889	3.29	-0.011232877	2.86	0.00869863	3.12
18/05/2010	118.15	0.063055556	3.26	-0.022328767	2.71	0.012054795	3.17
19/05/2010	118.9	0.038333333	3.16	-0.010684932	2.86	0.00869863	3.12
20/05/2010	116.9	0.070555556	3.3	0.008082192	3.05	0.012260274	3.17
21/05/2010	112.1	0.093888889	3.39	0.029863014	3.18	0.017671233	3.24
24/05/2010	114.35	0.064166667	3.27	0.018219178	3.11	0.020684932	3.29
25/05/2010	113.45	0.0975	3.41	0.020684932	3.12	0.020273973	3.28
26/05/2010	110.8	0.114444444	3.48	0.039041096	3.23	0.024041096	3.33
27/05/2010	114	0.096111111	3.4	0.032739726	3.19	0.02260274	3.31
28/05/2010	118.7	0.046111111	3.19	0.016986301	3.1	0.01	3.14
31/05/2010	117.85	0.033055556	3.14	0.008767123	3.05	0.010616438	3.15
01/06/2010	119	0.035277778	3.15	0.013972603	3.08	-0.000410959	2.99
02/06/2010	122	0.002777778	3.01	0.007123288	3.04	0.002739726	3.04
03/06/2010	120.7	0.059444444	3.25	-0.000821918	2.99	0.001780822	3.02
04/06/2010	120.2	0.037777778	3.16	-0.014246575	2.82	0.001986301	3.03
07/06/2010	120.15	0.070833333	3.3	-0.014383562	2.82	-0.000136986	3
08/06/2010	120.3	0.058888889	3.25	-0.01739726	2.78	-0.001780822	2.94
09/06/2010	120.3	0.048333333	3.2	-0.017260274	2.78	-6.84932E-05	3
10/06/2010	122.7	0.043333333	3.18	-0.023835616	2.7	0.005273973	3.07
11/06/2010	123.8	-0.041666667	2.67	-0.034657534	2.56	0.002465753	3.03
14/06/2010	122	0.055555556	3.23	-0.020547945	2.74	0.009109589	3.13
15/06/2010	123	0.052777778	3.22	-0.016438356	2.79	0.006917808	3.1
16/06/2010	123	0.067222222	3.28	-0.016438356	2.79	0.017260274	3.24
17/06/2010	125	0.071944444	3.3	-0.031917808	2.59	0.010821918	3.15
18/06/2010	130.8	0.031111111	3.13	-0.037808219	2.52	0.003013699	3.04
21/06/2010	129.95	0.073888889	3.31	-0.035753425	2.54	0.01109589	3.15
22/06/2010	127.55	0.074722222	3.31	-0.024657534	2.68	0.017054795	3.24
23/06/2010	129	0.077222222	3.32	-0.025890411	2.67	0.006164384	3.09
24/06/2010	130.1	0.038888889	3.16	-0.027671233	2.65	0.003561644	3.05
25/06/2010	130.35	0.028055556	3.12	-0.019726027	2.75	0.00109589	3.02
28/06/2010	130.1	0.016111111	3.07	-0.035616438	2.54	0.00630137	3.09
29/06/2010	135	0.011111111	3.05	-0.04109589	2.47	0.002054795	3.03
30/06/2010	128	0.033333333	3.14	-0.023561644	2.7	0.014109589	3.19
01/07/2010	130.9	0.011388889	3.05	-0.035616438	2.54	0.009726027	3.13
02/07/2010	130.65	0.033611111	3.14	-0.034657534	2.56	0.006712329	3.09
05/07/2010	127.1	0.062777778	3.26	-0.030958904	2.6	0.013082192	3.18
06/07/2010	126.25	0.04	3.17	-0.031917808	2.59	0.014726027	3.2
07/07/2010	127.5	0.032777778	3.14	-0.042465753	2.46	0.013561644	3.19
08/07/2010	128	0.023055556	3.1	-0.049589041	2.37	0.012328767	3.17
09/07/2010	131.5	0.018333333	3.08	-0.08109589	1.96	0.006438356	3.09
12/07/2010	135	0.002222222	3.01	-0.079452055	1.98	0.009726027	3.13
13/07/2010	134	0.015	3.06	-0.068219178	2.13	0.010547945	3.15
14/07/2010	138.2	-0.0075	2.94	-0.087260274	1.88	0.003835616	3.05
15/07/2010	140	0.005277778	3.02	-0.098493151	1.74	0.001369863	3.02
16/07/2010	135.55	0.033611111	3.14	-0.092739726	1.81	0.000684932	3.01
19/07/2010	135.25	0.045833333	3.19	-0.072191781	2.08	0.001780822	3.02
20/07/2010	135.3	0.065	3.27	-0.080821918	1.97	0.006506849	3.09
21/07/2010	133	0.078333333	3.33	-0.067123288	2.14	0.009383562	3.13
22/07/2010	132.05	0.099722222	3.42	-0.059726027	2.24	0.013561644	3.19
23/07/2010	135.5	0.071111111	3.3	-0.057808219	2.26	0.002876712	3.04
26/07/2010	134.65	0.068611111	3.29	-0.052191781	2.33	0.004246575	3.06
27/07/2010	138.5	0.025	3.1	-0.061506849	2.21	-0.002054795	2.93
28/07/2010	136.75	0.008888889	3.04	-0.054931507	2.3	0.002534247	3.03
29/07/2010	141	0.018888889	3.08	-0.058082192	2.26	-0.000890411	2.97
30/07/2010	142	-0.004444444	2.96	-0.060821918	2.22	-0.003493151	2.88
02/08/2010	146	-0.006111111	2.95	-0.068493151	2.12	-0.008630137	2.71
03/08/2010	142.8	-0.005555556	2.96	-0.060410959	2.23	-0.007191781	2.76
04/08/2010	141.25	0.003333333	3.01	-0.045342466	2.42	-0.015684932	2.47
05/08/2010	140.4	0.020555556	3.09	-0.047671233	2.39	-0.012945205	2.56
06/08/2010	145.45	0.003055556	3.01	-0.065616438	2.16	-0.026643836	2.1
09/08/2010	141	0.026666667	3.11	-0.054520548	2.3	-0.020342466	2.32
10/08/2010	146	-0.016666667	2.87	-0.055342466	2.29	-0.026027397	2.12
11/08/2010	144.9	0.028333333	3.12	-0.043013699	2.45	-0.026164384	2.12
12/08/2010	142	0.065277778	3.27	-0.030273973	2.61	-0.026849315	2.1
13/08/2010	141.55	0.071111111	3.3	-0.034794521	2.56	-0.024863014	2.16
16/08/2010	144	0.061111111	3.26	-0.043835616	2.44	-0.032465753	1.91
17/08/2010	142.7	0.0625	3.26	-0.035068493	2.55	-0.027123288	2.09
18/08/2010	138.7	0.085	3.36	-0.019726027	2.75	-0.024452055	2.18
19/08/2010	145	0.045	3.19	-0.040958904	2.48	-0.031369863	1.94
20/08/2010	142.7	0.068333333	3.29	-0.034657534	2.56	-0.025616438	2.14
23/08/2010	147	0.048888889	3.2	-0.03	2.62	-0.035273973	1.81
24/08/2010	153.5	0.036111111	3.15	-0.042739726	2.45	-0.04390411	1.52
25/08/2010	152.9	0.031666667	3.13	-0.042054795	2.46	-0.041027397	1.62
26/08/2010	147.2	0.086111111	3.36	-0.041643836	2.47	-0.035616438	1.8
27/08/2010	146.3	0.065555556	3.27	-0.043287671	2.45	-0.035342466	1.81
30/08/2010	148.25	0.062222222	3.26	-0.027808219	2.64	-0.034589041	1.84
31/08/2010	150	0.056388889	3.24	-0.040821918	2.48	-0.03630137	1.78
01/09/2010	148.9	0.061666667	3.26	-0.03260274	2.58	-0.035479452	1.81
02/09/2010	148.65	0.048888889	3.2	-0.031917808	2.59	-0.035342466	1.81
03/09/2010	158.4	-0.002222222	2.98	-0.046575342	2.4	-0.049315068	1.34
06/09/2010	160.8	-0.013888889	2.89	-0.051506849	2.34	-0.050410959	1.3
07/09/2010	165	-0.031388889	2.75	-0.075753425	2.03	-0.056164384	1.11
08/09/2010	156.05	0.030277778	3.13	-0.044794521	2.43	-0.04609589	1.45
09/09/2010	160.45	0.003333333	3.01	-0.063972603	2.18	-0.04869863	1.36
13/09/2010	158.35	0.013055556	3.05	-0.075890411	2.03	-0.040205479	1.65
14/09/2010	161	-0.013611111	2.89	-0.063013699	2.19	-0.035821918	1.79
15/09/2010	165.55	-0.029166667	2.77	-0.08369863	1.93	-0.043150685	1.55
16/09/2010	167.7	-0.029722222	2.76	-0.092328767	1.82	-0.047465753	1.4
17/09/2010	157.7	0.024722222	3.1	-0.056712329	2.27	-0.036575342	1.77
20/09/2010	164.1	-0.006111111	2.95	-0.082465753	1.95	-0.049863014	1.32
21/09/2010	159	0.005833333	3.02	-0.065753425	2.16	-0.038424658	1.71
22/09/2010	157	0.018611111	3.08	-0.063013699	2.19	-0.036027397	1.79
23/09/2010	156.75	-0.001944444	2.98	-0.064794521	2.17	-0.036164384	1.78
24/09/2010	156.75	-0.015277778	2.88	-0.063013699	2.19	-0.044794521	1.49
27/09/2010	162	-0.025833333	2.79	-0.076849315	2.02	-0.052945205	1.22
28/09/2010	167	-0.054166667	2.57	-0.080684932	1.97	-0.059452055	1
29/09/2010	165.25	-0.054722222	2.57	-0.068082192	2.13	-0.057328767	1.07
30/09/2010	163.2	-0.031666667	2.75	-0.047123288	2.4	-0.059109589	1.01
01/10/2010	164	-0.062777778	2.5	-0.049315068	2.37	-0.05890411	1.02
04/10/2010	165.7	-0.083333333	2.34	-0.064931507	2.17	-0.056438356	1.1
05/10/2010	167.65	-0.098055556	2.22	-0.062328767	2.2	-0.057123288	1.08
06/10/2010	168	-0.102777778	2.18	-0.058767123	2.25		
07/10/2010	172.25	-0.101944444	2.19	-0.069178082	2.12		
08/10/2010	172.7	-0.080277778	2.36	-0.075753425	2.03		
11/10/2010	171.1	-0.045833333	2.64	-0.05739726	2.27		
12/10/2010	178.5	-0.0525	2.58	-0.088493151	1.87		
13/10/2010	173.5	-0.045	2.64	-0.075753425	2.03		
14/10/2010	166.9	-0.021666667	2.83	-0.050410959	2.36		
15/10/2010	163	0.003333333	3.01	-0.041506849	2.47		
18/10/2010	159.5	0.013888889	3.06	-0.047808219	2.39		
19/10/2010	157.95	0.030555556	3.13	-0.040136986	2.49		
20/10/2010	158.1	0.052222222	3.22	-0.017808219	2.77		
21/10/2010	159.3	0.073055556	3.31	-0.031369863	2.6		
22/10/2010	159.5	0.0525	3.22	-0.039589041	2.49		
25/10/2010	158.3	0.043055556	3.18	-0.035479452	2.55		
26/10/2010	157.4	0.041944444	3.18	-0.033013699	2.58		
27/10/2010	155.05	0.047777778	3.2	-0.027671233	2.65		
28/10/2010	156	0.045	3.19	-0.038082192	2.51		
29/10/2010	153.5	0.09	3.38	-0.036986301	2.53		
01/11/2010	156.2	0.071111111	3.3	-0.052465753	2.33		
02/11/2010	158.25	0.09	3.38	-0.044794521	2.43		
03/11/2010	148.65	0.080555556	3.34	-0.029315068	2.63		
04/11/2010	163.5	-0.044444444	2.65	-0.074794521	2.04		
05/11/2010	164.7	-0.083888889	2.33	-0.067534247	2.14		
08/11/2010	163.45	-0.066666667	2.47	-0.082054795	1.95		
09/11/2010	166.5	-0.086111111	2.32	-0.099041096	1.73		
10/11/2010	165.5	-0.091666667	2.27	-0.098630137	1.74		
11/11/2010	168.5	-0.105833333	2.16	-0.105479452	1.65		
12/11/2010	163	-0.038333333	2.7	-0.099178082	1.73		
15/11/2010	165.5	-0.069166667	2.45	-0.113561644	1.55		
16/11/2010	166.4	-0.099444444	2.21	-0.115068493	1.53		
18/11/2010	168	-0.094444444	2.25	-0.104109589	1.67		
19/11/2010	164.1	-0.104722222	2.17	-0.096164384	1.77		
22/11/2010	163	-0.066666667	2.47	-0.090684932	1.84		
23/11/2010	169.9	-0.121111111	2.04	-0.115068493	1.53		
24/11/2010	165.95	-0.060277778	2.52	-0.120136986	1.46		
25/11/2010	135.9	0.096388889	3.4	-0.031232877	2.6		
26/11/2010	156.5	0.03	3.13	-0.080821918	1.97		
29/11/2010	160.9	-0.005833333	2.95	-0.096986301	1.76		
30/11/2010	163.4	-0.029444444	2.77	-0.097808219	1.75		
01/12/2010	161.1	-0.038333333	2.7	-0.106849315	1.63		
02/12/2010	166.2	-0.094166667	2.25	-0.121780822	1.44		
03/12/2010	169.3	-0.096111111	2.24	-0.135616438	1.27		
06/12/2010	172	-0.105555556	2.16	-0.156438356	1		
07/12/2010	173	-0.104166667	2.17	-0.142465753	1.18		
08/12/2010	171.9	-0.110555556	2.12	-0.145479452	1.14		
09/12/2010	171	-0.110555556	2.12	-0.134246575	1.28		
10/12/2010	162	-0.102222222	2.19	-0.117808219	1.49		
13/12/2010	163.1	-0.072777778	2.42	-0.124109589	1.41		
14/12/2010	169.2	-0.103611111	2.18	-0.142328767	1.18		
15/12/2010	165.7	-0.114444444	2.09	-0.124657534	1.41		
16/12/2010	162.75	-0.103055556	2.18	-0.101506849	1.7		
20/12/2010	161.7	-0.0875	2.3	-0.09630137	1.77		
21/12/2010	161.7	-0.084166667	2.33	-0.106027397	1.64		
22/12/2010	159	-0.090555556	2.28	-0.114520548	1.54		
23/12/2010	163.9	-0.152222222	1.79	-0.123561644	1.42		
24/12/2010	166.05	-0.191944444	1.47	-0.139589041	1.22		
27/12/2010	164	-0.12	2.05	-0.121780822	1.44		
28/12/2010	164.5	-0.17	1.65	-0.109452055	1.6		
29/12/2010	169.35	-0.179722222	1.57	-0.117534247	1.5		
30/12/2010	168	-0.201388889	1.4	-0.110136986	1.59		
31/12/2010	168.55	-0.193055556	1.47	-0.103013699	1.68		
03/01/2011	168	-0.194444444	1.45	-0.095890411	1.77		
04/01/2011	168	-0.183888889	1.54	-0.097123288	1.76		
05/01/2011	172.9	-0.216111111	1.28	-0.112191781	1.57		
06/01/2011	168.8	-0.209444444	1.34	-0.098356164	1.74		
07/01/2011	165.8	-0.173055556	1.62	-0.079315068	1.99		
10/01/2011	158.85	-0.144444444	1.85	-0.074246575	2.05		
11/01/2011	151	-0.125	2.01	-0.043287671	2.45		
12/01/2011	153	-0.120555556	2.04	-0.054794521	2.3		
13/01/2011	153.9	-0.143611111	1.86	-0.049041096	2.37		
14/01/2011	156.6	-0.139444444	1.89	-0.058356164	2.25		
17/01/2011	156	-0.125277778	2	-0.051232877	2.35		
18/01/2011	156	-0.131666667	1.95	-0.045205479	2.42		
19/01/2011	138.6	-0.041111111	2.67	-0.005753425	2.93		
20/01/2011	140	-0.05	2.6	-0.012328767	2.84		
21/01/2011	138.2	-0.033333333	2.74	-0.001917808	2.98		
24/01/2011	136	0.001388889	3.01	0.007671233	3.05		
25/01/2011	133	0.018611111	3.08	0.016849315	3.1		
27/01/2011	131.2	0.016111111	3.07	0.018767123	3.11		
28/01/2011	129.5	0.044444444	3.19	0.021232877	3.12		
31/01/2011	125.8	0.046944444	3.2	0.031917808	3.19		
01/02/2011	129.6	0.004166667	3.02	0.024794521	3.15		
02/02/2011	129	-0.042777778	2.66	0.025890411	3.15		
03/02/2011	125.9	-0.033888889	2.73	0.026712329	3.16		
04/02/2011	131	-0.090555556	2.28	0.024520548	3.14		
07/02/2011	131.4	-0.118888889	2.06	0.018630137	3.11		
08/02/2011	131.3	-0.090555556	2.28	0.016438356	3.1		
09/02/2011	127	-0.039722222	2.68	0.020410959	3.12		
10/02/2011	123.8	-0.004444444	2.96	0.025205479	3.15		
11/02/2011	125.35	-0.024166667	2.81	0.016849315	3.1		
14/02/2011	122.5	-0.008333333	2.93	0.023013699	3.14		
15/02/2011	131.4	-0.035277778	2.72	-0.003835616	2.95		
16/02/2011	127	-0.005833333	2.95	0.008630137	3.05		
17/02/2011	132.9	-0.044444444	2.65	-0.009863014	2.87		
18/02/2011	130.9	-0.054722222	2.57	-0.005479452	2.93		
21/02/2011	129	-0.027222222	2.78	-0.001917808	2.98		
22/02/2011	130.5	-0.032777778	2.74	-0.006849315	2.91		
23/02/2011	116.3	0.022777778	3.1	0.032739726	3.19		
24/02/2011	132	-0.094444444	2.25	-0.009178082	2.88		
25/02/2011	132.5	-0.097777778	2.22	-0.010958904	2.86		
28/02/2011	135.1	-0.1175	2.07	-0.015479452	2.8		
01/03/2011	137.95	-0.133055556	1.94	-0.022876712	2.71		
03/03/2011	136.4	-0.124444444	2.01	-0.016575342	2.79		
04/03/2011	143.25	-0.178333333	1.58	-0.033561644	2.57		
07/03/2011	141	-0.147222222	1.83	-0.029863014	2.62		
08/03/2011	142.9	-0.143888889	1.86	-0.035068493	2.55		
09/03/2011	137.1	-0.111666667	2.11	-0.015342466	2.8		
10/03/2011	135.4	-0.1225	2.03	-0.006438356	2.92		
11/03/2011	133	-0.088888889	2.29	0.003013699	3.02		
14/03/2011	137	-0.111666667	2.11	-0.011369863	2.85		
15/03/2011	134	-0.085833333	2.32	-0.01260274	2.84		
16/03/2011	132.95	-0.074444444	2.41	-0.010273973	2.87		
17/03/2011	136.7	-0.092777778	2.26	-0.022876712	2.71		
18/03/2011	138.4	-0.084722222	2.33	-0.028356164	2.64		
21/03/2011	133.45	-0.090833333	2.28	-0.012054795	2.85		
22/03/2011	133.4	-0.074444444	2.41	0.001780822	3.01		
23/03/2011	132.15	-0.070833333	2.44	0.008493151	3.05		
24/03/2011	134.8	-0.093888889	2.25	0.003150685	3.02		
25/03/2011	135.4	-0.096666667	2.23	-0.009178082	2.88		
28/03/2011	136.7	-0.116111111	2.08	-0.014246575	2.82		
29/03/2011	136.85	-0.123611111	2.02	-0.008630137	2.89		
30/03/2011	140.95	-0.160833333	1.72	-0.006027397	2.92		
31/03/2011	141.6	-0.176111111	1.6	0.004931507	3.03		
01/04/2011	143.5	-0.231111111	1.16	0.001917808	3.01		
04/04/2011	147	-0.227777778	1.19	-0.002876712	2.96		
05/04/2011	147.1	-0.211111111	1.32	-0.007123288	2.91		
06/04/2011	150	-0.2425	1.07	-0.019178082	2.75		
07/04/2011	148.3	-0.245833333	1.05	-0.015890411	2.8		
08/04/2011	147	-0.251666667	1	-0.012876712	2.84		
11/04/2011	143	-0.189444444	1.49	0.004109589	3.02		
13/04/2011	138.35	-0.180833333	1.56	0.019863014	3.12		
15/04/2011	144.4	-0.199444444	1.42	0.000547945	3		
18/04/2011	141.2	-0.171944444	1.63	0.010958904	3.06		
19/04/2011	144.9	-0.169444444	1.65	-0.00369863	2.95		
20/04/2011	141.8	-0.145555556	1.84	0.014520548	3.09		
21/04/2011	141.85	-0.143333333	1.86	0.022191781	3.13		
25/04/2011	144.1	-0.152222222	1.79	-0.002465753	2.97		
26/04/2011	146	-0.145555556	1.84	-0.004657534	2.94		
27/04/2011	145.8	-0.144444444	1.85	0.008630137	3.05		
28/04/2011	143	-0.122222222	2.03	0.01369863	3.08		
29/04/2011	150	-0.1625	1.71	0.006849315	3.04		
02/05/2011	153.75	-0.161388889	1.72	-0.000410959	2.99		
03/05/2011	154.35	-0.174166667	1.62	-0.001917808	2.98		
04/05/2011	155	-0.186111111	1.52	-0.008219178	2.89		
05/05/2011	153.95	-0.1825	1.55	0.001780822	3.01		
06/05/2011	154	-0.156666667	1.75	-0.003013699	2.96		
09/05/2011	153.1	-0.132777778	1.94	0.003561644	3.02		
10/05/2011	155	-0.133611111	1.94	-0.01369863	2.82		
11/05/2011	155.8	-0.149722222	1.81	-0.002191781	2.97		
12/05/2011	160	-0.177777778	1.59	-0.02	2.74		
13/05/2011	158.6	-0.159444444	1.73	-0.023561644	2.7		
16/05/2011	162.7	-0.173333333	1.62	-0.024383562	2.69		
17/05/2011	158.1	-0.155833333	1.76	0.00109589	3.01		
18/05/2011	159.45	-0.163333333	1.7	-0.003972603	2.95		
19/05/2011	160.15	-0.133888889	1.94	0.010273973	3.06		
20/05/2011	160	-0.122777778	2.02	-0.032876712	2.58		
23/05/2011	157.45	-0.110555556	2.12	-0.041232877	2.47		
24/05/2011	158	-0.144444444	1.85	-0.050410959	2.36		
25/05/2011	158.3	-0.154444444	1.77	-0.050547945	2.35		
26/05/2011	159.35	-0.118055556	2.06	-0.053013699	2.32		
27/05/2011	161.5	-0.146666667	1.83	-0.061643836	2.21		
30/05/2011	161.05	-0.133611111	1.94	-0.055342466	2.29		
31/05/2011	160.7	-0.131666667	1.95	-0.061643836	2.21		
01/06/2011	158.55	-0.095277778	2.24	-0.045068493	2.42		
02/06/2011	160.3	-0.101666667	2.19	-0.048767123	2.38		
03/06/2011	162.35	-0.138888889	1.9	-0.055342466	2.29		
06/06/2011	162.15	-0.124722222	2.01	-0.057945205	2.26		
07/06/2011	163	-0.143888889	1.86	-0.066849315	2.15		
08/06/2011	160.05	-0.163333333	1.7	-0.054931507	2.3		
09/06/2011	160.35	-0.124166667	2.01	-0.050547945	2.35		
10/06/2011	156.4	-0.118888889	2.06	-0.047945205	2.39		
13/06/2011	154	-0.111111111	2.12	-0.04109589	2.47		
14/06/2011	157.35	-0.113055556	2.1	-0.050273973	2.36		
15/06/2011	157.25	-0.129166667	1.97	-0.047945205	2.39		
16/06/2011	155.4	-0.113333333	2.1	-0.051506849	2.34		
17/06/2011	157.5	-0.130555556	1.96	-0.050821918	2.35		
20/06/2011	152.7	-0.108888889	2.13	-0.032876712	2.58		
21/06/2011	150.7	-0.094166667	2.25	-0.031917808	2.59		
22/06/2011	150	-0.089166667	2.29	-0.030410959	2.61		
23/06/2011	149.5	-0.066388889	2.47	-0.023424658	2.7		
24/06/2011	153.9	-0.075	2.4	-0.03739726	2.52		
27/06/2011	158.25	-0.068055556	2.46	-0.045068493	2.42		
28/06/2011	162.85	-0.093611111	2.26	-0.049178082	2.37		
29/06/2011	169.05	-0.150277778	1.81	-0.063150685	2.19		
30/06/2011	165.4	-0.113888889	2.09	-0.057945205	2.26		
01/07/2011	163	-0.091388889	2.27	-0.056164384	2.28		
04/07/2011	163.6	-0.092222222	2.27	-0.045479452	2.42		
05/07/2011	162	-0.094166667	2.25	-0.041369863	2.47		
06/07/2011	163.45	-0.073888889	2.41	-0.044109589	2.44		
07/07/2011	167.5	-0.118333333	2.06	-0.055890411	2.29		
08/07/2011	172.45	-0.147777778	1.83	-0.065753425	2.16		
11/07/2011	168.95	-0.113611111	2.1	-0.052054795	2.33		
12/07/2011	166.05	-0.101111111	2.2	-0.046849315	2.4		
13/07/2011	164.95	-0.127222222	1.99	-0.053424658	2.32		
14/07/2011	163.65	-0.113055556	2.1	-0.056849315	2.27		
15/07/2011	164.1	-0.069444444	2.45	-0.065616438	2.16		
18/07/2011	169.7	-0.121388889	2.04	-0.080821918	1.97		
19/07/2011	169	-0.133055556	1.94	-0.072191781	2.08		
20/07/2011	174.45	-0.161666667	1.72	-0.088219178	1.87		
21/07/2011	163.15	-0.098888889	2.21	-0.054520548	2.3		
22/07/2011	155.5	-0.058611111	2.53	-0.038082192	2.51		
25/07/2011	149.6	-0.041666667	2.67	-0.035479452	2.55		
26/07/2011	151.45	-0.063611111	2.49	-0.041917808	2.46		
27/07/2011	151	-0.0775	2.38	-0.040547945	2.48		
28/07/2011	149	-0.039444444	2.69	-0.024657534	2.68		
29/07/2011	149.45	-0.063888889	2.49	-0.023013699	2.71		
01/08/2011	156.1	-0.110555556	2.12	-0.032054795	2.59		
02/08/2011	153.05	-0.072222222	2.43	-0.023835616	2.7		
03/08/2011	148.5	-0.083333333	2.34	-0.015205479	2.81		
04/08/2011	151	-0.114722222	2.09	-0.023013699	2.71		
05/08/2011	145.25	-0.0875	2.3	-0.007945205	2.9		
08/08/2011	151	-0.116666667	2.07	-0.010684932	2.86		
09/08/2011	148.1	-0.118333333	2.06	0.002465753	3.01		
10/08/2011	155.1	-0.1725	1.63	-0.026575342	2.66		
11/08/2011	153.25	-0.160277778	1.73	-0.025342466	2.68		
12/08/2011	161.9	-0.177222222	1.59	-0.054520548	2.3		
16/08/2011	159.85	-0.171388889	1.64	-0.044109589	2.44		
17/08/2011	158.1	-0.156666667	1.75	-0.027671233	2.65		
18/08/2011	154.2	-0.146111111	1.84	-0.030684932	2.61		
19/08/2011	149.25	-0.150833333	1.8	-0.062328767	2.2		
22/08/2011	152	-0.152777778	1.79	-0.069726027	2.11		
23/08/2011	153	-0.144444444	1.85	-0.073150685	2.06		
24/08/2011	154.25	-0.159722222	1.73	-0.077671233	2.01		
25/08/2011	152	-0.135	1.93	-0.073835616	2.06		
26/08/2011	151.1	-0.161111111	1.72	-0.074520548	2.05		
29/08/2011	143.6	-0.121388889	2.04	-0.061643836	2.21		
30/08/2011	150	-0.167777778	1.67	-0.082054795	1.95		
02/09/2011	150.55	-0.198055556	1.43	-0.072739726	2.07		
05/09/2011	145.1	-0.133888889	1.94	-0.060547945	2.23		
06/09/2011	144.2	-0.141111111	1.88	-0.056712329	2.27		
07/09/2011	145.95	-0.133055556	1.94	-0.061506849	2.21		
08/09/2011	146.55	-0.153055556	1.78	-0.067260274	2.14		
09/09/2011	142.7	-0.138333333	1.9	-0.053972603	2.31		
12/09/2011	136.5	-0.106944444	2.15	-0.034794521	2.56		
13/09/2011	131.5	-0.062777778	2.5	-0.023287671	2.7		
14/09/2011	142.4	-0.092777778	2.26	-0.032328767	2.59		
15/09/2011	133.9	-0.040833333	2.68	-0.012191781	2.84		
16/09/2011	137	-0.077777778	2.38	-0.014246575	2.82		
19/09/2011	131.75	-0.080833333	2.36	-0.002739726	2.96		
20/09/2011	133.8	-0.083333333	2.34	-0.015479452	2.8		
21/09/2011	133	-0.099444444	2.21	-0.012328767	2.84		
22/09/2011	134.9	-0.085277778	2.32	-0.015068493	2.81		
23/09/2011	134	-0.0525	2.58	-0.001780822	2.98		
26/09/2011	131.1	-0.025833333	2.79	0.002054795	3.01		
27/09/2011	134.65	-0.038055556	2.7	-0.012465753	2.84		
28/09/2011	132.85	-0.010555556	2.92	-0.022465753	2.71		
29/09/2011	128.5	0.025	3.1	-0.008493151	2.89		
30/09/2011	131.3	0.006944444	3.03	-0.030958904	2.6		
03/10/2011	128.05	0.021666667	3.09	-0.004520548	2.94		
04/10/2011	131.5	0.007777778	3.03	-0.016164384	2.79		
05/10/2011	133.45	0.018888889	3.08	-0.015890411	2.8		
07/10/2011	132.3	-0.003055556	2.98	-0.017260274	2.78		
10/10/2011	131.2	0.022222222	3.09	-0.013424658	2.83		
11/10/2011	131	0.011111111	3.05	-0.010547945	2.87		
12/10/2011	132.2	0.021111111	3.09	-0.011780822	2.85		
13/10/2011	136.25	-0.005277778	2.96	-0.023013699	2.71		
14/10/2011	136.35	0.005277778	3.02	-0.022876712	2.71		
17/10/2011	134.1	0.03	3.13	-0.010273973	2.87		
18/10/2011	137.5	-0.005555556	2.96	-0.029041096	2.63		
19/10/2011	134.25	0.006944444	3.03	-0.01	2.87		
20/10/2011	130.35	0.039722222	3.17	-0.000958904	2.99		
21/10/2011	121.3	0.097222222	3.41	0.026575342	3.16		
24/10/2011	119.8	0.1075	3.45	0.025205479	3.15		
25/10/2011	114.7	0.129722222	3.54	0.036438356	3.21		
26/10/2011	110	0.151388889	3.63	0.041506849	3.24		
28/10/2011	115	0.124722222	3.52	0.032739726	3.19		
31/10/2011	119.85	0.104444444	3.44	0.014794521	3.09		
01/11/2011	123	0.085833333	3.36	0.007808219	3.05		
02/11/2011	121	0.081388889	3.34	0.010958904	3.06		
03/11/2011	121	0.105277778	3.44	0.023150685	3.14		
04/11/2011	125.05	0.073055556	3.31	0.008767123	3.05		
08/11/2011	125.95	0.063055556	3.26	0.006575342	3.04		
09/11/2011	124.9	0.053055556	3.22	0.015342466	3.09		
11/11/2011	121.05	0.066388889	3.28	0.013561644	3.08		
14/11/2011	124.1	0.041111111	3.17	0.004109589	3.02		
15/11/2011	124.6	0.035	3.15	-0.016164384	2.79		
16/11/2011	120.4	0.053333333	3.22	0.009863014	3.06		
17/11/2011	115	0.084166667	3.35	0.019178082	3.11		
18/11/2011	114.9	0.08	3.34	0.018493151	3.11		
21/11/2011	113.95	0.083055556	3.35	0.016712329	3.1		
22/11/2011	114	0.079444444	3.33	0.01369863	3.08		
23/11/2011	114	0.077777778	3.33	0.017123288	3.1		
24/11/2011	111.15	0.095	3.4	0.042191781	3.25		
25/11/2011	114.5	0.078611111	3.33	0.030410959	3.18		
28/11/2011	117	0.063888889	3.27	0.031917808	3.19		
29/11/2011	117	0.069166667	3.29	0.030273973	3.18		
30/11/2011	113.35	0.090277778	3.38	0.060958904	3.36		
01/12/2011	117	0.074166667	3.31	0.043561644	3.26		
02/12/2011	116.9	0.078333333	3.33	0.044109589	3.26		
05/12/2011	118.55	0.064166667	3.27	0.053424658	3.31		
06/12/2011	119.55	0.058611111	3.25	0.056027397	3.33		
07/12/2011	120	0.063888889	3.27	0.036986301	3.22		
08/12/2011	123.15	0.055	3.23	0.026164384	3.15		
09/12/2011	117.1	0.094444444	3.4	0.038493151	3.23		
12/12/2011	120	0.071388889	3.3	0.040273973	3.24		
13/12/2011	119.4	0.055555556	3.23	0.046849315	3.27		
14/12/2011	117.9	0.062777778	3.26	0.055890411	3.33		
15/12/2011	118	0.0575	3.24	0.054794521	3.32		
16/12/2011	115.8	0.068055556	3.29	0.054109589	3.32		
19/12/2011	114.6	0.080277778	3.34	0.060410959	3.35		
20/12/2011	112	0.1225	3.51	0.068493151	3.4		
21/12/2011	109.9	0.140833333	3.59	0.075342466	3.44		
22/12/2011	101.9	0.189166667	3.79	0.096164384	3.56		
23/12/2011	106	0.144722222	3.61	0.082739726	3.49		
26/12/2011	109.1	0.124444444	3.52	0.090410959	3.53		
27/12/2011	106.35	0.151944444	3.64	0.096849315	3.57		
28/12/2011	104.05	0.192777778	3.81	0.101232877	3.59		
29/12/2011	101.7	0.231666667	3.97	0.107671233	3.63		
30/12/2011	108.9	0.196111111	3.82	0.074383562	3.44		
02/01/2012	105.8	0.223055556	3.93	0.084246575	3.49		
03/01/2012	108.5	0.2	3.84	0.086438356	3.51		
04/01/2012	110.25	0.181944444	3.76	0.08109589	3.48		
05/01/2012	114.4	0.156111111	3.65	0.075479452	3.44		
06/01/2012	115.6	0.148333333	3.62	0.060273973	3.35		
09/01/2012	116.05	0.158055556	3.66	0.059452055	3.35		
10/01/2012	116.7	0.160555556	3.67	0.055616438	3.33		
11/01/2012	119.8	0.137777778	3.58	0.051506849	3.3		
12/01/2012	119.8	0.141111111	3.59	0.05630137	3.33		
13/01/2012	121	0.125277778	3.52	0.050547945	3.3		
16/01/2012	120.75	0.146388889	3.61	0.051917808	3.3		
17/01/2012	124.7	0.140277778	3.59	0.035205479	3.21		
18/01/2012	123	0.112222222	3.47	0.018630137	3.11		
19/01/2012	121.5	0.126666667	3.53	0.025890411	3.15		
20/01/2012	121.1	0.154722222	3.65	0.013424658	3.08		
23/01/2012	125.8	0.123333333	3.52	0.000958904	3.01		
24/01/2012	129.2	0.129444444	3.54	-0.006027397	2.92		
25/01/2012	130.95	0.125833333	3.53	-0.014109589	2.82		
26/01/2012	128.85	0.137777778	3.58	-0.017671233	2.77		
27/01/2012	128	0.133333333	3.56	-0.01260274	2.84		
30/01/2012	129.9	0.137222222	3.57	-0.02630137	2.66		
31/01/2012	131.5	0.118888889	3.5	-0.023561644	2.7		
01/02/2012	130.05	0.135277778	3.57	-0.025205479	2.68		
02/02/2012	130.05	0.110833333	3.46	-0.021780822	2.72		
03/02/2012	136.05	0.105277778	3.44	-0.033013699	2.58		
06/02/2012	137.9	0.082222222	3.34	-0.045616438	2.42		
07/02/2012	137.55	0.069166667	3.29	-0.044109589	2.44		
08/02/2012	132	0.121111111	3.51	-0.024794521	2.68		
09/02/2012	130.5	0.155555556	3.65	-0.025479452	2.67		
10/02/2012	138.1	0.110555556	3.46	-0.048219178	2.38		
13/02/2012	135.1	0.16	3.67	-0.033150685	2.58		
14/02/2012	137	0.061111111	3.26	-0.036986301	2.53		
15/02/2012	137	0.03	3.13	-0.038356164	2.51		
16/02/2012	141.4	-0.01	2.92	-0.050821918	2.35		
17/02/2012	142	-0.011944444	2.91	-0.05369863	2.31		
20/02/2012	137.35	0.014722222	3.06	-0.036575342	2.53		
21/02/2012	139.7	-0.003888889	2.97	-0.043013699	2.45		
22/02/2012	137.1	0.020833333	3.09	-0.040273973	2.49		
23/02/2012	130.65	0.041944444	3.18	-0.015753425	2.8		
24/02/2012	138	0.022777778	3.1	-0.024657534	2.68		
27/02/2012	135	0.041666667	3.17	-0.000410959	2.99		
28/02/2012	134	0.045277778	3.19	0.000136986	3		
29/02/2012	137	0.022222222	3.09	-0.010821918	2.86		
01/03/2012	134	0.025555556	3.11	-0.008219178	2.89		
02/03/2012	135	0.027777778	3.12	-0.02	2.74		
05/03/2012	134	0.043888889	3.18	-0.008356164	2.89		
06/03/2012	133.1	0.032222222	3.13	-0.006575342	2.92		
07/03/2012	133.75	0.029166667	3.12	-0.009315068	2.88		
08/03/2012	133.95	0.028055556	3.12	-0.027123288	2.65		
09/03/2012	137.55	0.012222222	3.05	-0.03890411	2.5		
12/03/2012	140.4	-0.021111111	2.83	-0.046027397	2.41		
13/03/2012	146	-0.039166667	2.69	-0.061917808	2.21		
14/03/2012	146	-0.029444444	2.77	-0.07109589	2.09		
15/03/2012	142	-0.016388889	2.87	-0.057534247	2.26		
16/03/2012	144.9	-0.033333333	2.74	-0.055890411	2.29		
19/03/2012	146.55	-0.031111111	2.75	-0.056438356	2.28		
20/03/2012	147	-0.0375	2.7				
21/03/2012	145.05	-0.018055556	2.86				
22/03/2012	150.15	-0.029166667	2.77				
23/03/2012	146.2	-0.001111111	2.99				
26/03/2012	145.85	-0.008888889	2.93				
27/03/2012	148.5	-0.033333333	2.74				
28/03/2012	147.85	-0.004722222	2.96				
29/03/2012	142.05	0.026944444	3.11				
30/03/2012	143.3	0.0225	3.09				
02/04/2012	151.6	-0.025	2.8				
03/04/2012	147.85	0.003333333	3.01				
04/04/2012	145.05	0.027222222	3.11				
05/04/2012	145.35	0.02	3.08				
06/04/2012	145.35	0.000555556	3				
09/04/2012	144.95	-0.011388889	2.91				
10/04/2012	142.1	-0.010833333	2.91				
11/04/2012	140	0.001111111	3				
12/04/2012	137.05	0.031111111	3.13				
13/04/2012	141.9	0.001944444	3.01				
16/04/2012	137.95	0.029444444	3.12				
17/04/2012	136.2	0.03	3.13				
18/04/2012	140.05	-0.018888889	2.85				
19/04/2012	133.5	0.014722222	3.06				
20/04/2012	130.35	0.0325	3.14				
23/04/2012	129.5	0.058333333	3.24				
24/04/2012	130	0.061388889	3.26				
25/04/2012	126.8	0.097777778	3.41				
26/04/2012	124.05	0.112777778	3.47				
27/04/2012	124.4	0.103055556	3.43				
30/04/2012	130	0.07	3.29				
01/05/2012	129	0.074166667	3.31				
02/05/2012	129.9	0.095555556	3.4				
03/05/2012	127.9	0.117222222	3.49				
04/05/2012	122.1	0.129444444	3.54				
07/05/2012	124.5	0.108333333	3.45				
08/05/2012	127	0.083333333	3.35				
09/05/2012	125.5	0.101388889	3.42				
10/05/2012	127.7	0.112777778	3.47				
11/05/2012	122.1	0.116111111	3.49				
14/05/2012	121.75	0.026388889	3.11				
15/05/2012	119.8	0.0375	3.16				
16/05/2012	114.9	0.063333333	3.27				
17/05/2012	121	0.027222222	3.11				
18/05/2012	118.8	0.034722222	3.15				
21/05/2012	122	0.010555556	3.04				
22/05/2012	119	0.011666667	3.05				
23/05/2012	117.8	0.0125	3.05				
24/05/2012	117.25	0.0375	3.16				
25/05/2012	120.2	0.015555556	3.07				
28/05/2012	125.7	-0.012222222	2.9				
29/05/2012	126.55	-0.016944444	2.87				
30/05/2012	123	-0.005555556	2.96				
31/05/2012	117.2	0.032222222	3.13				
01/06/2012	118.8	0.027777778	3.12				
04/06/2012	115.1	0.043888889	3.18				
05/06/2012	119.55	0.061388889	3.26				
06/06/2012	124.55	0.027222222	3.11				
07/06/2012	126.45	0.029722222	3.12				
08/06/2012	127.8	0.016388889	3.07				
11/06/2012	130.95	-0.015555556	2.88				
12/06/2012	133	-0.025	2.8				
13/06/2012	132.55	-0.0175	2.86				
14/06/2012	131.95	0.007777778	3.03				
15/06/2012	132.9	-0.005833333	2.95				
18/06/2012	136.85	-0.0375	2.7				
19/06/2012	131.75	-0.039444444	2.69				
20/06/2012	135.2	-0.054444444	2.57				
21/06/2012	133	-0.072222222	2.43				
22/06/2012	136	-0.053333333	2.58				
25/06/2012	135.3	-0.053888889	2.57				
26/06/2012	137.3	-0.053611111	2.57				
27/06/2012	139.5	-0.075	2.4				
28/06/2012	136.5	-0.056666667	2.55				
29/06/2012	135.5	-0.046388889	2.63				
02/07/2012	137.5	-0.053333333	2.58				
03/07/2012	138.8	-0.060833333	2.52				
04/07/2012	139.15	-0.061944444	2.51				
05/07/2012	138.05	-0.042777778	2.66				
06/07/2012	137.25	-0.0575	2.54				
09/07/2012	137.45	-0.038055556	2.7				
10/07/2012	138.65	-0.048055556	2.62				
11/07/2012	138.45	-0.041388889	2.67				
12/07/2012	135.65	-0.036944444	2.71				
13/07/2012	139.95	-0.066388889	2.47				
16/07/2012	138.2	-0.0725	2.42				
17/07/2012	137.3	-0.0575	2.54				
18/07/2012	134.45	-0.051111111	2.59				
19/07/2012	133	-0.039722222	2.68				
20/07/2012	131.5	-0.036111111	2.71				
23/07/2012	130.9	-0.008055556	2.94				
24/07/2012	130	-0.009722222	2.92				
25/07/2012	130.15	-0.01	2.92				
26/07/2012	129.3	0.006666667	3.03				
27/07/2012	128.9	-0.016111111	2.87				
30/07/2012	128.3	-0.015	2.88				
31/07/2012	128	-0.051666667	2.59				
01/08/2012	128.25	-0.023611111	2.81				
02/08/2012	128.65	-0.036944444	2.71				
03/08/2012	128.5	-0.038055556	2.7				
06/08/2012	129.45	-0.052222222	2.58				
07/08/2012	129.6	-0.058888889	2.53				
08/08/2012	130.35	-0.056111111	2.55				
09/08/2012	131	-0.024722222	2.8				
10/08/2012	130.1	-0.025	2.8				
13/08/2012	130.1	-0.008055556	2.94				
14/08/2012	131.5	-0.019166667	2.85				
15/08/2012	133.05	0.014166667	3.06				
16/08/2012	134.1	-0.006666667	2.95				
17/08/2012	132.85	0.000833333	3				
20/08/2012	129.4	0.048055556	3.2				
21/08/2012	129.2	0.06	3.25				
22/08/2012	128.35	0.028611111	3.12				
23/08/2012	128.05	0.025833333	3.11				
24/08/2012	129.05	0.011666667	3.05				
27/08/2012	134.05	0.003611111	3.02				
28/08/2012	135.25	0.006944444	3.03				
29/08/2012	135.95	0.013055556	3.05				
30/08/2012	132.05	0.033055556	3.14				
31/08/2012	131.5	0.0225	3.09				
03/09/2012	133.7	0.016388889	3.07				
04/09/2012	138.75	-0.009722222	2.92				
05/09/2012	143.4	-0.033333333	2.74				
06/09/2012	144.2	-0.04	2.68				
07/09/2012	145.95	-0.054166667	2.57				
10/09/2012	144.5	-0.013333333	2.89				
11/09/2012	143	-0.007222222	2.94				
12/09/2012	142.5	-0.008333333	2.93				
13/09/2012	142.3	-0.007222222	2.94				
14/09/2012	144.5	-0.046944444	2.63				
17/09/2012	145.6	-0.050277778	2.6				
18/09/2012	144.6	-0.025277778	2.8				
19/09/2012	145.2	-0.029722222	2.76				
20/09/2012	143.55	-0.008888889	2.93				
21/09/2012	147.1	-0.052777778	2.58				
24/09/2012	149.95	-0.067777778	2.46				
25/09/2012	143.2	-0.034444444	2.73				
26/09/2012	144.3	-0.031666667	2.75				
27/09/2012	148.95	-0.047777778	2.62				
28/09/2012	148	-0.0475	2.62				
01/10/2012	152.5	-0.071111111	2.43				
02/10/2012	153.6	-0.089166667	2.29				
03/10/2012	153.65	-0.1325	1.95				
04/10/2012	152	-0.116944444	2.07				
05/10/2012	154.6	-0.158888889	1.74				
08/10/2012	152.9	-0.148611111	1.82				
09/10/2012	154.4	-0.152222222	1.79				
10/10/2012	150	-0.134444444	1.93				
11/10/2012	155	-0.181111111	1.56				
12/10/2012	152.7	-0.162777778	1.71				
15/10/2012	150	-0.165	1.69				
16/10/2012	153.8	-0.171666667	1.64				
17/10/2012	158.5	-0.209166667	1.34				
18/10/2012	158	-0.199444444	1.42				
19/10/2012	163.9	-0.221666667	1.24				
22/10/2012	148	-0.148611111	1.82				
23/10/2012	142.4	-0.116388889	2.08				
24/10/2012	139.6	-0.0925	2.26				
25/10/2012	139.85	-0.103611111	2.18				
26/10/2012	140	-0.108333333	2.14				
29/10/2012	139	-0.088888889	2.29				
30/10/2012	140.85	-0.096388889	2.23				
31/10/2012	138.2	-0.084444444	2.33				
01/11/2012	142.1	-0.106944444	2.15				
02/11/2012	142.5	-0.111666667	2.11				
05/11/2012	142.15	-0.100833333	2.2				
06/11/2012	141	-0.094444444	2.25				
07/11/2012	138.6	-0.09	2.28				
08/11/2012	140	-0.083888889	2.33				
09/11/2012	141.9	-0.071666667	2.43				
12/11/2012	138.9	-0.0225	2.82				
13/11/2012	139	-0.0275	2.78				
14/11/2012	139	-0.033055556	2.74				
15/11/2012	139.75	-0.048611111	2.61				
16/11/2012	136.6	-0.049444444	2.61				
19/11/2012	138.95	-0.044444444	2.65				
20/11/2012	140.7	-0.055555556	2.56				
21/11/2012	139.05	-0.048333333	2.62				
22/11/2012	138.9	-0.0825	2.34				
23/11/2012	140.95	-0.097777778	2.22				
26/11/2012	140.25	-0.0925	2.26				
27/11/2012	141.8	-0.102222222	2.19				
28/11/2012	144.9	-0.138055556	1.9				
29/11/2012	146	-0.138888889	1.9				
30/11/2012	144.25	-0.109722222	2.13				
03/12/2012	142.5	-0.091944444	2.27				
04/12/2012	147						
05/12/2012	146.9						
06/12/2012	147.35						
07/12/2012	147.1						
10/12/2012	148.45						
11/12/2012	149.95						
12/12/2012	148.95						
13/12/2012	145.45						
14/12/2012	142.9						
17/12/2012	140.15						
18/12/2012	140.2						
19/12/2012	142.65						
20/12/2012	142.25						
21/12/2012	143.25						
24/12/2012	141.6						
25/12/2012	136.65						
26/12/2012	136.15						
27/12/2012	136.2						
28/12/2012	140						
31/12/2012	141.05						
01/01/2013	144.4						
02/01/2013	144.35						
03/01/2013	142.95						
04/01/2013	142.6						
07/01/2013	142.35						
08/01/2013	147.1						
09/01/2013	149						
10/01/2013	145.4						
11/01/2013	144						
14/01/2013	142						
15/01/2013	143.75						
16/01/2013	148						
17/01/2013	143						
18/01/2013	126.5						
21/01/2013	126.55						
22/01/2013	126.3						
23/01/2013	125.9						
24/01/2013	125.05						
25/01/2013	123.9						
28/01/2013	121.1						
29/01/2013	120.05						
30/01/2013	124						
31/01/2013	123						
01/02/2013	123.5						
04/02/2013	123.5						
05/02/2013	122						
06/02/2013	123						
07/02/2013	123.8						
08/02/2013	123						
11/02/2013	130.6						
12/02/2013	129.45						
13/02/2013	131.8						
14/02/2013	130.75						
15/02/2013	128.15						
18/02/2013	128.5						
19/02/2013	129.4						
20/02/2013	133.35						
21/02/2013	131.85						
22/02/2013	130.1						
25/02/2013	124.65						
26/02/2013	125.4						
27/02/2013	120						
28/02/2013	126.4						
01/03/2013	125.6						
04/03/2013	127.65						
05/03/2013	126						
06/03/2013	126.3						
07/03/2013	127.15						
08/03/2013	127.9						
11/03/2013	127.85						
12/03/2013	128						
13/03/2013	130.35						
14/03/2013	126.9						
15/03/2013	130.6						
18/03/2013	130						
19/03/2013	131						
20/03/2013	129						
21/03/2013	128						
22/03/2013	125.15						
25/03/2013	126.95						
26/03/2013	125.25						
27/03/2013	125.85						
28/03/2013	125						
29/03/2013	129.45						
01/04/2013	128.25						
02/04/2013	128.35						
03/04/2013	130.5						
04/04/2013	126						
05/04/2013	125.6						
08/04/2013	118.7						
09/04/2013	124						
10/04/2013	122						
11/04/2013	121.65						
12/04/2013	120.05						
15/04/2013	119						
16/04/2013	120.25						
17/04/2013	126.55						
18/04/2013	125.6						
19/04/2013	128.65						
22/04/2013	128.05						
23/04/2013	135.6						
24/04/2013	132.9						
25/04/2013	133						
26/04/2013	138.05						
29/04/2013	140						
30/04/2013	133.5						
01/05/2013	132.7						
02/05/2013	131.15						
03/05/2013	134.7						
06/05/2013	136.5						
07/05/2013	138.3						
08/05/2013	138						
09/05/2013	135.55						
10/05/2013	136.65						
13/05/2013	137						
14/05/2013	137.4						
15/05/2013	137						
16/05/2013	136.2						
17/05/2013	142.1						
20/05/2013	141.7						
21/05/2013	141						
22/05/2013	141						
23/05/2013	136.05						
24/05/2013	136.55						
27/05/2013	140.05						
28/05/2013	139.85						
29/05/2013	141.95						
30/05/2013	137.6						
31/05/2013	137.75						
03/06/2013	137						
04/06/2013	138.6						
05/06/2013	140.35						
06/06/2013	139.45						
07/06/2013	139.7						
10/06/2013	137.55						
11/06/2013	129.8						
12/06/2013	130.95						
13/06/2013	126						
14/06/2013	126.15						
17/06/2013	127						
18/06/2013	125.8						
19/06/2013	122.4						
20/06/2013	123.4						
21/06/2013	120.3						
24/06/2013	122.9						
25/06/2013	120.85						
26/06/2013	122.1						
27/06/2013	124						
28/06/2013	121.25						
01/07/2013	121.45						
02/07/2013	122.95						
03/07/2013	121.2						
04/07/2013	120.5						
05/07/2013	123						
08/07/2013	123.5						
09/07/2013	123						
10/07/2013	122.85						
11/07/2013	122.4						
12/07/2013	124						
15/07/2013	124						
16/07/2013	122.4						
17/07/2013	124.9						
18/07/2013	129						
19/07/2013	134.85						
22/07/2013	134.05						
23/07/2013	133.05						
24/07/2013	131						
25/07/2013	127.7						
26/07/2013	130.95						
29/07/2013	130.7						
30/07/2013	130.35						
31/07/2013	124.05						
01/08/2013	123.35						
02/08/2013	123.6						
05/08/2013	123.4						
06/08/2013	120.05						
07/08/2013	121						
08/08/2013	124.5						
09/08/2013	125.95						
12/08/2013	128.7						