11/09/2007	370	1.611666667	4.77	-0.62739726	2.03	-0.137671233	2.54
12/09/2007	384.7	1.528888889	4.68	-0.662465753	1.98	-0.16369863	2.45
13/09/2007	384	1.422222222	4.57	-0.630136986	2.03	-0.156164384	2.48
14/09/2007	381	1.105555556	4.22	-0.625068493	2.03	-0.152328767	2.49
17/09/2007	377	1.605555556	4.77	-0.622191781	2.04	-0.145205479	2.51
18/09/2007	380	1.611111111	4.77	-0.685753425	1.94	-0.152808219	2.49
19/09/2007	384	1.560277778	4.72	-0.701369863	1.92	-0.15890411	2.47
20/09/2007	393.25	1.621388889	4.79	-0.717808219	1.89	-0.16760274	2.44
21/09/2007	392.9	1.283888889	4.41	-0.720273973	1.89	-0.172465753	2.42
24/09/2007	379.95	1.689166667	4.86	-0.685616438	1.94	-0.150616438	2.49
25/09/2007	388	1.816666667	5	-0.693972603	1.93	-0.164520548	2.45
26/09/2007	402	1.694444444	4.87	-0.721643836	1.89	-0.184931507	2.38
27/09/2007	398.9	1.727222222	4.9	-0.695616438	1.93	-0.178219178	2.4
28/09/2007	416	1.543888889	4.7	-0.752054795	1.84	-0.179726027	2.4
01/10/2007	416	1.522222222	4.68	-0.742465753	1.85	-0.168493151	2.43
03/10/2007	424.4	1.203333333	4.32	-0.754246575	1.84	-0.176712329	2.41
04/10/2007	424	1.122222222	4.24	-0.767123288	1.82	-0.188493151	2.37
05/10/2007	365	1.416388889	4.56	-0.58630137	2.09	-0.110958904	2.63
08/10/2007	419.4	1.164444444	4.28	-0.740821918	1.86	-0.172328767	2.42
09/10/2007	390	1.066666667	4.17	-0.660273973	1.98	-0.14109589	2.53
10/10/2007	351.1	1.527222222	4.68	-0.522465753	2.19	-0.089178082	2.7
11/10/2007	428	1.15	4.27	-0.753424658	1.84	-0.187739726	2.37
12/10/2007	444.5	0.841111111	3.93	-0.780273973	1.8	-0.211917808	2.29
15/10/2007	443	1.044444444	4.15	-0.769863014	1.81	-0.215753425	2.28
16/10/2007	450	0.861111111	3.95	-0.749041096	1.84	-0.229452055	2.23
17/10/2007	455	0.888888889	3.98	-0.780821918	1.79	-0.237534247	2.2
18/10/2007	451	0.824444444	3.91	-0.729315068	1.87	-0.226986301	2.24
19/10/2007	460	0.777777778	3.86	-0.772876712	1.81	-0.239041096	2.2
22/10/2007	450	0.891944444	3.98	-0.740547945	1.86	-0.217191781	2.27
23/10/2007	459.95	0.911944444	4	-0.751780822	1.84	-0.225958904	2.24
24/10/2007	466.9	0.878055556	3.97	-0.775068493	1.8	-0.245068493	2.18
25/10/2007	449.4	0.87	3.96	-0.688767123	1.94	-0.227123288	2.24
26/10/2007	437	0.973888889	4.07	-0.684931507	1.94	-0.204794521	2.31
29/10/2007	433	1.033333333	4.14	-0.667808219	1.97	-0.197945205	2.34
30/10/2007	459.9	0.883888889	3.97	-0.723013699	1.88	-0.236849315	2.21
31/10/2007	518	1.211111111	4.33	-0.846575342	1.69	-0.318082192	1.93
01/11/2007	490	0.916666667	4.01	-0.78630137	1.79	-0.285616438	2.04
02/11/2007	474.7	1.096111111	4.21	-0.750136986	1.84	-0.250410959	2.16
05/11/2007	524	0.756111111	3.83	-0.890410959	1.63	-0.310410959	1.96
06/11/2007	489.95	0.891944444	3.98	-0.787808219	1.78	-0.253356164	2.15
07/11/2007	498.9	0.978333333	4.08	-0.870958904	1.66	-0.273424658	2.08
08/11/2007	474.7	1.090555556	4.2	-0.811232877	1.75	-0.232465753	2.22
09/11/2007	494	0.922222222	4.02	-0.864109589	1.67	-0.245479452	2.18
12/11/2007	488.9	0.895	3.99	-0.838630137	1.71	-0.241643836	2.19
13/11/2007	480	0.944444444	4.04	-0.791780822	1.78	-0.225958904	2.24
14/11/2007	464.9	0.963888889	4.06	-0.75890411	1.83	-0.198150685	2.33
15/11/2007	485	0.872222222	3.96	-0.810958904	1.75	-0.237054795	2.2
16/11/2007	484.7	1.001666667	4.1	-0.805479452	1.76	-0.239315068	2.2
19/11/2007	481	1.033333333	4.14	-0.81369863	1.74	-0.235068493	2.21
20/11/2007	474.8	1.028055556	4.13	-0.826849315	1.72	-0.23260274	2.22
21/11/2007	476.85	0.906388889	4	-0.828493151	1.72	-0.224726027	2.25
22/11/2007	449	1.005555556	4.11	-0.793972603	1.77	-0.190068493	2.36
23/11/2007	458	0.872222222	3.96	-0.792739726	1.78	-0.21260274	2.29
26/11/2007	462	0.95	4.05	-0.720547945	1.89	-0.225068493	2.24
27/11/2007	464.45	1.116666667	4.23	-0.728630137	1.87	-0.212945205	2.29
28/11/2007	460	0.977777778	4.08	-0.745205479	1.85	-0.20869863	2.3
29/11/2007	454	1.175	4.29	-0.690410959	1.93	-0.183561644	2.38
30/11/2007	455	1.161111111	4.28	-0.690684932	1.93	-0.18630137	2.37
03/12/2007	448	1.116111111	4.23	-0.611232877	2.06	-0.175342466	2.41
04/12/2007	455	1.171666667	4.29	-0.550684932	2.15	-0.19260274	2.35
05/12/2007	465	0.994444444	4.09	-0.589041096	2.09	-0.189041096	2.37
06/12/2007	490.75	0.9125	4	-0.667808219	1.97	-0.235273973	2.21
07/12/2007	505	0.783333333	3.86	-0.727671233	1.88	-0.219178082	2.26
10/12/2007	509	0.738888889	3.81	-0.775342466	1.8	-0.215068493	2.28
11/12/2007	505.25	0.693055556	3.76	-0.756849315	1.83	-0.188219178	2.37
12/12/2007	505	0.833333333	3.92	-0.747945205	1.85	-0.185342466	2.38
13/12/2007	575	0.471666667	3.52	-0.898630137	1.61	-0.3	1.99
14/12/2007	562.85	0.5175	3.57	-0.826986301	1.72	-0.264178082	2.11
17/12/2007	592.9	0.467222222	3.51	-0.930958904	1.56	-0.291643836	2.02
18/12/2007	580	0.499722222	3.55	-0.975342466	1.49	-0.286506849	2.04
19/12/2007	589	0.422222222	3.46	-0.991917808	1.47	-0.302191781	1.99
20/12/2007	578.1	0.509166667	3.56	-0.943287671	1.54	-0.295342466	2.01
24/12/2007	586.9	0.422777778	3.47	-0.977945205	1.49	-0.323630137	1.91
26/12/2007	580	0.222222222	3.24	-0.986849315	1.48	-0.315068493	1.94
27/12/2007	585	0	3	-1.009041096	1.44	-0.328424658	1.9
28/12/2007	579.5	-0.025	2.98	-0.980273973	1.49	-0.323835616	1.91
31/12/2007	582.5	-0.247222222	2.85	-1.017808219	1.43	-0.310958904	1.96
01/01/2008	590	-0.083333333	2.95	-1.054931507	1.37	-0.32109589	1.92
02/01/2008	599.45	-0.1525	2.91	-1.033150685	1.4	-0.336986301	1.87
03/01/2008	605.75	-0.115277778	2.93	-1.078219178	1.34	-0.340753425	1.86
04/01/2008	591	0.0325	3.04	-1.009589041	1.44	-0.317671233	1.93
07/01/2008	597	-0.05	2.97	-0.980821918	1.49	-0.327671233	1.9
08/01/2008	579.9	-0.055	2.97	-0.950136986	1.53	-0.310547945	1.96
09/01/2008	569	0.005555556	3.01	-0.942465753	1.54	-0.291438356	2.02
10/01/2008	569	-0.459722222	2.72	-0.925753425	1.57	-0.279452055	2.06
11/01/2008	540	-0.222777778	2.86	-0.887671233	1.63	-0.223424658	2.25
14/01/2008	545.25	-0.1625	2.9	-0.913013699	1.59	-0.233150685	2.22
15/01/2008	589.5	-0.719444444	2.55	-1.017808219	1.43	-0.281506849	2.06
16/01/2008	551	-0.583333333	2.64	-0.857808219	1.68	-0.22739726	2.24
17/01/2008	551	-0.847777778	2.48	-0.879452055	1.64	-0.228767123	2.23
18/01/2008	564.05	-1.245555556	2.23	-0.901506849	1.61	-0.287876712	2.03
21/01/2008	521	-0.894444444	2.45	-0.795068493	1.77	-0.232876712	2.22
22/01/2008	381	0.217777778	3.24	-0.419178082	2.35	-0.03	2.9
23/01/2008	440	0.166666667	3.18	-0.62739726	2.03	-0.096575342	2.68
24/01/2008	510	-0.338888889	2.79	-0.788219178	1.78	-0.204794521	2.31
25/01/2008	489.95	-0.055277778	2.97	-0.736575342	1.86	-0.183561644	2.38
28/01/2008	495.5	-0.225	2.86	-0.720547945	1.89	-0.206164384	2.31
29/01/2008	529.5	-0.302777778	2.81	-0.834246575	1.71	-0.233561644	2.22
30/01/2008	514.55	-0.141944444	2.91	-0.767945205	1.81	-0.225410959	2.24
31/01/2008	491	-0.294444444	2.82	-0.699589041	1.92	-0.189863014	2.36
01/02/2008	491	-0.567777778	2.65	-0.672328767	1.96	-0.184931507	2.38
04/02/2008	488.8	-1.2625	2.22	-0.643287671	2.01	-0.183493151	2.38
05/02/2008	486.15	-1.378055556	2.15	-0.599726027	2.07	-0.179657534	2.4
06/02/2008	500	-1.461111111	2.1	-0.666712329	1.97	-0.192191781	2.35
07/02/2008	499.95	-1.211944444	2.25	-0.659041096	1.98	-0.202671233	2.32
08/02/2008	483.6	-1.025555556	2.37	-0.637260274	2.02	-0.163972603	2.45
11/02/2008	480	-0.927777778	2.43	-0.636986301	2.02	-0.164452055	2.45
12/02/2008	453.4	-0.746666667	2.54	-0.557260274	2.14	-0.12109589	2.59
13/02/2008	464.85	-0.943611111	2.42	-0.586712329	2.09	-0.131986301	2.56
14/02/2008	461.1	-0.867222222	2.46	-0.572876712	2.12	-0.126164384	2.58
15/02/2008	472	-0.919444444	2.43	-0.608356164	2.06	-0.150684932	2.49
18/02/2008	503	-0.876666667	2.46	-0.650684932	2	-0.219178082	2.26
19/02/2008	496	-1.022222222	2.37	-0.632876712	2.02	-0.191780822	2.36
20/02/2008	504.25	-0.920833333	2.43	-0.678356164	1.95	-0.209931507	2.3
21/02/2008	515	-1.054444444	2.35	-0.712328767	1.9	-0.235616438	2.21
22/02/2008	510	-1.027777778	2.36	-0.732739726	1.87	-0.242945205	2.18
25/02/2008	507.85	-1.0825	2.33	-0.692739726	1.93	-0.256780822	2.14
26/02/2008	506	-1.098888889	2.32	-0.682191781	1.95	-0.263150685	2.12
27/02/2008	509.9	-1.121666667	2.31	-0.748630137	1.84	-0.266986301	2.1
28/02/2008	515	-1.088888889	2.33	-0.72739726	1.88	-0.26890411	2.1
29/02/2008	510	-1.055277778	2.35	-0.71369863	1.9	-0.260136986	2.13
03/03/2008	480	-0.865833333	2.46	-0.631506849	2.02	-0.201369863	2.32
04/03/2008	479	-0.966666667	2.4	-0.628767123	2.03	-0.205616438	2.31
05/03/2008	456	-0.712222222	2.56	-0.676164384	1.96	-0.19369863	2.35
07/03/2008	482.8	-0.848888889	2.47	-0.749863014	1.84	-0.243561644	2.18
10/03/2008	471	-0.760833333	2.53	-0.710684932	1.9	-0.22260274	2.25
11/03/2008	478.9	-0.882777778	2.45	-0.710684932	1.9	-0.240958904	2.19
12/03/2008	484.9	-0.905	2.44	-0.807945205	1.75	-0.260890411	2.12
13/03/2008	475	-0.861111111	2.47	-0.723287671	1.88	-0.253424658	2.15
14/03/2008	471	-1.033333333	2.36	-0.687671233	1.94	-0.24369863	2.18
17/03/2008	461.5	-1.102777778	2.32	-0.674246575	1.96	-0.225342466	2.24
18/03/2008	442.5	-1.074444444	2.34	-0.602191781	2.07	-0.211986301	2.29
19/03/2008	443.2	-0.901111111	2.44	-0.592328767	2.09	-0.213972603	2.28
24/03/2008	450	-0.844444444	2.48	-0.616849315	2.05	-0.22739726	2.24
25/03/2008	460	-0.777777778	2.52	-0.646575342	2	-0.23630137	2.21
26/03/2008	494.95	-0.944166667	2.42	-0.765890411	1.82	-0.274452055	2.08
27/03/2008	489	-1.05	2.35	-0.720547945	1.89	-0.285479452	2.04
28/03/2008	489.9	-1.077222222	2.33	-0.728767123	1.87	-0.276575342	2.07
31/03/2008	489.8	-1.054444444	2.35	-0.742328767	1.85	-0.268356164	2.1
01/04/2008	495	-1.119444444	2.31	-0.766986301	1.82	-0.289041096	2.03
02/04/2008	479.95	-1.039166667	2.36	-0.714931507	1.9	-0.265	2.11
03/04/2008	483	-1.016944444	2.37	-0.719178082	1.89	-0.27369863	2.08
04/04/2008	482.4	-1.063333333	2.34	-0.724383562	1.88	-0.269041096	2.1
07/04/2008	488	-1.077777778	2.33	-0.72630137	1.88	-0.278424658	2.07
08/04/2008	493	-1.095	2.32	-0.734520548	1.87	-0.295890411	2.01
09/04/2008	525	-1.251111111	2.23	-0.823013699	1.73	-0.361506849	1.79
10/04/2008	526.9	-1.280277778	2.21	-0.84369863	1.7	-0.332876712	1.88
11/04/2008	510	-1.188888889	2.26	-0.797808219	1.77	-0.281232877	2.06
15/04/2008	506	-1.144444444	2.29	-0.762465753	1.82	-0.285205479	2.04
16/04/2008	544.4	-1.307777778	2.19	-0.861369863	1.67	-0.343013699	1.85
17/04/2008	564.9	-1.616666667	2	-0.902739726	1.61	-0.375205479	1.74
21/04/2008	560.4	-1.613333333	2	-0.871232877	1.65	-0.384109589	1.71
22/04/2008	540	-1.577777778	2.02	-0.83260274	1.71	-0.361575342	1.79
23/04/2008	580	-1.938888889	1.8	-0.948219178	1.54	-0.418082192	1.6
24/04/2008	607	-2.121666667	1.69	-1.014246575	1.43	-0.464383562	1.44
25/04/2008	605	-1.983333333	1.77	-1.005479452	1.45	-0.45890411	1.46
28/04/2008	603.7	-1.859444444	1.85	-0.991780822	1.47	-0.446164384	1.5
29/04/2008	628	-2.005555556	1.76	-1.06	1.36	-0.491232877	1.35
30/04/2008	661.9	-2.255	1.6	-1.155890411	1.22	-0.531917808	1.21
02/05/2008	661.65	-2.324444444	1.56	-1.154931507	1.22	-0.534657534	1.21
05/05/2008	669.45	-2.416666667	1.5	-1.168630137	1.2	-0.544452055	1.17
06/05/2008	685	-2.572222222	1.41	-1.208219178	1.13	-0.553424658	1.14
07/05/2008	645	-2.438888889	1.49	-1.115068493	1.28	-0.495890411	1.34
08/05/2008	668.9	-2.571111111	1.41	-1.175068493	1.19	-0.53260274	1.21
09/05/2008	648.6	-2.575555556	1.41	-1.113972603	1.28	-0.511780822	1.28
12/05/2008	645.1	-2.783888889	1.28	-1.177808219	1.18	-0.504931507	1.31
13/05/2008	652.9	-2.886111111	1.21	-1.136712329	1.24	-0.508356164	1.29
14/05/2008	668.8	-2.965555556	1.17	-1.185342466	1.17	-0.52630137	1.23
15/05/2008	664.75	-2.909166667	1.2	-1.169178082	1.19	-0.507739726	1.3
16/05/2008	673.9	-3.01	1.14	-1.216712329	1.12	-0.506780822	1.3
20/05/2008	669	-3.036111111	1.12	-1.254794521	1.06	-0.506849315	1.3
21/05/2008	601	-2.655555556	1.36	-1.057534247	1.37	-0.408219178	1.63
22/05/2008	624	-2.738888889	1.31	-1.114520548	1.28	-0.436849315	1.53
23/05/2008	620	-2.666111111	1.35	-1.084931507	1.32	-0.44109589	1.52
26/05/2008	634.85	-2.755833333	1.29	-1.142054795	1.24	-0.468356164	1.43
27/05/2008	602	-2.558888889	1.42	-1.046575342	1.38	-0.417808219	1.6
28/05/2008	631.1	-2.689444444	1.34	-1.153013699	1.22	-0.45630137	1.47
29/05/2008	670	-2.902777778	1.2	-1.232328767	1.1	-0.507260274	1.3
30/05/2008	689	-3.071388889	1.1	-1.260273973	1.05	-0.537328767	1.2
02/06/2008	660.1	-2.889722222	1.21	-1.169863014	1.19	-0.49739726	1.33
03/06/2008	659.9	-2.895555556	1.21	-1.186027397	1.17	-0.497808219	1.33
04/06/2008	640	-2.795	1.27	-1.130136986	1.26	-0.463013699	1.45
05/06/2008	580	-2.466666667	1.47	-0.991506849	1.47	-0.379589041	1.73
06/06/2008	666	-2.944444444	1.18	-1.212876712	1.13	-0.494589041	1.34
09/06/2008	670	-2.955555556	1.17	-1.20630137	1.14	-0.506849315	1.3
10/06/2008	664.85	-2.910277778	1.2	-1.150410959	1.22	-0.498424658	1.33
11/06/2008	685.1	-3.012222222	1.14	-1.203835616	1.14	-0.524657534	1.24
12/06/2008	624	-2.611111111	1.38	-1.070958904	1.35	-0.455205479	1.47
13/06/2008	684	-2.950833333	1.17	-1.176712329	1.18	-0.539863014	1.19
16/06/2008	715	-3.139444444	1.06	-1.295342466	1	-0.595890411	1
17/06/2008	707	-3.207222222	1.02	-1.252054795	1.07	-0.577876712	1.06
18/06/2008	709.8	-3.232222222	1	-1.250684932	1.07	-0.579520548	1.05
19/06/2008	693.9	-3.125833333	1.07	-1.26	1.05	-0.561506849	1.12
20/06/2008	690	-3.111111111	1.07	-1.207671233	1.14	-0.569452055	1.09
23/06/2008	641	-2.840555556	1.24	-1.107808219	1.29	-0.508082192	1.29
24/06/2008	626	-2.729444444	1.31	-1.044657534	1.39	-0.446917808	1.5
25/06/2008	619.95	-2.674166667	1.35	-1.008082192	1.44	-0.430753425	1.55
26/06/2008	629	-2.688888889	1.34	-1.022191781	1.42	-0.441232877	1.52
27/06/2008	582	-2.447222222	1.49	-0.860273973	1.67	-0.390410959	1.69
30/06/2008	626	-2.672222222	1.35	-1.005479452	1.45	-0.461643836	1.45
01/07/2008	635	-2.699444444	1.33	-1.019178082	1.43	-0.47	1.42
02/07/2008	595.9	-2.510555556	1.45	-0.886027397	1.63	-0.422465753	1.58
03/07/2008	631	-2.666666667	1.35	-0.992328767	1.47	-0.473219178	1.41
04/07/2008	605	-2.533333333	1.43	-0.944657534	1.54	-0.433424658	1.55
07/07/2008	615	-2.588888889	1.4	-0.947123288	1.54	-0.445547945	1.5
08/07/2008	599.4	-2.438888889	1.49	-0.927945205	1.57	-0.42109589	1.59
09/07/2008	600	-2.483333333	1.46	-0.94109589	1.55	-0.415479452	1.61
10/07/2008	610.55	-2.504722222	1.45	-0.960410959	1.52	-0.415273973	1.61
11/07/2008	624.1	-2.567222222	1.41	-0.98630137	1.48	-0.445342466	1.51
14/07/2008	624.95	-2.490833333	1.46	-0.980684932	1.49	-0.431917808	1.55
15/07/2008	606	-2.422222222	1.5	-0.898630137	1.61	-0.412123288	1.62
16/07/2008	612.3	-2.375	1.53	-0.909041096	1.6	-0.415273973	1.61
17/07/2008	619	-2.450555556	1.48	-0.921506849	1.58	-0.416438356	1.6
18/07/2008	619	-2.440555556	1.49	-0.921506849	1.58	-0.419657534	1.59
21/07/2008	736	-3.058055556	1.11	-1.235616438	1.09	-0.579726027	1.05
22/07/2008	655	-2.616666667	1.38	-1.027671233	1.41	-0.44239726	1.52
23/07/2008	672	-2.633333333	1.37	-1.093013699	1.31	-0.490410959	1.35
24/07/2008	660.1	-2.628333333	1.37	-1.053972603	1.37	-0.473424658	1.41
25/07/2008	650.5	-2.5625	1.41	-1.028767123	1.41	-0.465753425	1.44
28/07/2008	675	-2.661111111	1.35	-1.093150685	1.31	-0.499726027	1.32
29/07/2008	671	-2.566666667	1.41	-1.057534247	1.37	-0.497260274	1.33
30/07/2008	660	-2.538888889	1.43	-1.031506849	1.41	-0.493150685	1.34
31/07/2008	650	-2.495	1.46	-1.02109589	1.42	-0.464383562	1.44
01/08/2008	650	-2.505555556	1.45	-1.016438356	1.43	-0.469383562	1.42
04/08/2008	638.4	-2.422222222	1.5	-0.98739726	1.48	-0.439589041	1.52
05/08/2008	642	-2.561111111	1.42	-1.001369863	1.45	-0.450684932	1.49
06/08/2008	665	-2.702222222	1.33	-1.052054795	1.38	-0.47260274	1.41
07/08/2008	667	-2.713333333	1.32	-1.056164384	1.37	-0.475068493	1.41
08/08/2008	659.85	-2.650277778	1.36	-1.032739726	1.41	-0.47239726	1.41
11/08/2008	640	-2.494444444	1.46	-0.968767123	1.5	-0.438493151	1.53
12/08/2008	630	-2.456111111	1.48	-0.958767123	1.52	-0.422534247	1.58
13/08/2008	615	-2.366666667	1.54	-0.917671233	1.58	-0.409589041	1.63
14/08/2008	633	-2.457222222	1.48	-0.966986301	1.51	-0.44609589	1.5
18/08/2008	665.45	-2.674722222	1.34	-1.055890411	1.37	-0.487739726	1.36
19/08/2008	636	-2.572222222	1.41	-0.975205479	1.49	-0.443835616	1.51
20/08/2008	665.5	-2.728055556	1.31	-1.056027397	1.37	-0.485068493	1.37
21/08/2008	664	-2.804444444	1.26	-1.051917808	1.38	-0.491027397	1.35
22/08/2008	648.9	-2.668055556	1.35	-1.010547945	1.44	-0.456712329	1.47
25/08/2008	665.9	-2.593888889	1.39	-1.057123288	1.37	-0.468356164	1.43
26/08/2008	644	-2.475	1.47	-0.997123288	1.46	-0.417808219	1.6
27/08/2008	655	-2.594444444	1.39	-1.027260274	1.41	-0.440205479	1.52
28/08/2008	646	-2.466666667	1.47	-1.00260274	1.45	-0.437534247	1.53
29/08/2008	642	-2.439444444	1.49	-1.068493151	1.35	-0.438356164	1.53
01/09/2008	630	-2.250555556	1.61	-1.031506849	1.41	-0.435821918	1.54
02/09/2008	655	-2.227777778	1.62	-1.101917808	1.3	-0.467808219	1.43
04/09/2008	659.9	-2.277222222	1.59	-1.083287671	1.33	-0.47239726	1.41
05/09/2008	656	-2.272222222	1.59	-1.072876712	1.34	-0.445205479	1.51
08/09/2008	677	-2.431111111	1.5	-1.151232877	1.22	-0.461986301	1.45
09/09/2008	669.95	-2.466388889	1.47	-1.139041096	1.24	-0.450616438	1.49
10/09/2008	665	-2.422222222	1.5	-1.114931507	1.28	-0.454794521	1.47
11/09/2008	669.75	-2.431944444	1.5	-1.13630137	1.25	-0.455958904	1.47
12/09/2008	663	-2.311111111	1.57	-1.120547945	1.27	-0.443013699	1.51
15/09/2008	620	-1.994444444	1.77	-0.978082192	1.49	-0.400136986	1.66
16/09/2008	585	-1.843888889	1.86	-0.890410959	1.63	-0.33630137	1.87
17/09/2008	575	-1.95	1.79	-0.879452055	1.64	-0.351506849	1.82
18/09/2008	538	-1.728055556	1.93	-0.794246575	1.77	-0.278150685	2.07
19/09/2008	575	-1.895555556	1.83	-0.895616438	1.62	-0.356575342	1.8
22/09/2008	572	-1.900277778	1.82	-0.876712329	1.65	-0.354109589	1.81
23/09/2008	585	-2.028888889	1.74	-0.89369863	1.62	-0.359452055	1.79
24/09/2008	596.85	-2.111944444	1.69	-0.942054795	1.55	-0.360068493	1.79
25/09/2008	588	-2.035	1.74	-0.907123288	1.6	-0.352054795	1.82
26/09/2008	570	-1.994444444	1.77	-0.857534247	1.68	-0.339520548	1.86
29/09/2008	570	-2.028055556	1.75	-0.854383562	1.68	-0.338287671	1.86
30/09/2008	486.25	-1.466111111	2.09	-0.625616438	2.03	-0.235958904	2.21
01/10/2008	499.9	-1.598333333	2.01	-0.669589041	1.97	-0.24369863	2.18
03/10/2008	516	-1.630555556	1.99	-0.733424658	1.87	-0.260342466	2.13
06/10/2008	460	-1.227777778	2.24	-0.597260274	2.08	-0.183287671	2.38
07/10/2008	446	-1.182777778	2.27	-0.559589041	2.14	-0.168767123	2.43
08/10/2008	398.4	-0.963333333	2.4	-0.442191781	2.32	-0.101643836	2.66
10/10/2008	339.85	-0.604166667	2.63	-0.265342466	2.59	-0.026849315	2.91
13/10/2008	360	-0.8	2.5	-0.319863014	2.51	-0.047671233	2.84
14/10/2008	420.2	-1.156666667	2.28	-0.484109589	2.25	-0.128287671	2.57
15/10/2008	470	-1.4	2.13	-0.619178082	2.04	-0.204178082	2.31
16/10/2008	449	-1.172777778	2.27	-0.57260274	2.12	-0.176164384	2.41
17/10/2008	480	-1.388888889	2.14	-0.643150685	2.01	-0.215273973	2.28
20/10/2008	455	-1.222222222	2.24	-0.545205479	2.16	-0.180410959	2.39
21/10/2008	475	-1.356666667	2.16	-0.564383562	2.13	-0.20630137	2.31
22/10/2008	489	-1.45	2.1	-0.613424658	2.05	-0.23	2.23
23/10/2008	438	-1.261111111	2.22	-0.459041096	2.29	-0.160068493	2.46
24/10/2008	388.8	-0.925	2.43	-0.317671233	2.51	-0.098630137	2.67
27/10/2008	261.55	-0.224722222	2.86	0.025205479	3.06	0.084109589	3.38
28/10/2008	238.1	-0.031111111	2.98	0.114657534	3.27	0.112534247	3.5
29/10/2008	237	-0.066666667	2.96	0.109589041	3.26	0.125342466	3.56
31/10/2008	281.8	-0.264166667	2.84	-0.018630137	2.97	0.066027397	3.3
03/11/2008	299	-0.351944444	2.78	-0.043835616	2.93	0.038356164	3.17
04/11/2008	313	-0.374444444	2.77	-0.103150685	2.84	0.016164384	3.07
05/11/2008	319	-0.361111111	2.78	-0.127808219	2.8	0.005342466	3.02
06/11/2008	295	-0.154166667	2.9	-0.066986301	2.9	0.039726027	3.18
07/11/2008	305	-0.268611111	2.83	-0.100684932	2.84	0.024041096	3.11
10/11/2008	306.5	-0.261666667	2.84	-0.089041096	2.86	0.026027397	3.12
11/11/2008	345.2	-0.523333333	2.68	-0.19369863	2.7	-0.029041096	2.9
12/11/2008	312	-0.358333333	2.78	-0.10739726	2.83	0.00739726	3.03
14/11/2008	338.5	-0.491666667	2.7	-0.180547945	2.72	-0.032191781	2.89
17/11/2008	325.2	-0.413888889	2.74	-0.151232877	2.77	-0.020205479	2.93
18/11/2008	325	-0.405555556	2.75	-0.157534247	2.76	-0.030136986	2.9
19/11/2008	313	-0.350277778	2.78	-0.14369863	2.78	-0.015068493	2.95
20/11/2008	308.2	-0.237222222	2.85	-0.123835616	2.81	-0.02130137	2.93
21/11/2008	308	-0.238888889	2.85	-0.11369863	2.82	-0.008424658	2.97
24/11/2008	319	-0.346388889	2.79	-0.106849315	2.84	-0.027123288	2.91
25/11/2008	320.05	-0.361388889	2.78	-0.087808219	2.86	-0.024726027	2.92
26/11/2008	324.15	-0.453333333	2.72	-0.134657534	2.79	-0.037191781	2.88
28/11/2008	305	-0.277777778	2.83	-0.046575342	2.93	-0.006986301	2.98
01/12/2008	327.8	-0.393333333	2.76	-0.130958904	2.8	-0.054520548	2.82
02/12/2008	330	-0.518611111	2.68	-0.128767123	2.8	-0.053424658	2.82
03/12/2008	334.05	-0.469722222	2.71	-0.142876712	2.78	-0.065890411	2.78
04/12/2008	320	-0.391666667	2.76	-0.120547945	2.81	-0.041643836	2.86
05/12/2008	322	-0.402777778	2.75	-0.115342466	2.82	-0.037191781	2.88
08/12/2008	320	-0.391666667	2.76	-0.114794521	2.82	-0.023356164	2.92
10/12/2008	285	-0.421111111	2.74	-0.038356164	2.94	0.028767123	3.13
11/12/2008	263	-0.299444444	2.81	0.04369863	3.1	0.059041096	3.26
12/12/2008	249.1	-0.208333333	2.87	0.057260274	3.14	0.074520548	3.33
15/12/2008	281	-0.341666667	2.79	-0.038082192	2.94	0.039794521	3.18
16/12/2008	298	-0.6	2.63	-0.104109589	2.84	0.014520548	3.07
17/12/2008	320	-0.605555556	2.63	-0.148219178	2.77	-0.013972603	2.95
18/12/2008	325	-0.583333333	2.64	-0.146438356	2.77	-0.022465753	2.92
19/12/2008	300	-0.47	2.71	-0.092876712	2.86	0.018561644	3.08
22/12/2008	296	-0.407222222	2.75	-0.095479452	2.85	0.038356164	3.17
23/12/2008	300	-0.405555556	2.75	-0.054794521	2.92	0.018150685	3.08
24/12/2008	293.5	-0.381388889	2.76	-0.065205479	2.9	0.056849315	3.25
25/12/2008	292.9	-0.382777778	2.76	-0.055890411	2.91	0.064520548	3.29
26/12/2008	299.95	-0.469722222	2.71	-0.07260274	2.89	0.027534247	3.12
29/12/2008	291	-0.361111111	2.78	-0.053972603	2.92	0.060342466	3.27
30/12/2008	294	-0.389444444	2.76	-0.07739726	2.88	0.036986301	3.17
31/12/2008	295.9	-0.428055556	2.74	-0.125753425	2.81	0.017876712	3.08
01/01/2009	299.8	-0.470833333	2.71	-0.109041096	2.83	0.018630137	3.08
02/01/2009	296.45	-0.430277778	2.73	-0.099863014	2.85	0.015753425	3.07
05/01/2009	296	-0.419444444	2.74	-0.1	2.85	0.019246575	3.09
06/01/2009	300	-0.455555556	2.72	-0.09890411	2.85	0.020547945	3.09
07/01/2009	309	-0.478333333	2.7	-0.134246575	2.79	0.010684932	3.05
08/01/2009	273.9	-0.272222222	2.83	-0.035342466	2.95	0.053356164	3.24
09/01/2009	270	-0.252222222	2.84	-0.017808219	2.97	0.065684932	3.29
12/01/2009	256	-0.205833333	2.87	0.04109589	3.1	0.090410959	3.4
13/01/2009	231	-0.067777778	2.96	0.107123288	3.26	0.115753425	3.52
14/01/2009	225.1	0.014444444	3.02	0.129863014	3.31	0.127328767	3.57
15/01/2009	248	-0.1	2.94	0.059041096	3.14	0.09760274	3.44
16/01/2009	269	-0.186666667	2.88	0.019178082	3.05	0.073972603	3.33
19/01/2009	267	-0.136666667	2.92	0.038356164	3.09	0.061575342	3.28
20/01/2009	256	-0.110555556	2.93	0.05739726	3.14	0.073972603	3.33
21/01/2009	243.25	-0.051944444	2.97	0.082876712	3.2	0.091164384	3.41
22/01/2009	234.45	0.013055556	3.01	0.121506849	3.29	0.096780822	3.43
23/01/2009	222	0.088888889	3.1	0.136986301	3.33	0.099315068	3.44
26/01/2009	206	0.198333333	3.22	0.178082192	3.42	0.138424658	3.62
27/01/2009	206.1	0.194444444	3.21	0.179452055	3.43	0.133493151	3.6
28/01/2009	185	0.305555556	3.34	0.249315068	3.59	0.161575342	3.72
29/01/2009	144	0.533888889	3.59	0.350684932	3.84	0.208219178	3.93
30/01/2009	133.4	0.608333333	3.67	0.382465753	3.91	0.200890411	3.9
02/02/2009	135	0.605555556	3.67	0.391780822	3.93	0.198630137	3.89
03/02/2009	141.1	0.538333333	3.59	0.38630137	3.92	0.184794521	3.83
04/02/2009	132.1	0.599444444	3.66	0.399178082	3.95	0.193013699	3.86
05/02/2009	122.5	0.663888889	3.73	0.417808219	4	0.217123288	3.97
06/02/2009	123	0.512222222	3.56	0.430136986	4.03	0.217191781	3.97
09/02/2009	131	0.594444444	3.65	0.408493151	3.97	0.208219178	3.93
10/02/2009	140.1	0.533611111	3.59	0.382191781	3.91	0.194315068	3.87
11/02/2009	138.8	0.551111111	3.61	0.378082192	3.9	0.213972603	3.96
12/02/2009	141.4	0.491111111	3.54	0.393424658	3.94	0.209863014	3.94
13/02/2009	147	0.355555556	3.39	0.375068493	3.89	0.197328767	3.88
16/02/2009	147.5	0.375	3.41	0.368493151	3.88	0.204794521	3.92
17/02/2009	136.15	0.450277778	3.5	0.402328767	3.96	0.206506849	3.92
18/02/2009	139.95	0.466944444	3.51	0.391506849	3.93	0.206232877	3.92
19/02/2009	138.7	0.440555556	3.49	0.40630137	3.97	0.217945205	3.98
20/02/2009	136.9	0.461666667	3.51	0.411232877	3.98	0.235479452	4.05
24/02/2009	136	0.4125	3.45	0.373835616	3.89	0.238424658	4.07
25/02/2009	136	0.467777778	3.51	0.367123288	3.88	0.236986301	4.06
26/02/2009	138	0.505555556	3.56	0.369863014	3.88	0.241917808	4.08
27/02/2009	141	0.511666667	3.56	0.353972603	3.84	0.236232877	4.06
02/03/2009	142.9	0.467222222	3.51	0.346849315	3.83	0.225342466	4.01
03/03/2009	154	0.408333333	3.45	0.304657534	3.73	0.215547945	3.97
04/03/2009	152.85	0.3625	3.4	0.320958904	3.77	0.228835616	4.02
05/03/2009	149.9	0.407777778	3.45	0.328493151	3.78	0.231027397	4.03
06/03/2009	129.7	0.555555556	3.61	0.387123288	3.92	0.253493151	4.14
09/03/2009	128	0.649722222	3.72	0.384794521	3.92	0.255410959	4.14
12/03/2009	131.25	0.635833333	3.7	0.374657534	3.89	0.250616438	4.12
13/03/2009	130	0.572777778	3.63	0.386027397	3.92	0.253424658	4.13
16/03/2009	129.7	0.693333333	3.76	0.376164384	3.9	0.253835616	4.14
17/03/2009	134.7	0.597222222	3.66	0.370684932	3.88	0.234657534	4.05
18/03/2009	138.6	0.618888889	3.68	0.354246575	3.84	0.216369863	3.97
19/03/2009	145	0.601666667	3.66	0.334246575	3.8	0.207739726	3.93
20/03/2009	141.5	0.513888889	3.57	0.348767123	3.83	0.205479452	3.92
23/03/2009	145	0.578888889	3.64	0.383013699	3.91	0.20630137	3.92
24/03/2009	149.1	0.486388889	3.54	0.394246575	3.94	0.203835616	3.91
25/03/2009	144	0.559444444	3.62	0.414794521	3.99	0.211438356	3.95
26/03/2009	151	0.561111111	3.62	0.370958904	3.88	0.203561644	3.91
27/03/2009	149	0.593888889	3.65	0.369863014	3.88	0.206712329	3.93
30/03/2009	149	0.661111111	3.73	0.396164384	3.94	0.212328767	3.95
31/03/2009	160.4	0.547777778	3.6	0.346849315	3.83	0.196780822	3.88
01/04/2009	153	0.611111111	3.67	0.364383562	3.87	0.206780822	3.93
02/04/2009	159.7	0.626666667	3.69	0.359589041	3.86	0.19760274	3.88
06/04/2009	162	0.593333333	3.65	0.350136986	3.84	0.198082192	3.89
07/04/2009	176.6	0.464444444	3.51	0.298356164	3.71	0.169383562	3.76
08/04/2009	170	0.551666667	3.61	0.308219178	3.74	0.183219178	3.82
09/04/2009	184.8	0.421666667	3.46	0.265205479	3.63	0.181438356	3.81
10/04/2009	177.9	0.436666667	3.48	0.294246575	3.7	0.179383562	3.8
13/04/2009	179.7	0.446111111	3.49	0.289863014	3.69	0.181027397	3.81
14/04/2009	185.55	0.436388889	3.48	0.290136986	3.69	0.180068493	3.81
15/04/2009	184	0.461111111	3.51	0.304109589	3.73	0.176643836	3.79
16/04/2009	198	0.444444444	3.49	0.246575342	3.59	0.158767123	3.71
17/04/2009	187	0.519444444	3.57	0.264657534	3.63	0.168356164	3.75
20/04/2009	189.25	0.518888889	3.57	0.269178082	3.64	0.166780822	3.75
21/04/2009	196	0.481388889	3.53	0.253424658	3.6	0.153424658	3.69
22/04/2009	209	0.422222222	3.46	0.21369863	3.51	0.125684932	3.56
23/04/2009	203	0.427222222	3.47	0.226849315	3.54	0.126643836	3.57
24/04/2009	200.9	0.400833333	3.44	0.220821918	3.53	0.150273973	3.67
27/04/2009	199	0.424444444	3.47	0.254520548	3.61	0.134246575	3.6
28/04/2009	202.4	0.403333333	3.44	0.260273973	3.62	0.139657534	3.63
29/04/2009	181	0.527777778	3.58	0.339726027	3.81	0.156232877	3.7
30/04/2009	178.6	0.591111111	3.65	0.330684932	3.79	0.159452055	3.71
01/05/2009	178.6	0.582777778	3.64	0.34630137	3.83	0.165616438	3.74
04/05/2009	182.8	0.525	3.58	0.361643836	3.86	0.165342466	3.74
05/05/2009	191	0.488888889	3.54	0.332876712	3.79	0.155479452	3.7
06/05/2009	187.9	0.500555556	3.55	0.348356164	3.83	0.155136986	3.69
07/05/2009	189	0.486111111	3.54	0.359589041	3.86	0.156712329	3.7
08/05/2009	190.7	0.501666667	3.55	0.332191781	3.79	0.15630137	3.7
11/05/2009	184	0.541666667	3.6	0.345205479	3.82	0.158356164	3.71
12/05/2009	173	0.610555556	3.67	0.37369863	3.89	0.17130137	3.77
13/05/2009	174.45	0.621944444	3.68	0.357671233	3.85	0.176986301	3.79
14/05/2009	159.2	0.671388889	3.74	0.420821918	4	0.196232877	3.88
15/05/2009	168.65	0.618888889	3.68	0.387945205	3.93	0.186575342	3.84
18/05/2009	199	0.450277778	3.5	0.284383562	3.68	0.146712329	3.66
19/05/2009	198.5	0.453055556	3.5	0.271780822	3.65	0.151369863	3.68
20/05/2009	188	0.511388889	3.56	0.331506849	3.79	0.163013699	3.73
21/05/2009	202	0.433611111	3.48	0.289452055	3.69	0.150547945	3.67
22/05/2009	202.9	0.428611111	3.47	0.320821918	3.77	0.147123288	3.66
25/05/2009	224.9	0.306388889	3.34	0.257808219	3.61	0.116986301	3.52
26/05/2009	254	0.144722222	3.16	0.180821918	3.43	0.064383562	3.29
27/05/2009	250	0.166944444	3.18	0.176438356	3.42	0.082191781	3.37
28/05/2009	247	0.183611111	3.2	0.219178082	3.52	0.084452055	3.38
29/05/2009	239.4	0.225833333	3.25	0.218082192	3.52	0.097465753	3.44
01/06/2009	226	0.144444444	3.16	0.326027397	3.78	0.128767123	3.58
02/06/2009	229	0.136111111	3.15	0.336986301	3.8	0.130136986	3.58
03/06/2009	232	0.115555556	3.13	0.372191781	3.89	0.120479452	3.54
04/06/2009	247	0.097222222	3.11	0.336164384	3.8	0.098013699	3.44
05/06/2009	261	0.018888889	3.02	0.260273973	3.62	0.080821918	3.36
08/06/2009	253.1	0.020555556	3.02	0.320273973	3.76	0.092876712	3.42
09/06/2009	224	0.167777778	3.18	0.42739726	4.02	0.131232877	3.59
10/06/2009	226.95	0.172777778	3.19	0.394246575	3.94	0.132808219	3.59
11/06/2009	233.8	0.117777778	3.13	0.368767123	3.88	0.124589041	3.56
12/06/2009	229.95	0.133611111	3.15	0.363150685	3.87	0.133082192	3.6
15/06/2009	219.8	0.24	3.26	0.358493151	3.85	0.15760274	3.71
16/06/2009	216.7	0.240555556	3.26	0.365205479	3.87	0.148356164	3.66
17/06/2009	221.7	0.179444444	3.2	0.338493151	3.81	0.142876712	3.64
18/06/2009	211	0.206111111	3.23	0.361917808	3.86	0.156164384	3.7
19/06/2009	204.95	0.239722222	3.26	0.412465753	3.98	0.165753425	3.74
22/06/2009	222.35	0.164722222	3.18	0.365068493	3.87	0.154315068	3.69
23/06/2009	212.2	0.258888889	3.29	0.386986301	3.92	0.164383562	3.74
24/06/2009	222.5	0.169444444	3.19	0.368493151	3.88	0.154109589	3.69
25/06/2009	239	0.099444444	3.11	0.329041096	3.78	0.132465753	3.59
26/06/2009	233.1	0.132777778	3.15	0.341643836	3.81	0.150547945	3.67
29/06/2009	225	0.184166667	3.2	0.351232877	3.84	0.190958904	3.86
30/06/2009	231.1	0.148888889	3.16	0.342876712	3.82	0.162671233	3.73
01/07/2009	216	0.219444444	3.24	0.408219178	3.97	0.186575342	3.84
02/07/2009	212	0.201666667	3.22	0.451780822	4.08	0.212465753	3.95
03/07/2009	218	0.133333333	3.15	0.430273973	4.03	0.181506849	3.81
06/07/2009	237.9	0.021388889	3.02	0.400273973	3.95	0.135410959	3.61
07/07/2009	230	0.038888889	3.04	0.424657534	4.01	0.146575342	3.66
08/07/2009	235	0.044444444	3.05	0.408219178	3.97	0.146575342	3.66
09/07/2009	230.8	0.069166667	3.08	0.337260274	3.8	0.168835616	3.76
10/07/2009	228	0.086111111	3.09	0.336986301	3.8	0.178082192	3.8
13/07/2009	211	0.183333333	3.2	0.405753425	3.97	0.197123288	3.88
14/07/2009	222.3	0.098333333	3.11	0.403287671	3.96	0.179041096	3.8
15/07/2009	221.1	0.134166667	3.15	0.381917808	3.91	0.182945205	3.82
16/07/2009	232.5	0.130555556	3.14	0.338219178	3.81	0.162328767	3.73
17/07/2009	225	0.244444444	3.27	0.328767123	3.78	0.177534247	3.8
20/07/2009	234.25	0.171388889	3.19	0.341780822	3.82	0.167739726	3.75
21/07/2009	235.65	0.193333333	3.21	0.313287671	3.75	0.146917808	3.66
22/07/2009	245.6	0.151388889	3.17	0.29260274	3.7	0.15390411	3.69
23/07/2009	254	0.093055556	3.1	0.279452055	3.67	0.145	3.65
24/07/2009	267.25	0.070555556	3.08	0.24	3.57	0.125616438	3.56
27/07/2009	256.65	0.113055556	3.12	0.269452055	3.64	0.162123288	3.73
28/07/2009	259.4	0.086666667	3.1	0.274794521	3.66	0.149794521	3.67
29/07/2009	251	0.177777778	3.2	0.276712329	3.66	0.150684932	3.67
30/07/2009	247.5	0.154722222	3.17	0.31890411	3.76	0.154109589	3.69
31/07/2009	250	0.124166667	3.14	0.301232877	3.72	0.153424658	3.69
03/08/2009	250.7	0.110277778	3.12	0.313150685	3.75	0.156849315	3.7
04/08/2009	252	0.090277778	3.1	0.319178082	3.76	0.155273973	3.7
05/08/2009	249.95	0.133611111	3.15	0.326164384	3.78	0.159109589	3.71
06/08/2009	265.5	0.05	3.06	0.264383562	3.63	0.14739726	3.66
07/08/2009	265	0.043333333	3.05	0.21369863	3.51	0.14109589	3.63
10/08/2009	256.65	0.088611111	3.1	0.272191781	3.65	0.142808219	3.64
11/08/2009	255	0.083333333	3.09	0.263013699	3.63	0.147808219	3.66
12/08/2009	242.55	0.138611111	3.15	0.275205479	3.66	0.160684932	3.72
13/08/2009	255	0.030833333	3.03	0.212739726	3.51	0.159794521	3.72
14/08/2009	257	0.033333333	3.04	0.17369863	3.41	0.150753425	3.68
17/08/2009	236.65	0.165833333	3.18	0.211643836	3.5	0.173150685	3.78
18/08/2009	249.5	0.169444444	3.19	0.179452055	3.43	0.157945205	3.71
19/08/2009	249.5	0.213888889	3.24	0.189589041	3.45	0.170136986	3.76
20/08/2009	249.5	0.141666667	3.16	0.193424658	3.46	0.184246575	3.83
21/08/2009	249.5	0.213888889	3.24	0.228767123	3.55	0.189041096	3.85
24/08/2009	209.2	0.393333333	3.43	0.327945205	3.78	0.235479452	4.05
25/08/2009	209.1	0.410555556	3.45	0.289041096	3.69	0.234109589	4.05
26/08/2009	211.6	0.390555556	3.43	0.255890411	3.61	0.239657534	4.07
27/08/2009	219.5	0.313888889	3.35	0.243835616	3.58	0.233561644	4.05
28/08/2009	190	0.499444444	3.55	0.309589041	3.74	0.274246575	4.23
31/08/2009	211	0.372777778	3.41	0.228630137	3.55	0.245205479	4.1
01/09/2009	220	0.283333333	3.31	0.191780822	3.46	0.221849315	3.99
02/09/2009	215.4	0.353055556	3.39	0.212876712	3.51	0.226849315	4.02
03/09/2009	222.7	0.262777778	3.29	0.203561644	3.49	0.214520548	3.96
04/09/2009	227	0.222777778	3.25	0.166438356	3.4	0.211232877	3.95
07/09/2009	224.85	0.195277778	3.21	0.170273973	3.41	0.216917808	3.97
08/09/2009	224	0.232777778	3.26	0.164383562	3.39	0.21369863	3.96
09/09/2009	215.4	0.311944444	3.34	0.197534247	3.47	0.231506849	4.04
10/09/2009	226	0.222777778	3.25	0.187945205	3.45	0.217671233	3.97
11/09/2009	223.9	0.206944444	3.23	0.155342466	3.37	0.218287671	3.98
14/09/2009	218.85	0.339722222	3.37	0.189452055	3.45	0.218561644	3.98
15/09/2009	215.05	0.303611111	3.33	0.216027397	3.52	0.219109589	3.98
16/09/2009	219	0.297222222	3.33	0.178082192	3.42	0.22609589	4.01
17/09/2009	220.5	0.294166667	3.32	0.180821918	3.43	0.223972603	4
18/09/2009	218	0.296111111	3.33	0.178630137	3.43	0.224657534	4.01
21/09/2009	222.9	0.238055556	3.26	0.172876712	3.41	0.221780822	3.99
22/09/2009	224.9	0.139444444	3.15	0.163972603	3.39	0.260410959	4.17
23/09/2009	224.6	0.196666667	3.22	0.143561644	3.34	0.254041096	4.14
24/09/2009	218.95	0.228055556	3.25	0.115479452	3.28	0.269931507	4.21
25/09/2009	218.8	0.226111111	3.25	0.178356164	3.43	0.272328767	4.22
28/09/2009	227.7	0.201111111	3.22	0.210958904	3.5	0.258356164	4.16
29/09/2009	230	0.166666667	3.18	0.185753425	3.44	0.253082192	4.13
30/09/2009	235.4	0.142222222	3.16	0.160547945	3.38	0.246917808	4.11
01/10/2009	242.4	0.117222222	3.13	0.133150685	3.32	0.236369863	4.06
02/10/2009	236.1	0.193888889	3.21	0.120273973	3.29	0.245068493	4.1
05/10/2009	233.9	0.201111111	3.22	0.115479452	3.28	0.247534247	4.11
06/10/2009	236.8	0.198333333	3.22	0.104109589	3.25	0.244452055	4.09
07/10/2009	238	0.175277778	3.19	0.082191781	3.2	0.242808219	4.09
08/10/2009	241.7	0.190555556	3.21	0.077534247	3.18	0.228493151	4.02
09/10/2009	241.1	0.221666667	3.24	0.10109589	3.24	0.231506849	4.04
12/10/2009	240	0.205277778	3.23	0.080547945	3.19	0.243150685	4.09
13/10/2009	240.1	0.185555556	3.2	0.091780822	3.22	0.232945205	4.04
14/10/2009	242.9	0.199444444	3.22	0.077945205	3.19	0.232808219	4.04
15/10/2009	244	0.155555556	3.17	0.076712329	3.18	0.230821918	4.03
16/10/2009	238	0.183333333	3.2	0.117808219	3.28	0.249315068	4.12
19/10/2009	240	0.175555556	3.19	0.117808219	3.28	0.267123288	4.2
20/10/2009	242	0.188888889	3.21	0.104383562	3.25	0.278082192	4.25
21/10/2009	215.2	0.315555556	3.35	0.163835616	3.39	0.290547945	4.3
22/10/2009	238	0.194444444	3.21	0.105479452	3.25	0.265	4.19
23/10/2009	236.15	0.2325	3.26	0.125068493	3.3	0.248150685	4.11
26/10/2009	238	0.245	3.27	0.127671233	3.3	0.256232877	4.15
27/10/2009	229.8	0.266666667	3.29	0.176164384	3.42	0.270821918	4.21
28/10/2009	211	0.355555556	3.39	0.254657534	3.61	0.294657534	4.32
29/10/2009	215	0.361111111	3.4	0.230136986	3.55	0.303356164	4.36
30/10/2009	217.2	0.349444444	3.38	0.235068493	3.56	0.297054795	4.33
02/11/2009	224	0.308888889	3.34	0.222191781	3.53	0.282191781	4.26
03/11/2009	218	0.326666667	3.36	0.219178082	3.52	0.290273973	4.3
04/11/2009	220	0.361111111	3.4	0.199863014	3.48	0.256232877	4.15
05/11/2009	210.25	0.409166667	3.45	0.237671233	3.57	0.275821918	4.24
06/11/2009	220.2	0.343333333	3.38	0.213150685	3.51	0.26130137	4.17
09/11/2009	229	0.3	3.33	0.19369863	3.46	0.249520548	4.12
10/11/2009	233.1	0.276388889	3.3	0.174383562	3.42	0.250547945	4.12
11/11/2009	227	0.333333333	3.37	0.191780822	3.46	0.269863014	4.21
12/11/2009	227.5	0.330555556	3.36	0.189041096	3.45	0.256849315	4.15
13/11/2009	218.1	0.301944444	3.33	0.229863014	3.55	0.269931507	4.21
16/11/2009	223.3	0.259444444	3.29	0.218082192	3.52	0.269452055	4.21
17/11/2009	229.7	0.240555556	3.26	0.206164384	3.49	0.263493151	4.18
18/11/2009	244.95	0.140277778	3.15	0.150821918	3.36	0.236643836	4.06
19/11/2009	245.7	0.132222222	3.15	0.151506849	3.36	0.23739726	4.06
20/11/2009	233.1	0.178333333	3.2	0.189041096	3.45	0.252876712	4.13
23/11/2009	254.5	0.086111111	3.09	0.101917808	3.24	0.208972603	3.94
24/11/2009	242.2	0.153333333	3.17	0.130684932	3.31	0.218082192	3.98
25/11/2009	250	0.116666667	3.13	0.082191781	3.2	0.21609589	3.97
26/11/2009	253.3	0.084166667	3.09	0.087260274	3.21	0.228356164	4.02
27/11/2009	234	0.188888889	3.21	0.144520548	3.34	0.252054795	4.13
30/11/2009	249.2	0.120555556	3.13	0.095342466	3.23	0.23130137	4.04
01/12/2009	236.65	0.168611111	3.19	0.103150685	3.25	0.256643836	4.15
02/12/2009	244.7	0.140555556	3.15	0.069589041	3.17	0.226438356	4.01
03/12/2009	252	0.088333333	3.1	0.130821918	3.31	0.200068493	3.9
04/12/2009	255.9	0.061666667	3.07	0.135890411	3.32	0.199726027	3.89
07/12/2009	268	0.004444444	3	0.106575342	3.25	0.182054795	3.82
08/12/2009	259	0.143333333	3.16	0.104109589	3.25	0.208219178	3.93
09/12/2009	263	0.166666667	3.18	0.071232877	3.17	0.195	3.87
10/12/2009	272.5	0.127222222	3.14	0.053150685	3.13	0.168287671	3.75
11/12/2009	268.8	0.097777778	3.11	0.051232877	3.12	0.179452055	3.8
14/12/2009	260.2	0.132222222	3.15	0.069452055	3.17	0.194931507	3.87
15/12/2009	269.3	0.135	3.15	0.052876712	3.13	0.177671233	3.8
16/12/2009	260.7	0.146111111	3.16	0.079589041	3.19	0.18739726	3.84
17/12/2009	256.5	0.163888889	3.18	0.097260274	3.23	0.207534247	3.93
18/12/2009	260	0.171944444	3.19	0.100547945	3.24	0.236986301	4.06
21/12/2009	264.1	0.142777778	3.16	0.118630137	3.28	0.225068493	4.01
22/12/2009	267	0.102777778	3.11	0.087671233	3.21	0.221917808	3.99
23/12/2009	278	0.025	3.03	0.086712329	3.21	0.219246575	3.98
24/12/2009	280.5	0.006111111	3.01	0.067534247	3.16	0.204794521	3.92
25/12/2009	282.65	0.014722222	3.02	0.07260274	3.17	0.185410959	3.83
28/12/2009	282.65	0.015833333	3.02	0.088630137	3.21	0.207260274	3.93
29/12/2009	285	0.035833333	3.04	0.075753425	3.18	0.191849315	3.86
30/12/2009	279.9	0.083888889	3.09	0.090136986	3.21	0.204520548	3.92
31/12/2009	273.05	0.083055556	3.09	0.161643836	3.39	0.21390411	3.96
01/01/2010	275.4	0.045555556	3.05	0.105753425	3.25	0.217260274	3.97
04/01/2010	275	0.069444444	3.08	0.108219178	3.26	0.228767123	4.02
05/01/2010	276	0.069444444	3.08	0.094520548	3.23	0.21890411	3.98
06/01/2010	285	0.011111111	3.01	0.069041096	3.16	0.197260274	3.88
07/01/2010	283.5	0.012777778	3.01	0.067123288	3.16	0.207465753	3.93
08/01/2010	277.3	0.023333333	3.03	0.062191781	3.15	0.212123288	3.95
11/01/2010	279	0.071666667	3.08	0.087671233	3.21	0.238150685	4.07
12/01/2010	278	0.107777778	3.12	0.080410959	3.19	0.232260274	4.04
13/01/2010	276.5	0.158333333	3.17	0.112328767	3.27	0.234931507	4.05
14/01/2010	281	0.101666667	3.11	0.087671233	3.21	0.212260274	3.95
15/01/2010	281.5	0.130555556	3.14	0.105479452	3.25	0.215068493	3.96
18/01/2010	282.9	0.177222222	3.2	0.102191781	3.24	0.215205479	3.96
19/01/2010	286.4	0.145	3.16	0.078356164	3.19	0.203561644	3.91
20/01/2010	280.05	0.194444444	3.21	0.109178082	3.26	0.219315068	3.98
21/01/2010	280.05	0.223333333	3.25	0.11369863	3.27	0.229931507	4.03
22/01/2010	280.05	0.177222222	3.2	0.098493151	3.23	0.202739726	3.91
25/01/2010	280.05	0.166388889	3.18	0.074794521	3.18	0.206849315	3.93
26/01/2010	280.05	0.163055556	3.18	0.080410959	3.19	0.230068493	4.03
27/01/2010	280.05	0.138611111	3.15	0.087534247	3.21	0.225958904	4.01
28/01/2010	280.05	0.181944444	3.2	0.085890411	3.2	0.219452055	3.98
29/01/2010	280.05	0.167777778	3.18	0.069863014	3.17	0.235753425	4.06
01/02/2010	280.05	0.126388889	3.14	0.097123288	3.23	0.25609589	4.15
02/02/2010	280.05	0.098055556	3.11	0.120410959	3.29	0.270684932	4.21
03/02/2010	280.05	0.160833333	3.18	0.161506849	3.39	0.298561644	4.34
04/02/2010	280.05	0.153333333	3.17	0.146849315	3.35	0.28739726	4.29
05/02/2010	252	0.377777778	3.42	0.204383562	3.49	0.315	4.41
08/02/2010	253.5	0.363888889	3.4	0.187671233	3.45	0.323972603	4.45
09/02/2010	252.8	0.373333333	3.41	0.161780822	3.39	0.343424658	4.54
10/02/2010	264.5	0.277222222	3.31	0.134246575	3.32	0.351027397	4.57
11/02/2010	264.4	0.347777778	3.38	0.138767123	3.33	0.352876712	4.58
15/02/2010	256.8	0.345555556	3.38	0.203287671	3.48	0.393424658	4.76
16/02/2010	254.2	0.504444444	3.56	0.234383562	3.56	0.386027397	4.73
17/02/2010	258.05	0.521944444	3.57	0.227260274	3.54	0.373972603	4.67
18/02/2010	255	0.626944444	3.69	0.21369863	3.51	0.376712329	4.69
19/02/2010	254	0.642777778	3.71	0.227123288	3.54	0.397671233	4.78
22/02/2010	263	0.516666667	3.57	0.209863014	3.5	0.37260274	4.67
23/02/2010	260	0.611111111	3.67	0.186027397	3.44	0.383630137	4.72
24/02/2010	254	0.7	3.77	0.234246575	3.56	0.370547945	4.66
25/02/2010	248.1	0.681944444	3.75	0.19260274	3.46	0.380205479	4.7
26/02/2010	248.1	0.668333333	3.74	0.237945205	3.57	0.406712329	4.82
02/03/2010	252	0.613888889	3.68	0.171780822	3.41	0.4	4.79
03/03/2010	258.8	0.510277778	3.56	0.149863014	3.36	0.374315068	4.68
04/03/2010	253	0.538888889	3.59	0.190684932	3.45	0.353493151	4.58
05/03/2010	256.9	0.490833333	3.54	0.211232877	3.5	0.343287671	4.54
08/03/2010	257	0.478333333	3.53	0.202739726	3.48	0.349109589	4.56
09/03/2010	258.15	0.540833333	3.6	0.175342466	3.42	0.351849315	4.58
10/03/2010	257.9	0.542777778	3.6	0.178493151	3.43	0.354931507	4.59
11/03/2010	255.5	0.544166667	3.6	0.160273973	3.38	0.35130137	4.57
12/03/2010	248.3	0.603888889	3.66	0.201917808	3.48	0.333561644	4.49
15/03/2010	242	0.650555556	3.72	0.23	3.55	0.335342466	4.5
16/03/2010	241.75	0.644722222	3.71	0.231369863	3.55	0.334041096	4.5
17/03/2010	237	0.645555556	3.71	0.235068493	3.56	0.334520548	4.5
18/03/2010	243	0.629166667	3.69	0.222465753	3.53	0.375547945	4.68
19/03/2010	243.25	0.676388889	3.74	0.210958904	3.5	0.365068493	4.63
22/03/2010	243.5	0.741111111	3.82	0.223835616	3.53	0.392465753	4.76
23/03/2010	244	0.728055556	3.8	0.226164384	3.54	0.350684932	4.57
25/03/2010	240	0.8	3.88	0.221780822	3.53	0.362808219	4.62
26/03/2010	245.25	0.776388889	3.85	0.205890411	3.49	0.371849315	4.67
29/03/2010	256	0.711111111	3.78	0.183150685	3.44	0.353561644	4.58
30/03/2010	269	0.471666667	3.52	0.148767123	3.35	0.335616438	4.5
31/03/2010	265.1	0.477222222	3.53	0.162465753	3.39	0.328630137	4.47
01/04/2010	270.45	0.4925	3.54	0.138767123	3.33	0.31239726	4.4
05/04/2010	272.85	0.536944444	3.59	0.132328767	3.32	0.302808219	4.36
06/04/2010	270.75	0.498611111	3.55	0.126164384	3.3	0.300410959	4.35
07/04/2010	279.95	0.422222222	3.46	0.117808219	3.28	0.308150685	4.38
08/04/2010	277	0.377777778	3.42	0.118493151	3.28	0.325958904	4.46
09/04/2010	275	0.466666667	3.51	0.146575342	3.35	0.31109589	4.39
12/04/2010	283	0.372222222	3.41	0.128767123	3.31	0.291849315	4.31
13/04/2010	275.35	0.428055556	3.47	0.141506849	3.34	0.311643836	4.4
15/04/2010	272.35	0.464722222	3.51	0.14369863	3.34	0.329589041	4.48
16/04/2010	270.55	0.468333333	3.52	0.143424658	3.34	0.314246575	4.41
19/04/2010	268.25	0.481944444	3.53	0.152739726	3.36	0.329589041	4.48
20/04/2010	274	0.476111111	3.52	0.133013699	3.32	0.32739726	4.47
21/04/2010	274.5	0.430555556	3.47	0.139726027	3.33	0.325684932	4.46
22/04/2010	272.8	0.506111111	3.56	0.140273973	3.33	0.32630137	4.46
23/04/2010	272.6	0.485277778	3.53	0.122739726	3.29	0.325753425	4.46
26/04/2010	270	0.527777778	3.58	0.123287671	3.29	0.31739726	4.42
27/04/2010	267.5	0.561111111	3.62	0.117671233	3.28	0.320205479	4.43
28/04/2010	260.55	0.6025	3.66	0.11630137	3.28	0.334246575	4.5
29/04/2010	263	0.55	3.61	0.106849315	3.25	0.318013699	4.42
30/04/2010	266.5	0.425	3.47	0.071643836	3.17	0.323561644	4.45
03/05/2010	280	0.422222222	3.46	0.059863014	3.14	0.308561644	4.38
04/05/2010	288	0.35	3.39	0.030684932	3.07	0.301506849	4.35
05/05/2010	275	0.377777778	3.42	0.073972603	3.18	0.310958904	4.39
06/05/2010	288	0.248055556	3.27	0.024657534	3.06	0.270410959	4.21
07/05/2010	280	0.224444444	3.25	0.054520548	3.13	0.294109589	4.32
10/05/2010	283	0.171666667	3.19	0.01369863	3.03	0.293972603	4.32
11/05/2010	281.9	0.183888889	3.2	0.024931507	3.06	0.28369863	4.27
12/05/2010	276	0.237222222	3.26	0.027260274	3.07	0.304041096	4.36
13/05/2010	279.9	0.223333333	3.25	0.026575342	3.06	0.30130137	4.35
14/05/2010	278.1	0.305	3.34	0.045890411	3.11	0.295684932	4.32
17/05/2010	271	0.321666667	3.35	0.087534247	3.21	0.30760274	4.38
18/05/2010	278.95	0.198055556	3.22	0.074109589	3.18	0.292465753	4.31
19/05/2010	270	0.194444444	3.21	0.09890411	3.24	0.269863014	4.21
20/05/2010	267.1	0.23	3.25	0.099726027	3.24	0.27890411	4.25
21/05/2010	260	0.238888889	3.26	0.137123288	3.33	0.297465753	4.33
24/05/2010	265.9	0.158611111	3.17	0.116986301	3.28	0.269863014	4.21
25/05/2010	271.55	0.1025	3.11	0.104794521	3.25	0.274589041	4.23
26/05/2010	266.1	0.15	3.17	0.116438356	3.28	0.277808219	4.24
27/05/2010	261.15	0.199166667	3.22	0.143561644	3.34	0.310753425	4.39
28/05/2010	280	0.043055556	3.05	0.120547945	3.29	0.256506849	4.15
31/05/2010	269.7	0.096111111	3.11	0.119315068	3.28	0.265136986	4.19
01/06/2010	272.5	0.063888889	3.07	0.171232877	3.41	0.266643836	4.19
02/06/2010	273.45	0.078055556	3.09	0.182328767	3.43	0.300753425	4.35
03/06/2010	271.3	0.129444444	3.14	0.133561644	3.32	0.299931507	4.34
04/06/2010	265.75	0.0825	3.09	0.189863014	3.45	0.320273973	4.43
07/06/2010	250	0.211111111	3.23	0.194520548	3.46	0.335616438	4.5
08/06/2010	260	0.188333333	3.21	0.134109589	3.32	0.304109589	4.36
09/06/2010	260	0.133333333	3.15	0.14630137	3.35	0.31369863	4.4
10/06/2010	259.5	0.15	3.17	0.132739726	3.32	0.317123288	4.42
11/06/2010	263.9	0.107222222	3.12	0.126438356	3.3	0.303013699	4.36
14/06/2010	260	0.144444444	3.16	0.150684932	3.36	0.313082192	4.4
15/06/2010	261	0.131944444	3.15	0.152876712	3.36	0.310958904	4.39
16/06/2010	263.5	0.075	3.08	0.135205479	3.32	0.298287671	4.34
17/06/2010	271	-0.055	2.97	0.128630137	3.31	0.279109589	4.25
18/06/2010	270.1	0.076666667	3.08	0.142191781	3.34	0.280684932	4.26
21/06/2010	272.5	0.178888889	3.2	0.117808219	3.28	0.280890411	4.26
22/06/2010	269.55	0.156944444	3.17	0.132876712	3.32	0.280068493	4.25
23/06/2010	276	0.1	3.11	0.118493151	3.28	0.282534247	4.27
24/06/2010	281	0.055555556	3.06	0.115068493	3.27	0.282328767	4.26
25/06/2010	276.95	0.016944444	3.02	0.095890411	3.23	0.289109589	4.29
28/06/2010	273.5	0.014166667	3.02	0.1	3.24	0.305890411	4.37
29/06/2010	278.8	-0.022222222	2.99	0.084931507	3.2	0.296369863	4.33
30/06/2010	272	-0.022222222	2.99	0.090684932	3.22	0.338356164	4.52
01/07/2010	271	-0.005555556	3	0.064383562	3.15	0.35239726	4.58
02/07/2010	271.6	0.035555556	3.04	0.097123288	3.23	0.351232877	4.57
05/07/2010	276	-0.036666667	2.98	0.075479452	3.18	0.339589041	4.52
06/07/2010	272	0.008888889	3.01	0.084794521	3.2	0.365753425	4.64
07/07/2010	273	-0.009166667	2.99	0.063013699	3.15	0.359246575	4.61
08/07/2010	278	-0.033333333	2.98	0.005616438	3.01	0.380273973	4.7
09/07/2010	282.1	-0.006111111	3	-0.005753425	2.99	0.380547945	4.7
12/07/2010	277.8	0.028888889	3.03	-0.004931507	2.99	0.412465753	4.85
13/07/2010	275	0.028333333	3.03	-0.005479452	2.99	0.410273973	4.84
14/07/2010	280	-0.027777778	2.98	0.002739726	3.01	0.395479452	4.77
15/07/2010	280.1	-0.02	2.99	0.003972603	3.01	0.397123288	4.78
16/07/2010	279.6	0.012222222	3.01	0.009315068	3.02	0.391643836	4.75
19/07/2010	276.8	0.043333333	3.05	0.014109589	3.03	0.401643836	4.8
20/07/2010	285	0.050555556	3.06	0.02739726	3.07	0.36369863	4.63
21/07/2010	283.9	0.111388889	3.12	0.029315068	3.07	0.380684932	4.7
22/07/2010	282	0.094444444	3.1	0.024794521	3.06	0.380821918	4.71
23/07/2010	283	0.111111111	3.12	0.038356164	3.09	0.376917808	4.69
26/07/2010	282.85	0.123611111	3.14	0.01109589	3.03	0.400205479	4.79
27/07/2010	287	0.061111111	3.07	0.009589041	3.02	0.419178082	4.88
28/07/2010	287	0.033055556	3.04	0.029589041	3.07	0.411917808	4.84
29/07/2010	272.45	0.136388889	3.15	0.099589041	3.24	0.442328767	4.98
30/07/2010	270	0.155555556	3.17	0.109726027	3.26	0.446575342	5
02/08/2010	273	0.148333333	3.16	0.098630137	3.24	0.420547945	4.88
03/08/2010	270.2	0.1475	3.16	0.121643836	3.29	0.424315068	4.9
04/08/2010	269.5	0.152777778	3.17	0.120410959	3.29	0.384315068	4.72
05/08/2010	265.2	0.173888889	3.19	0.115616438	3.28	0.421643836	4.89
06/08/2010	270	0.177777778	3.2	0.113287671	3.27	0.431438356	4.93
09/08/2010	269.8	0.183888889	3.2	0.137260274	3.33	0.413972603	4.85
10/08/2010	271	0.188611111	3.21	0.130273973	3.31	0.404589041	4.81
11/08/2010	268.45	0.175277778	3.19	0.126849315	3.3	0.40760274	4.83
12/08/2010	268	0.183333333	3.2	0.127260274	3.3	0.409863014	4.84
13/08/2010	270.9	0.173333333	3.19	0.118630137	3.28	0.410410959	4.84
16/08/2010	267	0.137222222	3.15	0.131506849	3.31	0.387671233	4.74
17/08/2010	270	0.110555556	3.12	0.123287671	3.29	0.371232877	4.66
18/08/2010	267.9	0.067222222	3.07	0.104383562	3.25	0.393287671	4.76
19/08/2010	267	0.100833333	3.11	0.080958904	3.19	0.399383562	4.79
20/08/2010	268.8	0.099722222	3.11	0.07630137	3.18	0.349589041	4.57
23/08/2010	284.8	-0.004444444	3	0.018356164	3.04	0.359041096	4.61
24/08/2010	293	-0.103888889	2.94	0.007123288	3.02	0.350684932	4.57
25/08/2010	295.4	-0.140555556	2.91	0.006849315	3.02	0.379589041	4.7
26/08/2010	286.4	0.074166667	3.08	0.032739726	3.08	0.387123288	4.73
27/08/2010	284	0.119444444	3.13	0.042739726	3.1	0.396986301	4.78
30/08/2010	293.6	0.073888889	3.08	0.017260274	3.04	0.391917808	4.76
31/08/2010	287	0.055555556	3.06	0.046575342	3.11	0.404246575	4.81
01/09/2010	286	0.016666667	3.02	0.049452055	3.12	0.405068493	4.81
02/09/2010	290.95	0.005277778	3.01	0.035616438	3.08	0.407054795	4.82
03/09/2010	289.8	-0.012777778	2.99	0.038767123	3.09	0.424931507	4.9
06/09/2010	285.5	0.000277778	3	0.057808219	3.14	0.439520548	4.97
07/09/2010	282.5	0.033888889	3.04	0.048630137	3.12	0.440136986	4.97
08/09/2010	281.6	0.045277778	3.05	0.060684932	3.14	0.436027397	4.95
09/09/2010	285.3	0.037222222	3.04	0.087534247	3.21	0.437945205	4.96
13/09/2010	285.5	0.062222222	3.07	0.063972603	3.15	0.425342466	4.9
14/09/2010	291.45	0.088611111	3.1	0.055890411	3.13	0.42130137	4.89
15/09/2010	295	0.022222222	3.02	0.060273973	3.14	0.424657534	4.9
16/09/2010	288	0.120277778	3.13	0.068356164	3.16	0.430136986	4.93
17/09/2010	283.6	0.119722222	3.13	0.083013699	3.2	0.433424658	4.94
20/09/2010	287.5	0.120277778	3.13	0.061369863	3.15	0.436232877	4.95
21/09/2010	288.5	0.147222222	3.16	0.061643836	3.15	0.418082192	4.87
22/09/2010	287	0.1425	3.16	0.057534247	3.14	0.413356164	4.85
23/09/2010	285.8	0.15	3.17	0.040958904	3.1	0.416712329	4.87
24/09/2010	281.5	0.280833333	3.31	0.038219178	3.09	0.398630137	4.79
27/09/2010	291.9	0.122777778	3.14	0.051232877	3.12	0.394657534	4.77
28/09/2010	297.4	0.095	3.1	-0.00109589	3	0.395136986	4.77
29/09/2010	305	0.030555556	3.03	-0.001780822	3	0.360273973	4.61
30/09/2010	299.3	0.060555556	3.07	-0.011643836	2.98	0.329863014	4.48
01/10/2010	305	0.016666667	3.02	-0.02739726	2.96	0.34109589	4.53
04/10/2010	314.8	-0.082222222	2.95	-0.041917808	2.94	0.344109589	4.54
05/10/2010	312.5	-0.008333333	2.99	-0.024657534	2.96	0.352534247	4.58
06/10/2010	315.05	-0.042777778	2.97	-0.02890411	2.96		
07/10/2010	320.25	-0.015277778	2.99	-0.052328767	2.92		
08/10/2010	311.95	0.005833333	3.01	-0.023424658	2.96		
11/10/2010	310	0.055555556	3.06	-0.014246575	2.98		
12/10/2010	309.4	0.06	3.07	-0.026849315	2.96		
13/10/2010	305	0.055555556	3.06	-0.019041096	2.97		
14/10/2010	312.8	0.039444444	3.04	-0.025068493	2.96		
15/10/2010	310.25	0.062777778	3.07	-0.021369863	2.97		
18/10/2010	302.8	0.073333333	3.08	0.005616438	3.01		
19/10/2010	297.7	0.053611111	3.06	0.023013699	3.05		
20/10/2010	309	0.002222222	3	0	3		
21/10/2010	307.65	0.024166667	3.03	-0.001780822	3		
22/10/2010	320	-0.047777778	2.97	-0.022191781	2.97		
25/10/2010	319	-0.074722222	2.95	-0.023835616	2.96		
26/10/2010	320	-0.025	2.98	-0.026575342	2.96		
27/10/2010	314.4	0.053333333	3.06	-0.036712329	2.94		
28/10/2010	327	0.066666667	3.07	-0.046575342	2.93		
29/10/2010	319	0.081388889	3.09	-0.028356164	2.96		
01/11/2010	345	-0.102222222	2.94	-0.094383562	2.85		
02/11/2010	352	-0.166666667	2.9	-0.087671233	2.86		
03/11/2010	367.85	-0.311111111	2.81	-0.120136986	2.81		
04/11/2010	369.7	-0.312222222	2.81	-0.13630137	2.79		
05/11/2010	356	-0.2275	2.86	-0.10260274	2.84		
08/11/2010	370	-0.216666667	2.87	-0.136986301	2.79		
09/11/2010	380	-0.223611111	2.86	-0.161917808	2.75		
10/11/2010	370.85	-0.165833333	2.9	-0.139863014	2.78		
11/11/2010	368.4	-0.196666667	2.88	-0.121917808	2.81		
12/11/2010	362.5	-0.142222222	2.91	-0.103424658	2.84		
15/11/2010	350.65	-0.061388889	2.96	-0.064520548	2.9		
16/11/2010	350	-0.122777778	2.92	-0.041506849	2.94		
18/11/2010	345.25	-0.031944444	2.98	-0.055479452	2.91		
19/11/2010	343.1	-0.137222222	2.92	-0.046849315	2.93		
22/11/2010	355.5	-0.114166667	2.93	-0.083561644	2.87		
23/11/2010	355.6	-0.227222222	2.86	-0.081232877	2.87		
24/11/2010	353.45	-0.221944444	2.86	-0.050547945	2.92		
25/11/2010	357	-0.191111111	2.88	-0.067945205	2.9		
26/11/2010	359.1	-0.139444444	2.91	-0.066027397	2.9		
29/11/2010	357.8	-0.148888889	2.91	-0.060547945	2.91		
30/11/2010	353.2	-0.1725	2.89	-0.027945205	2.96		
01/12/2010	356.25	-0.184444444	2.89	0.022328767	3.05		
02/12/2010	365	-0.283333333	2.82	-0.041506849	2.94		
03/12/2010	376.9	-0.305	2.81	-0.067671233	2.9		
06/12/2010	375.05	-0.272777778	2.83	-0.021780822	2.97		
07/12/2010	384	-0.321111111	2.8	-0.091780822	2.86		
08/12/2010	385	-0.345555556	2.79	-0.132191781	2.8		
09/12/2010	384	-0.332222222	2.79	-0.128767123	2.8		
10/12/2010	353.9	-0.186944444	2.88	-0.03260274	2.95		
13/12/2010	351	-0.143333333	2.91	0.008356164	3.02		
14/12/2010	359.1	-0.180833333	2.89	-0.003013699	3		
15/12/2010	369.5	-0.269722222	2.83	-0.04	2.94		
16/12/2010	360.5	-0.222777778	2.86	-0.020547945	2.97		
20/12/2010	355.95	-0.183888889	2.89	-0.003561644	2.99		
21/12/2010	345	-0.120555556	2.93	0.016438356	3.04		
22/12/2010	359	-0.192222222	2.88	-0.012054795	2.98		
23/12/2010	350	-0.160555556	2.9	0.018356164	3.04		
24/12/2010	352.4	-0.173611111	2.89	-0.026027397	2.96		
27/12/2010	356	-0.217777778	2.87	0.005342466	3.01		
28/12/2010	354.85	-0.177222222	2.89	0.01369863	3.03		
29/12/2010	355	-0.193055556	2.88	0.010821918	3.03		
30/12/2010	359.7	-0.173333333	2.89	0.041917808	3.1		
31/12/2010	352	-0.122222222	2.92	0.045890411	3.11		
03/01/2011	363.9	-0.205	2.87	-0.007945205	2.99		
04/01/2011	359.95	-0.195277778	2.88	0.000136986	3		
05/01/2011	365	-0.233888889	2.86	-0.008219178	2.99		
06/01/2011	368.5	-0.247222222	2.85	-0.009041096	2.99		
07/01/2011	369	-0.258055556	2.84	-0.01	2.98		
10/01/2011	362	-0.202777778	2.87	0.011232877	3.03		
11/01/2011	343	-0.105555556	2.93	0.082465753	3.2		
12/01/2011	356	-0.214444444	2.87	0.032876712	3.08		
13/01/2011	351	-0.2	2.88	0.027123288	3.06		
14/01/2011	343	-0.180833333	2.89	0.054520548	3.13		
17/01/2011	332.65	-0.164722222	2.9	0.074520548	3.18		
18/01/2011	320.4	-0.102222222	2.94	0.140410959	3.33		
19/01/2011	313.9	-0.118055556	2.93	0.145616438	3.35		
20/01/2011	315	-0.073055556	2.95	0.131643836	3.31		
21/01/2011	318.7	-0.108333333	2.93	0.12630137	3.3		
24/01/2011	320.1	-0.100555556	2.94	0.146849315	3.35		
25/01/2011	333	-0.2	2.88	0.139726027	3.33		
27/01/2011	328.9	-0.161111111	2.9	0.160547945	3.38		
28/01/2011	314.6	-0.147777778	2.91	0.182191781	3.43		
31/01/2011	305	-0.077777778	2.95	0.205479452	3.49		
01/02/2011	308.5	-0.125277778	2.92	0.213835616	3.51		
02/02/2011	303	-0.074444444	2.95	0.238356164	3.57		
03/02/2011	294.45	0.002222222	3	0.262328767	3.63		
04/02/2011	290	0.071944444	3.08	0.273972603	3.65		
07/02/2011	293.1	0.071666667	3.08	0.243424658	3.58		
08/02/2011	297	0.050555556	3.06	0.230136986	3.55		
09/02/2011	287.75	0.0875	3.1	0.250821918	3.6		
10/02/2011	287	0.128055556	3.14	0.258082192	3.62		
11/02/2011	284	0.136666667	3.15	0.271780822	3.65		
14/02/2011	287.5	0.123888889	3.14	0.253424658	3.6		
15/02/2011	294.6	0.077777778	3.09	0.246027397	3.59		
16/02/2011	280.6	0.183055556	3.2	0.285753425	3.68		
17/02/2011	288	0.2	3.22	0.260958904	3.62		
18/02/2011	293.9	0.1075	3.12	0.231506849	3.55		
21/02/2011	284	0.283333333	3.31	0.249315068	3.59		
22/02/2011	286.5	0.297222222	3.33	0.267260274	3.64		
23/02/2011	283.2	0.204722222	3.23	0.276164384	3.66		
24/02/2011	286	0.2725	3.3	0.263013699	3.63		
25/02/2011	284.75	0.201388889	3.22	0.274109589	3.65		
28/02/2011	277	0.1775	3.2	0.378082192	3.9		
01/03/2011	261.1	0.290555556	3.32	0.408082192	3.97		
03/03/2011	283.9	0.133611111	3.15	0.361917808	3.86		
04/03/2011	304.7	0.029722222	3.03	0.309315068	3.74		
07/03/2011	297.8	0.095555556	3.11	0.324657534	3.77		
08/03/2011	294	0.126666667	3.14	0.330821918	3.79		
09/03/2011	291	0.121388889	3.13	0.341506849	3.81		
10/03/2011	280	0.210833333	3.23	0.369726027	3.88		
11/03/2011	276.05	0.255277778	3.28	0.380684932	3.91		
14/03/2011	274.8	0.226111111	3.25	0.383013699	3.91		
15/03/2011	268	0.278055556	3.31	0.403424658	3.96		
16/03/2011	270	0.273611111	3.3	0.397945205	3.95		
17/03/2011	278	0.25	3.28	0.357534247	3.85		
18/03/2011	269.4	0.236388889	3.26	0.385479452	3.92		
21/03/2011	273.6	0.202222222	3.22	0.394246575	3.94		
22/03/2011	271.35	0.213611111	3.24	0.380273973	3.91		
23/03/2011	272	0.183888889	3.2	0.385890411	3.92		
24/03/2011	281	0.075	3.08	0.360273973	3.86		
25/03/2011	283	0.133611111	3.15	0.375342466	3.9		
28/03/2011	280.1	0.130277778	3.14	0.424383562	4.01		
29/03/2011	275	0.155277778	3.17	0.465753425	4.11		
30/03/2011	276.5	0.108333333	3.12	0.413150685	3.99		
31/03/2011	281.8	-0.009722222	2.99	0.41	3.98		
01/04/2011	284.6	-0.025555556	2.98	0.363561644	3.87		
04/04/2011	294.1	-0.100555556	2.94	0.358767123	3.86		
05/04/2011	303.95	-0.171944444	2.89	0.338493151	3.81		
06/04/2011	299	-0.1	2.94	0.348219178	3.83		
07/04/2011	303	-0.119166667	2.93	0.365616438	3.87		
08/04/2011	305.1	-0.122777778	2.92	0.353287671	3.84		
11/04/2011	298	-0.089166667	2.94	0.361643836	3.86		
13/04/2011	292.95	0.011388889	3.01	0.375205479	3.89		
15/04/2011	297	-0.013333333	2.99	0.301506849	3.72		
18/04/2011	298	-0.038611111	2.98	0.311232877	3.74		
19/04/2011	299.7	-0.015	2.99	0.304794521	3.73		
20/04/2011	296.75	-0.054722222	2.97	0.313424658	3.75		
21/04/2011	297	-0.036111111	2.98	0.326027397	3.78		
25/04/2011	296.5	0.007222222	3.01	0.349315068	3.83		
26/04/2011	302	0.037777778	3.04	0.309589041	3.74		
27/04/2011	302.9	0.039722222	3.04	0.307534247	3.73		
28/04/2011	304.95	0.0225	3.02	0.315205479	3.75		
29/04/2011	300	0.081111111	3.09	0.334383562	3.8		
02/05/2011	301	0.069166667	3.08	0.319726027	3.76		
03/05/2011	302.1	0.029444444	3.03	0.320273973	3.76		
04/05/2011	291.7	0.109166667	3.12	0.345205479	3.82		
05/05/2011	289.9	0.166666667	3.18	0.320958904	3.77		
06/05/2011	280	0.214166667	3.24	0.33260274	3.79		
09/05/2011	285.15	0.164444444	3.18	0.335890411	3.8		
10/05/2011	286.75	0.153888889	3.17	0.365068493	3.87		
11/05/2011	284	0.167777778	3.18	0.367123288	3.88		
12/05/2011	274.3	0.226111111	3.25	0.393835616	3.94		
13/05/2011	270.1	0.249444444	3.27	0.421643836	4.01		
16/05/2011	299.75	0.034722222	3.04	0.302054795	3.72		
17/05/2011	305.5	-0.049722222	2.97	0.253561644	3.6		
18/05/2011	306.9	-0.056944444	2.96	0.259726027	3.62		
19/05/2011	297	-0.030555556	2.98	0.284657534	3.68		
20/05/2011	289	0.036666667	3.04	0.334246575	3.8		
23/05/2011	291.9	0.033333333	3.04	0.310821918	3.74		
24/05/2011	287.5	0.060277778	3.07	0.295479452	3.7		
25/05/2011	285.55	0.078055556	3.09	0.313013699	3.75		
26/05/2011	288.6	0.062777778	3.07	0.312054795	3.74		
27/05/2011	289.75	0.079166667	3.09	0.299315068	3.71		
30/05/2011	292	0.066944444	3.07	0.289041096	3.69		
31/05/2011	296.7	0.040277778	3.04	0.304931507	3.73		
01/06/2011	307.4	-0.019166667	2.99	0.344109589	3.82		
02/06/2011	299	0.042222222	3.05	0.354520548	3.85		
03/06/2011	309.65	-0.052222222	2.97	0.326986301	3.78		
06/06/2011	305.15	-0.007777778	3	0.364109589	3.87		
07/06/2011	309.15	0.045	3.05	0.33109589	3.79		
08/06/2011	315	-0.034166667	2.98	0.282191781	3.67		
09/06/2011	312.65	-0.004444444	3	0.332328767	3.79		
10/06/2011	312.8	0.023333333	3.03	0.307534247	3.73		
13/06/2011	332.05	-0.106111111	2.93	0.266164384	3.63		
14/06/2011	314	-0.000555556	3	0.315616438	3.75		
15/06/2011	314.5	-0.025555556	2.98	0.32739726	3.78		
16/06/2011	310.5	0.002777778	3	0.360273973	3.86		
17/06/2011	310.2	-0.012222222	2.99	0.344109589	3.82		
20/06/2011	308	-0.040277778	2.98	0.331506849	3.79		
21/06/2011	300	-0.025277778	2.98	0.369726027	3.88		
22/06/2011	311	-0.002222222	3	0.331917808	3.79		
23/06/2011	307.35	-0.0575	2.96	0.398630137	3.95		
24/06/2011	317.5	-0.073055556	2.95	0.35630137	3.85		
27/06/2011	313	-0.099722222	2.94	0.369863014	3.88		
28/06/2011	320	-0.138888889	2.91	0.317671233	3.76		
29/06/2011	320.2	-0.115	2.93	0.324109589	3.77		
30/06/2011	315	-0.063888889	2.96	0.342465753	3.82		
01/07/2011	319.9	-0.085555556	2.95	0.315342466	3.75		
04/07/2011	321.55	-0.113333333	2.93	0.324931507	3.77		
05/07/2011	316	-0.07	2.96	0.361369863	3.86		
06/07/2011	307.35	-0.014166667	2.99	0.330684932	3.79		
07/07/2011	309.4	-0.054444444	2.97	0.333287671	3.79		
08/07/2011	312	-0.0775	2.95	0.37260274	3.89		
11/07/2011	311.4	-0.043055556	2.97	0.366027397	3.87		
12/07/2011	305.55	-0.017222222	2.99	0.369041096	3.88		
13/07/2011	315.5	-0.059166667	2.96	0.374383562	3.89		
14/07/2011	324	-0.099444444	2.94	0.391780822	3.93		
15/07/2011	339	-0.166666667	2.9	0.379863014	3.91		
18/07/2011	333.65	-0.148055556	2.91	0.450273973	4.07		
19/07/2011	326.6	-0.081666667	2.95	0.447260274	4.07		
20/07/2011	322	-0.065	2.96	0.438219178	4.05		
21/07/2011	311.85	-0.008611111	2.99	0.488082192	4.16		
22/07/2011	313.5	-0.069444444	2.96	0.520547945	4.24		
25/07/2011	315.05	-0.028055556	2.98	0.563561644	4.34		
26/07/2011	331	-0.124166667	2.92	0.523287671	4.25		
27/07/2011	339.75	-0.162222222	2.9	0.559589041	4.33		
28/07/2011	341	-0.116666667	2.93	0.534246575	4.27		
29/07/2011	333	-0.05	2.97	0.54260274	4.29		
01/08/2011	336.9	-0.094166667	2.94	0.529041096	4.26		
02/08/2011	339.6	-0.116944444	2.93	0.560821918	4.34		
03/08/2011	327.9	-0.043888889	2.97	0.56739726	4.35		
04/08/2011	339.5	-0.103333333	2.94	0.549452055	4.31		
05/08/2011	318.4	0.007777778	3.01	0.564657534	4.35		
08/08/2011	334.95	-0.061388889	2.96	0.522465753	4.25		
09/08/2011	314.7	0.055833333	3.06	0.630958904	4.5		
10/08/2011	313.5	0.075555556	3.08	0.631506849	4.51		
11/08/2011	322.6	0.068055556	3.07	0.573835616	4.37		
12/08/2011	334	-0.05	2.97	0.485068493	4.16		
16/08/2011	331	-0.027777778	2.98	0.483561644	4.15		
17/08/2011	322.15	0.015833333	3.02	0.519726027	4.24		
18/08/2011	323.05	0.016111111	3.02	0.525890411	4.25		
19/08/2011	314	0.116666667	3.13	0.556164384	4.33		
22/08/2011	322	0.056666667	3.06	0.520410959	4.24		
23/08/2011	325.95	0.050277778	3.06	0.454383562	4.08		
24/08/2011	326.2	0.052777778	3.06	0.44	4.05		
25/08/2011	322.8	0.112222222	3.12	0.446027397	4.06		
26/08/2011	324.2	0.223333333	3.25	0.430136986	4.03		
29/08/2011	320.25	0.164444444	3.18	0.539452055	4.29		
30/08/2011	325.2	0.15	3.17	0.505616438	4.21		
02/09/2011	326.55	0.225277778	3.25	0.55739726	4.33		
05/09/2011	320.95	0.164166667	3.18	0.490547945	4.17		
06/09/2011	320.4	0.090833333	3.1	0.505342466	4.21		
07/09/2011	322.85	0.078611111	3.09	0.53109589	4.27		
08/09/2011	323.3	0.103888889	3.11	0.522739726	4.25		
09/09/2011	324.4	0.164722222	3.18	0.519452055	4.24		
12/09/2011	321.1	0.205	3.23	0.503835616	4.2		
13/09/2011	321.15	0.1875	3.21	0.485890411	4.16		
14/09/2011	316.8	0.201111111	3.22	0.485205479	4.16		
15/09/2011	322.95	0.176111111	3.19	0.457808219	4.09		
16/09/2011	320.25	0.170833333	3.19	0.505890411	4.21		
19/09/2011	328.5	0.145	3.16	0.510821918	4.22		
20/09/2011	330	0.148333333	3.16	0.471506849	4.12		
21/09/2011	327	0.088333333	3.1	0.463150685	4.1		
22/09/2011	324.8	0.184166667	3.2	0.487808219	4.16		
23/09/2011	322.9	0.205277778	3.23	0.520684932	4.24		
26/09/2011	324	0.194166667	3.21	0.482054795	4.15		
27/09/2011	322.55	0.291388889	3.32	0.510410959	4.22		
28/09/2011	325.5	0.240277778	3.26	0.51369863	4.23		
29/09/2011	324	0.205555556	3.23	0.515753425	4.23		
30/09/2011	317.4	0.236666667	3.26	0.530410959	4.26		
03/10/2011	315	0.261111111	3.29	0.535342466	4.28		
04/10/2011	310.45	0.304166667	3.33	0.523972603	4.25		
05/10/2011	303	0.346388889	3.38	0.543150685	4.3		
07/10/2011	302	0.356111111	3.39	0.554931507	4.32		
10/10/2011	292.65	0.446944444	3.49	0.554794521	4.32		
11/10/2011	301.85	0.3675	3.4	0.550273973	4.31		
12/10/2011	299.2	0.342777778	3.38	0.564520548	4.35		
13/10/2011	302	0.338333333	3.37	0.564657534	4.35		
14/10/2011	297	0.349166667	3.38	0.561643836	4.34		
17/10/2011	299.9	0.398611111	3.44	0.508219178	4.21		
18/10/2011	288	0.439166667	3.48	0.56630137	4.35		
19/10/2011	291	0.400277778	3.44	0.566027397	4.35		
20/10/2011	285.95	0.438055556	3.48	0.55630137	4.33		
21/10/2011	289.6	0.467222222	3.51	0.570821918	4.36		
24/10/2011	294.85	0.495277778	3.55	0.561643836	4.34		
25/10/2011	302.95	0.469722222	3.52	0.523287671	4.25		
26/10/2011	306	0.417222222	3.46	0.519315068	4.24		
28/10/2011	306.1	0.410555556	3.45	0.510547945	4.22		
31/10/2011	303.5	0.461388889	3.51	0.447945205	4.07		
01/11/2011	310.05	0.444166667	3.49	0.440136986	4.05		
02/11/2011	308.6	0.453333333	3.5	0.461780822	4.1		
03/11/2011	309.8	0.445555556	3.49	0.419452055	4		
04/11/2011	308.6	0.4075	3.45	0.447671233	4.07		
08/11/2011	313.55	0.374722222	3.41	0.425616438	4.02		
09/11/2011	324	0.307222222	3.34	0.449315068	4.07		
11/11/2011	313.25	0.3775	3.42	0.421917808	4.01		
14/11/2011	335	0.267777778	3.29	0.351369863	3.84		
15/11/2011	340	0.222222222	3.24	0.348356164	3.83		
16/11/2011	320.05	0.3575	3.39	0.473835616	4.13		
17/11/2011	335.05	0.276944444	3.3	0.425205479	4.01		
18/11/2011	321	0.345833333	3.38	0.489178082	4.17		
21/11/2011	308.95	0.385833333	3.42	0.509726027	4.22		
22/11/2011	313.4	0.342222222	3.38	0.461917808	4.1		
23/11/2011	307.95	0.422777778	3.47	0.496027397	4.18		
24/11/2011	310.05	0.410833333	3.45	0.495753425	4.18		
25/11/2011	315	0.372222222	3.41	0.466027397	4.11		
28/11/2011	316.8	0.377777778	3.42	0.470547945	4.12		
29/11/2011	312.85	0.5675	3.62	0.479863014	4.14		
30/11/2011	317.95	0.511666667	3.56	0.44739726	4.07		
01/12/2011	322	0.522222222	3.57	0.418493151	4		
02/12/2011	315.5	0.567222222	3.62	0.436986301	4.04		
05/12/2011	318.05	0.545833333	3.6	0.436986301	4.04		
06/12/2011	319.25	0.530555556	3.58	0.423972603	4.01		
07/12/2011	323	0.514722222	3.57	0.43630137	4.04		
08/12/2011	311.95	0.572222222	3.63	0.479863014	4.14		
09/12/2011	310	0.583333333	3.64	0.487671233	4.16		
12/12/2011	309.8	0.582222222	3.64	0.512328767	4.22		
13/12/2011	305.1	0.611944444	3.67	0.520684932	4.24		
14/12/2011	294.5	0.670833333	3.74	0.615068493	4.47		
15/12/2011	307.05	0.563611111	3.62	0.606027397	4.45		
16/12/2011	303.55	0.591944444	3.65	0.614931507	4.47		
19/12/2011	302.95	0.636388889	3.7	0.605342466	4.44		
20/12/2011	296	0.634166667	3.7	0.665753425	4.59		
21/12/2011	280.05	0.737777778	3.81	0.699178082	4.67		
22/12/2011	280	0.736111111	3.81	0.755068493	4.8		
23/12/2011	276	0.8	3.88	0.777808219	4.85		
26/12/2011	273	0.9	3.99	0.838082192	5		
27/12/2011	281	0.911111111	4	0.804109589	4.92		
28/12/2011	281.55	0.809722222	3.89	0.786712329	4.88		
29/12/2011	283	0.824722222	3.91	0.78630137	4.88		
30/12/2011	281.95	0.751944444	3.83	0.776849315	4.85		
02/01/2012	295	0.7225	3.8	0.753424658	4.8		
03/01/2012	294.6	0.738333333	3.81	0.70109589	4.67		
04/01/2012	291.05	0.750277778	3.83	0.741780822	4.77		
05/01/2012	297	0.774722222	3.85	0.720547945	4.72		
06/01/2012	286.9	0.8175	3.9	0.743150685	4.77		
09/01/2012	290.5	0.775	3.85	0.779452055	4.86		
10/01/2012	297.8	0.733888889	3.81	0.808767123	4.93		
11/01/2012	308.8	0.545833333	3.6	0.764109589	4.82		
12/01/2012	310.05	0.564166667	3.62	0.781643836	4.86		
13/01/2012	309	0.566388889	3.62	0.78630137	4.88		
16/01/2012	314.6	0.536388889	3.59	0.727123288	4.73		
17/01/2012	313.45	0.569722222	3.63	0.730136986	4.74		
18/01/2012	307.4	0.647777778	3.71	0.664794521	4.59		
19/01/2012	311.35	0.575833333	3.63	0.716849315	4.71		
20/01/2012	319.9	0.529166667	3.58	0.726164384	4.73		
23/01/2012	318.55	0.563611111	3.62	0.694383562	4.66		
24/01/2012	314.75	0.596111111	3.66	0.689315068	4.64		
25/01/2012	314.45	0.573611111	3.63	0.689178082	4.64		
26/01/2012	314.2	0.582222222	3.64	0.693150685	4.65		
27/01/2012	315	0.570555556	3.63	0.7	4.67		
30/01/2012	315	0.511388889	3.56	0.643835616	4.54		
31/01/2012	306	0.53	3.58	0.643835616	4.54		
01/02/2012	296.55	0.617777778	3.68	0.708082192	4.69		
02/02/2012	296.65	0.685277778	3.75	0.717534247	4.71		
03/02/2012	291.5	0.702777778	3.77	0.636986301	4.52		
06/02/2012	295.6	0.680277778	3.75	0.688493151	4.64		
07/02/2012	297.9	0.700555556	3.77	0.687945205	4.64		
08/02/2012	298.35	0.620277778	3.68	0.75109589	4.79		
09/02/2012	299.6	0.546944444	3.6	0.738082192	4.76		
10/02/2012	299.9	0.565555556	3.62	0.750410959	4.79		
13/02/2012	304	0.538333333	3.59	0.755342466	4.8		
14/02/2012	304.05	0.594166667	3.65	0.761780822	4.82		
15/02/2012	303.95	0.563333333	3.62	0.760958904	4.81		
16/02/2012	303.95	0.507777778	3.56	0.778493151	4.86		
17/02/2012	306.6	0.517777778	3.57	0.803835616	4.92		
20/02/2012	300.25	0.568055556	3.63	0.838630137	5		
21/02/2012	303.75	0.529166667	3.58	0.822054795	4.96		
22/02/2012	317.25	0.445833333	3.49	0.774383562	4.85		
23/02/2012	308.85	0.550833333	3.61	0.811369863	4.93		
24/02/2012	311.85	0.673055556	3.74	0.778493151	4.86		
27/02/2012	317	0.618888889	3.68	0.77260274	4.84		
28/02/2012	312.95	0.644722222	3.71	0.800136986	4.91		
29/02/2012	313.9	0.689722222	3.76	0.789315068	4.88		
01/03/2012	309.9	0.667222222	3.73	0.794794521	4.9		
02/03/2012	311	0.594444444	3.65	0.808082192	4.93		
05/03/2012	308	0.699722222	3.77	0.782739726	4.87		
06/03/2012	300.75	0.690555556	3.76	0.789041096	4.88		
07/03/2012	295.45	0.743055556	3.82	0.806986301	4.92		
08/03/2012	310.6	0.658888889	3.73	0.717534247	4.71		
09/03/2012	297	0.761111111	3.84	0.775342466	4.85		
12/03/2012	304.35	0.764722222	3.84	0.771232877	4.84		
13/03/2012	295.05	0.781944444	3.86	0.747808219	4.78		
14/03/2012	295	0.744444444	3.82	0.671506849	4.6		
15/03/2012	299.5	0.7525	3.83	0.697260274	4.66		
16/03/2012	303.5	0.714722222	3.79	0.719178082	4.72		
19/03/2012	304.5	0.824166667	3.91	0.726986301	4.73		
20/03/2012	301.15	0.813333333	3.9				
21/03/2012	303.4	0.803333333	3.88				
22/03/2012	304.8	0.728611111	3.8				
23/03/2012	299.6	0.771666667	3.85				
26/03/2012	298.05	0.788611111	3.87				
27/03/2012	303.65	0.729722222	3.8				
28/03/2012	302.45	0.765	3.84				
29/03/2012	304.85	0.794722222	3.87				
30/03/2012	306.1	0.6775	3.75				
02/04/2012	309	0.678055556	3.75				
03/04/2012	307	0.783333333	3.86				
04/04/2012	311.9	0.739444444	3.81				
05/04/2012	310.3	0.721944444	3.79				
06/04/2012	310.3	0.788055556	3.87				
09/04/2012	301	0.922222222	4.02				
10/04/2012	310	0.931388889	4.03				
11/04/2012	308.65	1.051944444	4.16				
12/04/2012	310.55	0.996111111	4.1				
13/04/2012	320	0.899722222	3.99				
16/04/2012	324	0.922222222	4.02				
17/04/2012	319.95	1.019722222	4.12				
18/04/2012	318.55	1.123333333	4.24				
19/04/2012	320	1.122222222	4.24				
20/04/2012	320.9	1.239444444	4.36				
23/04/2012	319.8	1.201111111	4.32				
24/04/2012	323.9	1.150833333	4.27				
25/04/2012	324.75	1.140277778	4.26				
26/04/2012	327.1	1.206666667	4.33				
27/04/2012	334.85	1.111944444	4.22				
30/04/2012	325	1.194722222	4.32				
01/05/2012	326	1.102777778	4.21				
02/05/2012	325	1.114722222	4.23				
03/05/2012	325.95	1.216944444	4.34				
04/05/2012	335	1.161111111	4.28				
07/05/2012	332.2	1.110277778	4.22				
08/05/2012	335	0.978055556	4.08				
09/05/2012	335.7	0.954444444	4.05				
10/05/2012	343	0.938055556	4.03				
11/05/2012	364.4	0.836666667	3.92				
14/05/2012	349.85	0.928611111	4.02				
15/05/2012	352.2	0.8875	3.98				
16/05/2012	367.1	0.692777778	3.76				
17/05/2012	350.5	0.757222222	3.83				
18/05/2012	336.75	0.826944444	3.91				
21/05/2012	337	0.801111111	3.88				
22/05/2012	342	0.973055556	4.07				
23/05/2012	354.05	0.865	3.95				
24/05/2012	358	0.955555556	4.05				
25/05/2012	354.9	0.806111111	3.89				
28/05/2012	353	0.843611111	3.93				
29/05/2012	354.65	0.900277778	3.99				
30/05/2012	351	0.906111111	4				
31/05/2012	354.6	0.885555556	3.97				
01/06/2012	356.7	0.823888889	3.91				
04/06/2012	342.9	0.864444444	3.95				
05/06/2012	357.95	0.755277778	3.83				
06/06/2012	359.85	0.723333333	3.8				
07/06/2012	358.95	0.810833333	3.89				
08/06/2012	375	0.7775	3.86				
11/06/2012	368.75	0.740833333	3.82				
12/06/2012	361	0.750277778	3.83				
13/06/2012	360	0.793611111	3.87				
14/06/2012	362	0.838611111	3.92				
15/06/2012	365.2	0.748611111	3.82				
18/06/2012	365.35	0.797222222	3.88				
19/06/2012	366.1	0.816111111	3.9				
20/06/2012	373.1	0.773055556	3.85				
21/06/2012	368	0.794444444	3.87				
22/06/2012	360.9	0.830555556	3.91				
25/06/2012	362.9	0.771111111	3.85				
26/06/2012	359.85	0.785555556	3.86				
27/06/2012	371.65	0.738333333	3.81				
28/06/2012	367.05	0.711666667	3.78				
29/06/2012	363.05	0.775833333	3.85				
02/07/2012	364.8	0.780277778	3.86				
03/07/2012	373.7	0.746666667	3.82				
04/07/2012	384	0.655555556	3.72				
05/07/2012	387.5	0.543888889	3.6				
06/07/2012	381.1	0.631111111	3.69				
09/07/2012	380	0.653333333	3.72				
10/07/2012	386.55	0.569166667	3.63				
11/07/2012	390	0.599722222	3.66				
12/07/2012	390.2	0.609166667	3.67				
13/07/2012	390	0.5775	3.64				
16/07/2012	381.95	0.631111111	3.69				
17/07/2012	381	0.619166667	3.68				
18/07/2012	379.3	0.487222222	3.54				
19/07/2012	381.2	0.497222222	3.55				
20/07/2012	383.2	0.521944444	3.57				
23/07/2012	380	0.460555556	3.51				
24/07/2012	384.4	0.486666667	3.54				
25/07/2012	384.9	0.466666667	3.51				
26/07/2012	383.25	0.581944444	3.64				
27/07/2012	378.4	0.493611111	3.54				
30/07/2012	375	0.490277778	3.54				
31/07/2012	384.05	0.461666667	3.51				
01/08/2012	384	0.605555556	3.67				
02/08/2012	382	0.601388889	3.66				
03/08/2012	384.8	0.6375	3.7				
06/08/2012	415	0.444444444	3.49				
07/08/2012	410.05	0.399722222	3.44				
08/08/2012	416	0.405555556	3.45				
09/08/2012	417.6	0.407777778	3.45				
10/08/2012	416.3	0.382222222	3.42				
13/08/2012	414.75	0.41	3.45				
14/08/2012	415.65	0.401944444	3.44				
15/08/2012	414.95	0.368333333	3.41				
16/08/2012	415	0.331944444	3.37				
17/08/2012	414.6	0.335555556	3.37				
20/08/2012	415.25	0.346111111	3.38				
21/08/2012	415.25	0.326388889	3.36				
22/08/2012	408.5	0.409722222	3.45				
23/08/2012	410.1	0.427777778	3.47				
24/08/2012	417.5	0.391666667	3.43				
27/08/2012	410.15	0.481388889	3.53				
28/08/2012	412.85	0.457222222	3.5				
29/08/2012	412.5	0.591666667	3.65				
30/08/2012	420	0.601388889	3.66				
31/08/2012	435	0.516666667	3.57				
03/09/2012	445	0.438333333	3.48				
04/09/2012	427.3	0.620555556	3.68				
05/09/2012	431.45	0.576666667	3.63				
06/09/2012	417.3	0.768333333	3.85				
07/09/2012	425.05	0.749166667	3.82				
10/09/2012	427.5	0.841111111	3.93				
11/09/2012	426.1	0.824444444	3.91				
12/09/2012	436.45	0.734722222	3.81				
13/09/2012	434.05	0.755277778	3.83				
14/09/2012	430	0.752777778	3.83				
17/09/2012	429.9	0.778333333	3.86				
18/09/2012	407.05	0.796944444	3.88				
19/09/2012	411.6	0.834444444	3.92				
20/09/2012	410.95	0.828055556	3.91				
21/09/2012	411.15	0.816666667	3.9				
24/09/2012	416	0.883333333	3.97				
25/09/2012	424	0.938888889	4.03				
26/09/2012	415	0.959444444	4.06				
27/09/2012	415.15	1.001111111	4.1				
28/09/2012	420	0.977777778	4.08				
01/10/2012	422.05	0.8775	3.97				
02/10/2012	417.7	0.901388889	3.99				
03/10/2012	419	0.728055556	3.8				
04/10/2012	417.7	0.862777778	3.95				
05/10/2012	407.05	0.988333333	4.09				
08/10/2012	401.4	0.947777778	4.04				
09/10/2012	407.75	0.881111111	3.97				
10/10/2012	420	0.811111111	3.89				
11/10/2012	418	0.828888889	3.91				
12/10/2012	418.05	0.846944444	3.93				
15/10/2012	424	0.7	3.77				
16/10/2012	410	0.727777778	3.8				
17/10/2012	398.05	0.871944444	3.96				
18/10/2012	401.7	0.871388889	3.96				
19/10/2012	400.9	0.683888889	3.75				
22/10/2012	411	0.755	3.83				
23/10/2012	405.35	0.798055556	3.88				
24/10/2012	395.35	0.984166667	4.08				
25/10/2012	399.8	0.94	4.03				
26/10/2012	402.5	0.951666667	4.05				
29/10/2012	399	1.003888889	4.11				
30/10/2012	397.5	1.025555556	4.13				
31/10/2012	408	0.965	4.06				
01/11/2012	433	0.861666667	3.95				
02/11/2012	428.4	0.953333333	4.05				
05/11/2012	429	0.985277778	4.08				
06/11/2012	438.05	0.920833333	4.01				
07/11/2012	430	0.943888889	4.04				
08/11/2012	418	1.038888889	4.14				
09/11/2012	433.95	0.900277778	3.99				
12/11/2012	425.05	0.966388889	4.06				
13/11/2012	429.2	0.976666667	4.08				
14/11/2012	429.2	0.96	4.06				
15/11/2012	434	0.922222222	4.02				
16/11/2012	442	0.910833333	4				
19/11/2012	435.8	0.877222222	3.97				
20/11/2012	429	0.8875	3.98				
21/11/2012	434.95	0.861388889	3.95				
22/11/2012	432.15	0.779722222	3.86				
23/11/2012	452.85	0.706388889	3.78				
26/11/2012	447.55	0.768333333	3.85				
27/11/2012	448	0.666666667	3.73				
28/11/2012	435.95	0.578611111	3.64				
29/11/2012	438.5	0.641666667	3.71				
30/11/2012	440	0.7	3.77				
03/12/2012	435	0.749166667	3.82				
04/12/2012	440.15						
05/12/2012	447.9						
06/12/2012	428.05						
07/12/2012	431.05						
10/12/2012	448						
11/12/2012	445						
12/12/2012	440.25						
13/12/2012	452.15						
14/12/2012	467						
17/12/2012	477.65						
18/12/2012	498						
19/12/2012	489.85						
20/12/2012	481.95						
21/12/2012	490						
24/12/2012	503.5						
25/12/2012	520.75						
26/12/2012	522						
27/12/2012	544						
28/12/2012	536						
31/12/2012	531.05						
01/01/2013	530						
02/01/2013	544.3						
03/01/2013	535						
04/01/2013	540.05						
07/01/2013	524.5						
08/01/2013	525.65						
09/01/2013	545						
10/01/2013	544						
11/01/2013	532.05						
14/01/2013	511.05						
15/01/2013	507.5						
16/01/2013	511.85						
17/01/2013	515						
18/01/2013	517						
21/01/2013	511.95						
22/01/2013	491.8						
23/01/2013	486.8						
24/01/2013	485.6						
25/01/2013	481.2						
28/01/2013	517.15						
29/01/2013	509.75						
30/01/2013	530						
31/01/2013	500						
01/02/2013	504.85						
04/02/2013	516.7						
05/02/2013	514.1						
06/02/2013	514						
07/02/2013	505						
08/02/2013	498.5						
11/02/2013	493.9						
12/02/2013	490.05						
13/02/2013	504.9						
14/02/2013	514.95						
15/02/2013	502.1						
18/02/2013	496.05						
19/02/2013	502.85						
20/02/2013	512.95						
21/02/2013	499.95						
22/02/2013	508.85						
25/02/2013	513						
26/02/2013	512.25						
27/02/2013	511						
28/02/2013	510.4						
01/03/2013	501.7						
04/03/2013	501.25						
05/03/2013	504.55						
06/03/2013	495.15						
07/03/2013	502.7						
08/03/2013	505.25						
11/03/2013	508.1						
12/03/2013	502						
13/03/2013	485.4						
14/03/2013	494.7						
15/03/2013	497.6						
18/03/2013	489						
19/03/2013	497.95						
20/03/2013	499.85						
21/03/2013	493.95						
22/03/2013	495.55						
25/03/2013	492.45						
26/03/2013	467						
27/03/2013	470.7						
28/03/2013	477.15						
29/03/2013	462.9						
01/04/2013	472						
02/04/2013	468.9						
03/04/2013	488						
04/04/2013	467.25						
05/04/2013	463.25						
08/04/2013	467.15						
09/04/2013	493						
10/04/2013	490.25						
11/04/2013	499.55						
12/04/2013	495						
15/04/2013	482						
16/04/2013	489						
17/04/2013	491						
18/04/2013	485.1						
19/04/2013	488.55						
22/04/2013	488						
23/04/2013	481.25						
24/04/2013	474.75						
25/04/2013	475						
26/04/2013	477.55						
29/04/2013	474						
30/04/2013	482.25						
01/05/2013	487.1						
02/05/2013	488						
03/05/2013	496.8						
06/05/2013	495.15						
07/05/2013	519						
08/05/2013	528.25						
09/05/2013	528						
10/05/2013	523.9						
13/05/2013	539						
14/05/2013	535.25						
15/05/2013	555.6						
16/05/2013	559.9						
17/05/2013	578.9						
20/05/2013	574.5						
21/05/2013	568.7						
22/05/2013	570						
23/05/2013	565.5						
24/05/2013	570						
27/05/2013	550.5						
28/05/2013	561.8						
29/05/2013	560						
30/05/2013	558.15						
31/05/2013	575						
03/06/2013	593						
04/06/2013	587.7						
05/06/2013	595.35						
06/06/2013	596						
07/06/2013	580						
10/06/2013	579.95						
11/06/2013	550.05						
12/06/2013	573						
13/06/2013	584.95						
14/06/2013	572						
17/06/2013	566.35						
18/06/2013	566						
19/06/2013	567.2						
20/06/2013	570.5						
21/06/2013	550						
24/06/2013	541						
25/06/2013	555						
26/06/2013	558.55						
27/06/2013	524						
28/06/2013	546.9						
01/07/2013	549						
02/07/2013	572.5						
03/07/2013	569						
04/07/2013	573.8						
05/07/2013	579.7						
08/07/2013	582.1						
09/07/2013	581.7						
10/07/2013	588.1						
11/07/2013	600						
12/07/2013	606.35						
15/07/2013	603.8						
16/07/2013	599.9						
17/07/2013	605						
18/07/2013	596						
19/07/2013	599						
22/07/2013	605						
23/07/2013	602						
24/07/2013	600						
25/07/2013	605.95						
26/07/2013	593.7						
29/07/2013	588.75						
30/07/2013	590						
31/07/2013	572.5						
01/08/2013	580						
02/08/2013	585.85						
05/08/2013	568						
06/08/2013	540.1						
07/08/2013	554						
08/08/2013	566						
09/08/2013	569.85						
12/08/2013	566.1						