09/03/2007	85	0.205	3.89	-0.000410959	3	-0.037260274	2.33
12/03/2007	87.2	0.193333333	3.84	-0.010958904	2.92	-0.040273973	2.27
13/03/2007	88	0.175555556	3.77	-0.013972603	2.9	-0.042808219	2.23
14/03/2007	87	0.21	3.92	-0.008767123	2.94	-0.040410959	2.27
15/03/2007	88.25	0.176388889	3.77	-0.018219178	2.87	-0.042671233	2.23
16/03/2007	91.8	0.178888889	3.78	-0.025616438	2.82	-0.04630137	2.17
19/03/2007	93	0.187777778	3.82	-0.030136986	2.79	-0.048767123	2.12
20/03/2007	94.25	0.175277778	3.76	-0.030958904	2.78	-0.048972603	2.12
21/03/2007	94.25	0.178055556	3.78	-0.036849315	2.74	-0.049794521	2.1
22/03/2007	93.9	0.237777778	4.04	-0.028493151	2.8	-0.047876712	2.14
23/03/2007	103	0.180555556	3.79	-0.056164384	2.6	-0.060821918	1.9
26/03/2007	95.6	0.235555556	4.03	-0.027808219	2.8	-0.050821918	2.08
28/03/2007	93	0.178055556	3.78	-0.022054795	2.84	-0.048219178	2.13
29/03/2007	90.6	0.271666667	4.19	-0.014520548	2.9	-0.047260274	2.15
30/03/2007	96	0.244444444	4.07	-0.040684932	2.71	-0.053561644	2.03
02/04/2007	92.9	0.264444444	4.15	-0.043835616	2.69	-0.047808219	2.14
03/04/2007	91.25	0.2125	3.93	-0.026438356	2.81	-0.042534247	2.23
04/04/2007	92.9	0.222777778	3.97	-0.051780822	2.63	-0.04369863	2.21
05/04/2007	93.95	0.195277778	3.85	-0.040958904	2.71	-0.043835616	2.21
09/04/2007	95.25	0.194166667	3.85	-0.033561644	2.76	-0.04609589	2.17
10/04/2007	95.7	0.178333333	3.78	-0.042328767	2.7	-0.046232877	2.17
11/04/2007	95.1	0.187222222	3.82	-0.033424658	2.76	-0.045273973	2.18
12/04/2007	96.05	0.194722222	3.85	-0.039863014	2.72	-0.045821918	2.17
13/04/2007	98.5	0.186111111	3.81	-0.051232877	2.64	-0.050684932	2.09
16/04/2007	104	0.172777778	3.75	-0.072054795	2.49	-0.058287671	1.95
17/04/2007	105.15	0.154722222	3.68	-0.094246575	2.33	-0.061438356	1.89
18/04/2007	104	0.161666667	3.71	-0.074246575	2.47	-0.059726027	1.92
19/04/2007	103	0.178888889	3.78	-0.079726027	2.43	-0.059041096	1.94
20/04/2007	104.5	0.169444444	3.74	-0.091780822	2.35	-0.057328767	1.97
23/04/2007	115.55	0.130277778	3.57	-0.128082192	2.09	-0.073356164	1.68
24/04/2007	113.6	0.116111111	3.51	-0.133150685	2.05	-0.063150685	1.86
25/04/2007	108	0.147222222	3.64	-0.120547945	2.14	-0.055068493	2.01
26/04/2007	119	0.105555556	3.46	-0.147945205	1.95	-0.068493151	1.77
27/04/2007	116	0.133333333	3.58	-0.112328767	2.2	-0.069863014	1.74
30/04/2007	112.7	0.185	3.81	-0.103424658	2.26	-0.063150685	1.86
03/05/2007	115	0.138888889	3.61	-0.116438356	2.17	-0.066438356	1.8
04/05/2007	116	0.139444444	3.61	-0.130136986	2.07	-0.066438356	1.8
07/05/2007	114.8	0.14	3.61	-0.136575342	2.03	-0.065342466	1.82
08/05/2007	113.25	0.095833333	3.42	-0.145616438	1.96	-0.064726027	1.83
09/05/2007	113.5	-0.002777778	2.99	-0.160273973	1.86	-0.066438356	1.8
10/05/2007	114.45	0.014166667	3.06	-0.18369863	1.69	-0.069109589	1.75
11/05/2007	113.85	0.006388889	3.03	-0.199726027	1.58	-0.068219178	1.77
14/05/2007	114.2	0	3	-0.211917808	1.49	-0.064315068	1.84
15/05/2007	114.6	0.015833333	3.07	-0.196986301	1.6	-0.063835616	1.85
16/05/2007	116	0.005277778	3.02	-0.196164384	1.61	-0.066438356	1.8
17/05/2007	115.8	-0.031666667	2.87	-0.20739726	1.53	-0.065547945	1.82
18/05/2007	115.5	-0.001388889	2.99	-0.193150685	1.63	-0.065342466	1.82
21/05/2007	116.8	0.045555556	3.2	-0.185753425	1.68	-0.065616438	1.82
22/05/2007	116.25	0.048888889	3.21	-0.176164384	1.75	-0.068082192	1.77
23/05/2007	116	-0.005277778	2.98	-0.194520548	1.62	-0.06760274	1.78
24/05/2007	119.6	-0.008888889	2.96	-0.201643836	1.57	-0.070890411	1.72
25/05/2007	120	-0.01	2.96	-0.193150685	1.63	-0.07260274	1.69
28/05/2007	126.5	-0.130555556	2.47	-0.200273973	1.58	-0.082876712	1.51
29/05/2007	127	-0.082222222	2.66	-0.210958904	1.5	-0.083835616	1.49
30/05/2007	126	-0.096944444	2.6	-0.208630137	1.52	-0.080958904	1.54
31/05/2007	126	-0.105	2.57	-0.20890411	1.52	-0.084794521	1.47
04/06/2007	126.25	-0.117777778	2.52	-0.216849315	1.46	-0.085753425	1.45
05/06/2007	122	-0.074722222	2.7	-0.206164384	1.53	-0.082191781	1.52
06/06/2007	123.5	-0.050555556	2.79	-0.223287671	1.41	-0.085616438	1.46
07/06/2007	121	-0.050555556	2.79	-0.216986301	1.46	-0.077945205	1.6
08/06/2007	120.9	-0.074444444	2.7	-0.207671233	1.52	-0.08	1.56
11/06/2007	119.5	-0.058888889	2.76	-0.195890411	1.61	-0.07739726	1.6
12/06/2007	116.25	-0.045833333	2.81	-0.192465753	1.63	-0.069452055	1.75
13/06/2007	114.25	-0.034166667	2.86	-0.184246575	1.69	-0.069520548	1.75
14/06/2007	113.6	-0.003333333	2.99	-0.18	1.72	-0.068287671	1.77
15/06/2007	116.85	-0.016388889	2.93	-0.197808219	1.59	-0.079246575	1.57
18/06/2007	116.5	-0.035833333	2.85	-0.187671233	1.67	-0.085342466	1.46
19/06/2007	116	-0.027777778	2.89	-0.18630137	1.68	-0.083013699	1.5
20/06/2007	118.6	-0.058888889	2.76	-0.189452055	1.65	-0.085205479	1.46
21/06/2007	116	-0.070833333	2.71	-0.180821918	1.71	-0.081438356	1.53
22/06/2007	115.75	-0.0625	2.74	-0.174657534	1.76	-0.080616438	1.55
25/06/2007	117	-0.085	2.65	-0.174657534	1.76	-0.087671233	1.42
26/06/2007	118.4	-0.113333333	2.54	-0.179178082	1.73	-0.089589041	1.39
27/06/2007	120.2	-0.128888889	2.47	-0.181506849	1.71	-0.092054795	1.34
28/06/2007	121.75	-0.106388889	2.57	-0.180136986	1.72	-0.095273973	1.28
29/06/2007	118	-0.111111111	2.55	-0.164931507	1.83	-0.090958904	1.36
02/07/2007	125.5	-0.161388889	2.34	-0.199178082	1.58	-0.103424658	1.14
03/07/2007	125.25	-0.159722222	2.35	-0.197945205	1.59	-0.103493151	1.13
04/07/2007	124	-0.187777778	2.23	-0.194520548	1.62	-0.10109589	1.18
05/07/2007	123.4	-0.141111111	2.42	-0.195753425	1.61	-0.099657534	1.2
06/07/2007	120.9	-0.157777778	2.36	-0.188767123	1.66	-0.095753425	1.27
09/07/2007	120.6	-0.136388889	2.44	-0.19890411	1.59	-0.089931507	1.38
10/07/2007	121.65	-0.131666667	2.46	-0.199726027	1.58	-0.091232877	1.36
11/07/2007	118.9	-0.100277778	2.59	-0.192876712	1.63	-0.088835616	1.4
12/07/2007	120	-0.095	2.61	-0.189178082	1.66	-0.089315068	1.39
13/07/2007	122.4	-0.103333333	2.58	-0.18369863	1.69	-0.094383562	1.3
16/07/2007	122	-0.101666667	2.59	-0.186849315	1.67	-0.093356164	1.32
17/07/2007	126.2	-0.121944444	2.5	-0.197808219	1.59	-0.096164384	1.27
18/07/2007	127.5	-0.136111111	2.44	-0.19890411	1.59	-0.098767123	1.22
19/07/2007	131	-0.175	2.29	-0.210958904	1.5	-0.106780822	1.08
20/07/2007	132.7	-0.181944444	2.26	-0.216986301	1.46	-0.106506849	1.08
23/07/2007	129.65	-0.165277778	2.33	-0.218219178	1.45	-0.101643836	1.17
24/07/2007	133.15	-0.193055556	2.21	-0.232739726	1.35	-0.107054795	1.07
25/07/2007	134.5	-0.191111111	2.22	-0.242465753	1.28	-0.110273973	1.01
26/07/2007	132.9	-0.177777778	2.27	-0.240821918	1.29	-0.107739726	1.06
27/07/2007	128	-0.161111111	2.34	-0.228767123	1.37	-0.101027397	1.18
30/07/2007	124	-0.122777778	2.5	-0.218493151	1.45	-0.093287671	1.32
31/07/2007	127.4	-0.148333333	2.39	-0.229178082	1.37	-0.098013699	1.23
01/08/2007	127.95	-0.149722222	2.39	-0.229315068	1.37	-0.097054795	1.25
02/08/2007	124.25	-0.111111111	2.55	-0.22	1.44	-0.090068493	1.38
03/08/2007	124.5	-0.080555556	2.67	-0.222465753	1.42	-0.092191781	1.34
06/08/2007	125.6	-0.114444444	2.53	-0.227671233	1.38	-0.090958904	1.36
07/08/2007	124	-0.106111111	2.57	-0.220410959	1.43	-0.087945205	1.41
08/08/2007	124.9	-0.091111111	2.63	-0.221917808	1.42	-0.091643836	1.35
09/08/2007	126.8	-0.098888889	2.6	-0.224109589	1.41	-0.092191781	1.34
10/08/2007	123	-0.095	2.61	-0.208493151	1.52	-0.087671233	1.42
13/08/2007	123.5	-0.091666667	2.63	-0.215068493	1.47	-0.088356164	1.41
14/08/2007	121.5	-0.068333333	2.72	-0.203835616	1.55	-0.084931507	1.47
16/08/2007	112.35	-0.031944444	2.87	-0.185616438	1.68	-0.061849315	1.89
17/08/2007	115.9	-0.060833333	2.75	-0.192328767	1.63	-0.063219178	1.86
20/08/2007	117.8	-0.079444444	2.68	-0.201369863	1.57	-0.070273973	1.73
21/08/2007	114.2	-0.04	2.84	-0.187123288	1.67	-0.068219178	1.77
22/08/2007	109.1	-0.029444444	2.88	-0.172876712	1.77	-0.063082192	1.86
23/08/2007	111	-0.033333333	2.86	-0.179726027	1.72	-0.063287671	1.86
24/08/2007	110.6	-0.039166667	2.84	-0.18109589	1.71	-0.061164384	1.9
27/08/2007	114.35	-0.041944444	2.83	-0.180410959	1.72	-0.066780822	1.8
28/08/2007	108	0.011111111	3.05	-0.161643836	1.85	-0.060821918	1.9
29/08/2007	112.7	-0.015555556	2.94	-0.16630137	1.82	-0.063972603	1.85
30/08/2007	121.4	-0.074444444	2.7	-0.198356164	1.59	-0.071917808	1.7
31/08/2007	118.25	-0.0375	2.85	-0.189726027	1.65	-0.069178082	1.75
03/09/2007	123.25	-0.073611111	2.7	-0.207534247	1.52	-0.074657534	1.65
04/09/2007	123.4	-0.101111111	2.59	-0.204109589	1.55	-0.07390411	1.67
05/09/2007	123	-0.061666667	2.75	-0.205342466	1.54	-0.074520548	1.66
06/09/2007	123.5	-0.082222222	2.66	-0.206027397	1.54	-0.071780822	1.71
07/09/2007	121.75	-0.065277778	2.73	-0.195342466	1.61	-0.068150685	1.77
10/09/2007	121	-0.072222222	2.71	-0.197260274	1.6	-0.065821918	1.81
11/09/2007	124.5	-0.084444444	2.66	-0.217534247	1.45	-0.067260274	1.79
12/09/2007	123.55	-0.0975	2.6	-0.220547945	1.43	-0.07130137	1.71
13/09/2007	122.9	-0.093888889	2.62	-0.214383562	1.48	-0.070068493	1.74
14/09/2007	124	-0.105	2.57	-0.211643836	1.5	-0.071780822	1.71
17/09/2007	122.4	-0.083333333	2.66	-0.214794521	1.47	-0.069726027	1.74
18/09/2007	120	-0.086111111	2.65	-0.204794521	1.54	-0.067191781	1.79
19/09/2007	121.1	-0.101666667	2.59	-0.207123288	1.53	-0.066575342	1.8
20/09/2007	122.1	-0.117222222	2.52	-0.210958904	1.5	-0.06760274	1.78
21/09/2007	122.1	-0.14	2.43	-0.214246575	1.48	-0.068493151	1.77
24/09/2007	127.4	-0.102222222	2.58	-0.224383562	1.41	-0.076849315	1.61
25/09/2007	128.1	-0.108888889	2.56	-0.227671233	1.38	-0.082328767	1.52
26/09/2007	126	-0.088888889	2.64	-0.217808219	1.45	-0.077465753	1.6
27/09/2007	130.5	-0.116666667	2.52	-0.231506849	1.35	-0.085205479	1.46
28/09/2007	127	-0.111111111	2.55	-0.220547945	1.43	-0.077260274	1.61
01/10/2007	126.2	-0.101111111	2.59	-0.208082192	1.52	-0.079657534	1.56
03/10/2007	127.5	-0.134722222	2.45	-0.219178082	1.44	-0.07739726	1.6
04/10/2007	128	-0.138333333	2.44	-0.216438356	1.46	-0.080479452	1.55
05/10/2007	133.4	-0.190277778	2.22	-0.223150685	1.41	-0.088150685	1.41
08/10/2007	135	-0.177777778	2.27	-0.22739726	1.38	-0.088356164	1.41
09/10/2007	132	-0.180555556	2.26	-0.224383562	1.41	-0.082534247	1.51
10/10/2007	137.2	-0.225	2.08	-0.237534247	1.31	-0.090273973	1.37
11/10/2007	143.3	-0.272777778	1.89	-0.255479452	1.18	-0.098013699	1.23
12/10/2007	143.8	-0.315555556	1.71	-0.251506849	1.21	-0.099041096	1.21
15/10/2007	143.5	-0.272222222	1.89	-0.24630137	1.25	-0.097328767	1.25
16/10/2007	149.5	-0.333611111	1.64	-0.265753425	1.11	-0.103561644	1.13
17/10/2007	140	-0.283333333	1.84	-0.231506849	1.35	-0.087808219	1.42
18/10/2007	158	-0.395	1.39	-0.281369863	1	-0.110958904	1
19/10/2007	154.5	-0.375	1.47	-0.269863014	1.08	-0.10890411	1.04
22/10/2007	141.5	-0.288888889	1.82	-0.238082192	1.31	-0.091232877	1.36
23/10/2007	142.9	-0.310555556	1.73	-0.240958904	1.29	-0.093287671	1.32
24/10/2007	148	-0.355555556	1.55	-0.246575342	1.25	-0.093150685	1.32
25/10/2007	148	-0.366666667	1.5	-0.259589041	1.15	-0.095890411	1.27
26/10/2007	150	-0.411111111	1.32	-0.260273973	1.15	-0.1	1.2
29/10/2007	144.5	-0.369444444	1.49	-0.246575342	1.25	-0.093630137	1.31
30/10/2007	140	-0.345	1.59	-0.221917808	1.42	-0.086849315	1.43
31/10/2007	131.95	-0.2775	1.87	-0.203287671	1.56	-0.07609589	1.63
01/11/2007	138.8	-0.307222222	1.75	-0.220684932	1.43	-0.083287671	1.5
02/11/2007	118.55	-0.169722222	2.31	-0.160684932	1.86	-0.057054795	1.97
05/11/2007	132	-0.219444444	2.1	-0.197260274	1.6	-0.076780822	1.62
06/11/2007	133.9	-0.270555556	1.9	-0.202465753	1.56	-0.082054795	1.52
07/11/2007	132	-0.238888889	2.02	-0.202054795	1.56	-0.079452055	1.57
08/11/2007	126.95	-0.216388889	2.12	-0.188219178	1.66	-0.072123288	1.7
09/11/2007	127.65	-0.211944444	2.13	-0.185342466	1.68	-0.075547945	1.64
12/11/2007	123.85	-0.182222222	2.26	-0.167260274	1.81	-0.07	1.74
13/11/2007	120	-0.172222222	2.3	-0.15890411	1.87	-0.064315068	1.84
14/11/2007	123.05	-0.200277778	2.18	-0.172739726	1.77	-0.069246575	1.75
15/11/2007	127	-0.216111111	2.12	-0.181917808	1.71	-0.076369863	1.62
16/11/2007	126.45	-0.183333333	2.25	-0.182054795	1.71	-0.075753425	1.63
19/11/2007	127	-0.205555556	2.16	-0.189041096	1.66	-0.073287671	1.68
20/11/2007	126	-0.209444444	2.15	-0.178082192	1.73	-0.071232877	1.72
21/11/2007	126.5	-0.201388889	2.18	-0.183561644	1.7	-0.07260274	1.69
22/11/2007	120.2	-0.168333333	2.31	-0.163150685	1.84	-0.068767123	1.76
23/11/2007	118.6	-0.181111111	2.26	-0.135890411	2.03	-0.062465753	1.87
26/11/2007	121.9	-0.174444444	2.29	-0.120273973	2.15	-0.068561644	1.76
27/11/2007	122	-0.194722222	2.21	-0.12739726	2.09	-0.070547945	1.73
28/11/2007	119.6	-0.195	2.2	-0.135890411	2.03	-0.064657534	1.83
29/11/2007	124.8	-0.228888889	2.07	-0.152876712	1.91	-0.070273973	1.73
30/11/2007	120	-0.191666667	2.22	-0.128767123	2.08	-0.065753425	1.81
03/12/2007	124	-0.233333333	2.05	-0.136986301	2.03	-0.075342466	1.64
04/12/2007	126.8	-0.233055556	2.05	-0.155068493	1.9	-0.081232877	1.54
05/12/2007	125.8	-0.236666667	2.03	-0.128219178	2.09	-0.08130137	1.53
06/12/2007	126.3	-0.241111111	2.02	-0.128767123	2.08	-0.080205479	1.55
07/12/2007	136.7	-0.293888889	1.8	-0.14369863	1.98	-0.092808219	1.33
10/12/2007	135.5	-0.299444444	1.78	-0.145890411	1.96	-0.090479452	1.37
11/12/2007	138	-0.308611111	1.74	-0.156164384	1.89	-0.097123288	1.25
12/12/2007	125.05	-0.239166667	2.02	-0.117945205	2.16	-0.078150685	1.59
13/12/2007	139.5	-0.314166667	1.72	-0.158493151	1.87	-0.098082192	1.23
14/12/2007	140	-0.328888889	1.66	-0.154246575	1.9	-0.097876712	1.24
17/12/2007	140.5	-0.316666667	1.71	-0.171232877	1.78	-0.102054795	1.16
18/12/2007	129.5	-0.261111111	1.93	-0.124657534	2.11	-0.082534247	1.51
19/12/2007	133	-0.264166667	1.92	-0.134246575	2.05	-0.088972603	1.4
20/12/2007	129.1	-0.245277778	2	-0.111232877	2.21	-0.086027397	1.45
24/12/2007	130.2	-0.249444444	1.98	-0.129315068	2.08	-0.083219178	1.5
26/12/2007	127.8	-0.259166667	1.94	-0.124383562	2.12	-0.079452055	1.57
27/12/2007	128.8	-0.288333333	1.82	-0.115068493	2.18	-0.079931507	1.56
28/12/2007	131.1	-0.275	1.88	-0.139589041	2.01	-0.076164384	1.63
31/12/2007	132	-0.322222222	1.68	-0.145205479	1.97	-0.082465753	1.51
01/01/2008	135.1	-0.311666667	1.73	-0.148219178	1.95	-0.087808219	1.42
02/01/2008	133	-0.277777778	1.87	-0.150958904	1.93	-0.086643836	1.44
03/01/2008	133.1	-0.293611111	1.8	-0.143150685	1.98	-0.087260274	1.43
04/01/2008	135.2	-0.290555556	1.81	-0.144383562	1.97	-0.084520548	1.48
07/01/2008	135	-0.297222222	1.79	-0.149315068	1.94	-0.089863014	1.38
08/01/2008	139	-0.328888889	1.66	-0.163013699	1.84	-0.091164384	1.36
09/01/2008	134.5	-0.315555556	1.71	-0.154520548	1.9	-0.085342466	1.46
10/01/2008	134.5	-0.354166667	1.55	-0.172465753	1.77	-0.085753425	1.45
11/01/2008	138	-0.339444444	1.61	-0.17260274	1.77	-0.092465753	1.33
14/01/2008	140	-0.367222222	1.5	-0.179726027	1.72	-0.094794521	1.29
15/01/2008	146	-0.416666667	1.3	-0.19260274	1.63	-0.103630137	1.13
16/01/2008	140	-0.395555556	1.39	-0.191506849	1.64	-0.095479452	1.28
17/01/2008	141.1	-0.422777778	1.27	-0.189315068	1.65	-0.100479452	1.19
18/01/2008	140	-0.422222222	1.28	-0.193150685	1.63	-0.095342466	1.28
21/01/2008	130.5	-0.363888889	1.51	-0.165753425	1.82	-0.082876712	1.51
22/01/2008	113	-0.211111111	2.14	-0.128767123	2.08	-0.059178082	1.93
23/01/2008	117	-0.233611111	2.05	-0.136986301	2.03	-0.064520548	1.84
24/01/2008	115	-0.236111111	2.04	-0.125753425	2.11	-0.064589041	1.84
25/01/2008	114.2	-0.253888889	1.96	-0.106027397	2.25	-0.065	1.83
28/01/2008	117.45	-0.291666667	1.81	-0.119589041	2.15	-0.068424658	1.77
29/01/2008	116.95	-0.315833333	1.71	-0.114931507	2.18	-0.067054795	1.79
30/01/2008	110.1	-0.306111111	1.75	-0.094794521	2.33	-0.055958904	1.99
31/01/2008	115.25	-0.376944444	1.46	-0.102054795	2.27	-0.060890411	1.9
01/02/2008	125	-0.466944444	1.09	-0.134520548	2.04	-0.078082192	1.59
04/02/2008	125.05	-0.49	1	-0.122739726	2.13	-0.076232877	1.63
05/02/2008	115.05	-0.401944444	1.36	-0.089178082	2.37	-0.061643836	1.89
06/02/2008	118	-0.408888889	1.33	-0.103287671	2.27	-0.068082192	1.77
07/02/2008	118.2	-0.433888889	1.23	-0.110684932	2.21	-0.06630137	1.8
08/02/2008	103	-0.322222222	1.68	-0.072876712	2.48	-0.043150685	2.22
11/02/2008	112.2	-0.351111111	1.57	-0.093972603	2.33	-0.057808219	1.96
12/02/2008	108.55	-0.314444444	1.72	-0.078767123	2.44	-0.053082192	2.04
13/02/2008	107.1	-0.345	1.59	-0.072328767	2.49	-0.051232877	2.08
14/02/2008	105.05	-0.328055556	1.66	-0.071369863	2.49	-0.051849315	2.07
15/02/2008	108.55	-0.328055556	1.66	-0.084246575	2.4	-0.058287671	1.95
18/02/2008	114.4	-0.338888889	1.62	-0.105479452	2.25	-0.064931507	1.83
19/02/2008	111.9	-0.343888889	1.6	-0.103561644	2.26	-0.060136986	1.92
20/02/2008	107.5	-0.320277778	1.69	-0.091780822	2.35	-0.055273973	2
21/02/2008	108.9	-0.328611111	1.66	-0.095068493	2.32	-0.056712329	1.98
22/02/2008	108	-0.338333333	1.62	-0.087671233	2.38	-0.052739726	2.05
25/02/2008	108.1	-0.340833333	1.61	-0.080547945	2.43	-0.053835616	2.03
26/02/2008	113	-0.394444444	1.39	-0.095890411	2.32	-0.060684932	1.91
27/02/2008	113.9	-0.400555556	1.37	-0.101232877	2.28	-0.061849315	1.89
28/02/2008	110.05	-0.360833333	1.53	-0.090684932	2.36	-0.057260274	1.97
29/02/2008	111	-0.35	1.57	-0.093287671	2.34	-0.053972603	2.03
03/03/2008	108	-0.344444444	1.59	-0.085068493	2.4	-0.049315068	2.11
04/03/2008	103.25	-0.3125	1.72	-0.054109589	2.62	-0.044657534	2.2
05/03/2008	104.5	-0.314444444	1.72	-0.06109589	2.57	-0.05	2.1
07/03/2008	101.7	-0.316944444	1.71	-0.056712329	2.6	-0.043356164	2.22
10/03/2008	98	-0.277777778	1.87	-0.045205479	2.68	-0.042465753	2.23
11/03/2008	97	-0.272222222	1.89	-0.044383562	2.68	-0.038356164	2.31
12/03/2008	102.6	-0.295277778	1.79	-0.058356164	2.59	-0.042739726	2.23
13/03/2008	98	-0.266666667	1.91	-0.04739726	2.66	-0.037945205	2.32
14/03/2008	96.45	-0.246944444	1.99	-0.047808219	2.66	-0.03760274	2.32
17/03/2008	96.5	-0.240277778	2.02	-0.045205479	2.68	-0.039041096	2.3
18/03/2008	90.2	-0.206666667	2.16	-0.027945205	2.8	-0.036986301	2.33
19/03/2008	98	-0.244722222	2	-0.049315068	2.65	-0.045479452	2.18
24/03/2008	92.5	-0.202777778	2.17	-0.030410959	2.78	-0.041506849	2.25
25/03/2008	96.05	-0.2125	2.13	-0.041780822	2.7	-0.045958904	2.17
26/03/2008	97.95	-0.250833333	1.98	-0.048082192	2.66	-0.049246575	2.11
27/03/2008	100.85	-0.265833333	1.91	-0.059863014	2.57	-0.051849315	2.07
28/03/2008	102.9	-0.277222222	1.87	-0.072054795	2.49	-0.058493151	1.95
31/03/2008	103.8	-0.288055556	1.82	-0.07739726	2.45	-0.055	2.01
01/04/2008	103.7	-0.287222222	1.83	-0.075890411	2.46	-0.056780822	1.98
02/04/2008	104.25	-0.3125	1.72	-0.078767123	2.44	-0.058835616	1.94
03/04/2008	103	-0.301388889	1.77	-0.072876712	2.48	-0.059383562	1.93
04/04/2008	99.5	-0.283333333	1.84	-0.062465753	2.56	-0.056506849	1.98
07/04/2008	99.95	-0.272222222	1.89	-0.062876712	2.55	-0.056780822	1.98
08/04/2008	99.9	-0.2475	1.99	-0.06	2.57	-0.058013699	1.95
09/04/2008	98.4	-0.247777778	1.99	-0.061369863	2.56	-0.053972603	2.03
10/04/2008	100.1	-0.256111111	1.95	-0.070136986	2.5	-0.056575342	1.98
11/04/2008	100.9	-0.255555556	1.96	-0.067945205	2.52	-0.05609589	1.99
15/04/2008	99	-0.25	1.98	-0.061369863	2.56	-0.053835616	2.03
16/04/2008	101.9	-0.268888889	1.9	-0.069726027	2.5	-0.054794521	2.01
17/04/2008	100.7	-0.281666667	1.85	-0.068356164	2.51	-0.053287671	2.04
21/04/2008	101	-0.293333333	1.8	-0.074931507	2.47	-0.054109589	2.02
22/04/2008	104.25	-0.323611111	1.68	-0.084246575	2.4	-0.059520548	1.93
23/04/2008	110	-0.361111111	1.53	-0.106027397	2.25	-0.068493151	1.77
24/04/2008	105	-0.336111111	1.63	-0.10890411	2.23	-0.061917808	1.88
25/04/2008	104.9	-0.336944444	1.62	-0.111232877	2.21	-0.061849315	1.89
28/04/2008	108.5	-0.359722222	1.53	-0.124657534	2.11	-0.06369863	1.85
29/04/2008	109	-0.359722222	1.53	-0.126027397	2.1	-0.066027397	1.81
30/04/2008	105.9	-0.344166667	1.6	-0.115616438	2.18	-0.060410959	1.91
02/05/2008	107	-0.353888889	1.56	-0.117808219	2.16	-0.061712329	1.89
05/05/2008	109.2	-0.370555556	1.49	-0.129589041	2.08	-0.064657534	1.83
06/05/2008	106.6	-0.350277778	1.57	-0.12	2.15	-0.060890411	1.9
07/05/2008	104.95	-0.339166667	1.62	-0.112191781	2.2	-0.055821918	1.99
08/05/2008	103.5	-0.325	1.67	-0.108219178	2.23	-0.051369863	2.07
09/05/2008	107	-0.333888889	1.64	-0.123287671	2.12	-0.053767123	2.03
12/05/2008	103.8	-0.326666667	1.67	-0.117945205	2.16	-0.051164384	2.08
13/05/2008	105	-0.321666667	1.69	-0.122465753	2.13	-0.051369863	2.07
14/05/2008	103.55	-0.3275	1.66	-0.120684932	2.14	-0.04869863	2.12
15/05/2008	106.8	-0.339444444	1.61	-0.137808219	2.02	-0.035479452	2.36
16/05/2008	110	-0.365	1.51	-0.153424658	1.91	-0.054315068	2.02
20/05/2008	109.9	-0.355555556	1.55	-0.153150685	1.91	-0.059452055	1.93
21/05/2008	108	-0.344444444	1.59	-0.143561644	1.98	-0.056986301	1.97
22/05/2008	111.5	-0.367222222	1.5	-0.16369863	1.84	-0.063561644	1.85
23/05/2008	110	-0.363888889	1.51	-0.159452055	1.87	-0.061643836	1.89
26/05/2008	105.2	-0.315	1.71	-0.146849315	1.96	-0.052739726	2.05
27/05/2008	111.9	-0.349444444	1.57	-0.166027397	1.82	-0.062191781	1.88
28/05/2008	108.7	-0.315	1.71	-0.149178082	1.94	-0.057808219	1.96
29/05/2008	110	-0.338888889	1.62	-0.161643836	1.85	-0.054863014	2.01
30/05/2008	108	-0.327777778	1.66	-0.156438356	1.89	-0.05369863	2.03
02/06/2008	109.3	-0.343333333	1.6	-0.163835616	1.84	-0.057260274	1.97
03/06/2008	106	-0.317222222	1.71	-0.153424658	1.91	-0.052739726	2.05
04/06/2008	106	-0.321944444	1.69	-0.150684932	1.93	-0.050410959	2.09
05/06/2008	105.1	-0.315555556	1.71	-0.149589041	1.94	-0.048219178	2.13
06/06/2008	107.4	-0.316388889	1.71	-0.151917808	1.92	-0.054109589	2.02
09/06/2008	104.5	-0.308333333	1.74	-0.146712329	1.96	-0.047945205	2.14
10/06/2008	102.8	-0.320555556	1.69	-0.141232877	2	-0.047534247	2.14
11/06/2008	101	-0.321944444	1.69	-0.139726027	2.01	-0.044589041	2.2
12/06/2008	96.9	-0.290277778	1.82	-0.125616438	2.11	-0.040890411	2.26
13/06/2008	109	-0.345833333	1.59	-0.163013699	1.84	-0.059383562	1.93
16/06/2008	108.5	-0.358333333	1.54	-0.161643836	1.85	-0.063561644	1.85
17/06/2008	110	-0.359722222	1.53	-0.167123288	1.81	-0.061164384	1.9
18/06/2008	109.5	-0.355555556	1.55	-0.16630137	1.82	-0.05869863	1.94
19/06/2008	107	-0.343888889	1.6	-0.157534247	1.88	-0.05609589	1.99
20/06/2008	108	-0.356111111	1.55	-0.155342466	1.9	-0.05739726	1.97
23/06/2008	103.25	-0.320833333	1.69	-0.139589041	2.01	-0.050684932	2.09
24/06/2008	103.1	-0.322777778	1.68	-0.133561644	2.05	-0.048082192	2.13
25/06/2008	99.15	-0.2925	1.81	-0.12369863	2.12	-0.045410959	2.18
26/06/2008	103	-0.316666667	1.71	-0.131232877	2.07	-0.050273973	2.09
27/06/2008	99.5	-0.294444444	1.8	-0.124657534	2.11	-0.045479452	2.18
30/06/2008	96.7	-0.258055556	1.95	-0.111506849	2.21	-0.040821918	2.26
01/07/2008	94.2	-0.259444444	1.94	-0.098493151	2.3	-0.040273973	2.27
02/07/2008	87	-0.211111111	2.14	-0.073972603	2.47	-0.029931507	2.46
03/07/2008	94.5	-0.236388889	2.04	-0.095342466	2.32	-0.04109589	2.26
04/07/2008	89.45	-0.208055556	2.15	-0.085342466	2.39	-0.037191781	2.33
07/07/2008	89	-0.216111111	2.12	-0.08890411	2.37	-0.029726027	2.46
08/07/2008	86.9	-0.202222222	2.17	-0.076438356	2.46	-0.025205479	2.55
09/07/2008	87	-0.205277778	2.16	-0.079452055	2.44	-0.025	2.55
10/07/2008	89.5	-0.208333333	2.15	-0.087945205	2.37	-0.027808219	2.5
11/07/2008	87	-0.185555556	2.24	-0.081643836	2.42	-0.021575342	2.61
14/07/2008	84	-0.175	2.29	-0.069863014	2.5	-0.019178082	2.65
15/07/2008	82	-0.147222222	2.4	-0.061643836	2.56	-0.017808219	2.68
16/07/2008	76	-0.115	2.53	-0.048082192	2.66	-0.008561644	2.85
17/07/2008	78	-0.122222222	2.5	-0.053561644	2.62	-0.011027397	2.8
18/07/2008	77.9	-0.129444444	2.47	-0.053150685	2.62	-0.008561644	2.85
21/07/2008	82	-0.150277778	2.39	-0.063013699	2.55	-0.013972603	2.75
22/07/2008	83.5	-0.141666667	2.42	-0.066849315	2.52	-0.014246575	2.74
23/07/2008	88	-0.193055556	2.21	-0.082191781	2.42	-0.020547945	2.63
24/07/2008	92.5	-0.208333333	2.15	-0.093972603	2.33	-0.026027397	2.53
25/07/2008	85.2	-0.170555556	2.3	-0.073150685	2.48	-0.013835616	2.75
28/07/2008	89	-0.166666667	2.32	-0.076027397	2.46	-0.015547945	2.72
29/07/2008	88	-0.168055556	2.31	-0.07260274	2.48	-0.011917808	2.79
30/07/2008	89.5	-0.173611111	2.29	-0.078356164	2.44	-0.013972603	2.75
31/07/2008	91.05	-0.173055556	2.29	-0.082328767	2.41	-0.023219178	2.58
01/08/2008	89	-0.161111111	2.34	-0.075342466	2.46	-0.018150685	2.67
04/08/2008	87	-0.15	2.39	-0.077534247	2.45	-0.016849315	2.7
05/08/2008	88.1	-0.165833333	2.32	-0.078356164	2.44	-0.015	2.73
06/08/2008	93.45	-0.195555556	2.2	-0.091643836	2.35	-0.020479452	2.63
07/08/2008	90	-0.166666667	2.32	-0.084246575	2.4	-0.014863014	2.73
08/08/2008	88.3	-0.141666667	2.42	-0.08109589	2.42	-0.010684932	2.81
11/08/2008	90.25	-0.156944444	2.36	-0.08890411	2.37	-0.014726027	2.73
12/08/2008	89.9	-0.166111111	2.32	-0.087945205	2.37	-0.015958904	2.71
13/08/2008	86	-0.141111111	2.42	-0.077260274	2.45	-0.011917808	2.79
14/08/2008	90.5	-0.169444444	2.31	-0.089589041	2.36	-0.015890411	2.71
18/08/2008	86.95	-0.160833333	2.34	-0.079863014	2.43	-0.005479452	2.9
19/08/2008	84.5	-0.130555556	2.47	-0.073150685	2.48	-0.003767123	2.93
20/08/2008	83.6	-0.133888889	2.45	-0.070684932	2.5	-0.006232877	2.89
21/08/2008	85.5	-0.138055556	2.44	-0.075890411	2.46	-0.009589041	2.83
22/08/2008	82	-0.072222222	2.71	-0.06630137	2.53	-0.002191781	2.96
25/08/2008	84.85	-0.038055556	2.84	-0.074109589	2.47	-0.005136986	2.91
26/08/2008	83.2	-0.042777778	2.83	-0.069589041	2.51	-0.001986301	2.96
27/08/2008	82.9	-0.071666667	2.71	-0.068767123	2.51	-0.003219178	2.94
28/08/2008	83.8	-0.082222222	2.66	-0.074109589	2.47	-0.005273973	2.9
29/08/2008	81.6	-0.047777778	2.8	-0.066027397	2.53	-0.003561644	2.94
01/09/2008	82.45	-0.046944444	2.81	-0.069452055	2.51	-0.003356164	2.94
02/09/2008	82	-0.065555556	2.73	-0.065753425	2.53	0.005479452	3.08
04/09/2008	82.95	-0.021944444	2.91	-0.07	2.5	0.011164384	3.16
05/09/2008	80.8	-0.008333333	2.97	-0.06109589	2.57	0.013150685	3.19
08/09/2008	83.5	0.004166667	3.02	-0.070136986	2.5	0.010205479	3.15
09/09/2008	82.5	-0.001388889	2.99	-0.064520548	2.54	0.010136986	3.15
10/09/2008	85.45	-0.024722222	2.9	-0.073561644	2.48	0.013082192	3.19
11/09/2008	84.95	-0.016388889	2.93	-0.072465753	2.48	0.018493151	3.27
12/09/2008	85.3	-0.020277778	2.92	-0.075342466	2.46	0.010547945	3.16
15/09/2008	81.15	0.014166667	3.06	-0.068630137	2.51	0.019657534	3.29
16/09/2008	76.9	0.006111111	3.03	-0.054794521	2.61	0.023424658	3.35
17/09/2008	81.6	0.013333333	3.06	-0.064657534	2.54	0.016712329	3.25
18/09/2008	74	0.055555556	3.24	-0.037808219	2.73	0.024657534	3.36
19/09/2008	79	0.052777778	3.23	-0.049315068	2.65	0.02260274	3.33
22/09/2008	83	0	3	-0.057671233	2.59	0.013835616	3.2
23/09/2008	80.25	0.011944444	3.05	-0.05109589	2.64	0.018835616	3.28
24/09/2008	82.9	0.021666667	3.09	-0.05739726	2.59	0.015205479	3.22
25/09/2008	81.5	-0.0075	2.97	-0.053287671	2.62	0.014726027	3.22
26/09/2008	79.8	-0.004444444	2.98	-0.047123288	2.67	0.020958904	3.31
29/09/2008	77.7	0.018333333	3.08	-0.044383562	2.68	0.02130137	3.31
30/09/2008	70.75	0.039722222	3.17	-0.025479452	2.82	0.031849315	3.47
01/10/2008	76.9	0.021944444	3.1	-0.045479452	2.68	0.023287671	3.34
03/10/2008	73.9	0.047777778	3.21	-0.036986301	2.74	0.027534247	3.41
06/10/2008	71	0.052777778	3.23	-0.030410959	2.78	0.033561644	3.49
07/10/2008	68.8	0.059444444	3.26	-0.016849315	2.88	0.041369863	3.61
08/10/2008	65	0.072777778	3.32	-0.008219178	2.94	0.047739726	3.7
10/10/2008	64	0.041944444	3.18	0.009589041	3.09	0.045205479	3.67
13/10/2008	65	0.055555556	3.24	0.007671233	3.07	0.048630137	3.72
14/10/2008	75	-0.003333333	2.99	-0.016438356	2.88	0.036780822	3.54
15/10/2008	74.95	0.004166667	3.02	-0.027260274	2.81	0.035136986	3.52
16/10/2008	72.5	-0.013333333	2.95	-0.016164384	2.89	0.035753425	3.53
17/10/2008	68.5	0.019444444	3.08	-0.005479452	2.96	0.043150685	3.64
20/10/2008	64.95	0.025277778	3.11	0.006986301	3.06	0.048013699	3.71
21/10/2008	60.1	0.055	3.24	0.019178082	3.17	0.048835616	3.72
22/10/2008	55	0.061111111	3.27	0.030136986	3.27	0.060273973	3.89
23/10/2008	47.4	0.108888889	3.48	0.048219178	3.43	0.072054795	4.06
24/10/2008	40.95	0.156388889	3.68	0.063150685	3.57	0.078150685	4.15
27/10/2008	36.85	0.214722222	3.94	0.074520548	3.67	0.083013699	4.22
28/10/2008	42.7	0.172777778	3.75	0.067260274	3.61	0.072671233	4.07
29/10/2008	44.4	0.17	3.74	0.064657534	3.58	0.073013699	4.08
31/10/2008	40.1	0.196666667	3.86	0.075068493	3.68	0.079657534	4.17
03/11/2008	45	0.183333333	3.8	0.062876712	3.57	0.068630137	4.01
04/11/2008	49	0.149444444	3.65	0.051506849	3.46	0.060479452	3.89
05/11/2008	51.95	0.157222222	3.69	0.046438356	3.42	0.060684932	3.89
06/11/2008	45	0.208333333	3.91	0.059041096	3.53	0.071232877	4.05
07/11/2008	46	0.190555556	3.83	0.056575342	3.51	0.071917808	4.06
10/11/2008	49.5	0.157222222	3.69	0.050273973	3.45	0.065753425	3.97
11/11/2008	53.4	0.127777778	3.56	0.037260274	3.34	0.06109589	3.9
12/11/2008	50	0.155	3.68	0.043835616	3.4	0.065753425	3.97
14/11/2008	49.85	0.166388889	3.73	0.04369863	3.39	0.065958904	3.97
17/11/2008	49.75	0.171944444	3.75	0.046986301	3.42	0.06609589	3.97
18/11/2008	47.1	0.177222222	3.77	0.046575342	3.42	0.06630137	3.98
19/11/2008	46.75	0.1725	3.75	0.04630137	3.42	0.058561644	3.86
20/11/2008	42	0.188333333	3.82	0.054794521	3.49	0.069863014	4.03
21/11/2008	41.8	0.179444444	3.78	0.05260274	3.47	0.073561644	4.08
24/11/2008	45.1	0.160555556	3.7	0.052054795	3.47	0.06869863	4.01
25/11/2008	48	0.145555556	3.64	0.039726027	3.36	0.06260274	3.92
26/11/2008	46	0.166666667	3.73	0.046575342	3.42	0.067465753	3.99
28/11/2008	47	0.176111111	3.77	0.050821918	3.46	0.068150685	4
01/12/2008	47.9	0.167222222	3.73	0.042739726	3.39	0.064178082	3.95
02/12/2008	44.65	0.179444444	3.78	0.052328767	3.47	0.066164384	3.97
03/12/2008	48	0.160833333	3.7	0.030136986	3.27	0.061643836	3.91
04/12/2008	48	0.160833333	3.7	0.016986301	3.15	0.060958904	3.9
05/12/2008	49.45	0.152777778	3.67	0.01630137	3.15	0.060890411	3.9
08/12/2008	50	0.186111111	3.81	0.017534247	3.16	0.060273973	3.89
10/12/2008	52	0.167777778	3.73	0.012465753	3.11	0.059452055	3.88
11/12/2008	53.25	0.154166667	3.67	0.01	3.09	0.054452055	3.8
12/12/2008	53	0.158333333	3.69	0	3	0.056438356	3.83
15/12/2008	53.95	0.149166667	3.65	-0.00260274	2.98	0.054178082	3.8
16/12/2008	56	0.140555556	3.61	-0.008219178	2.94	0.051369863	3.76
17/12/2008	57.8	0.127222222	3.56	-0.015342466	2.89	0.055068493	3.81
18/12/2008	52.8	0.145555556	3.64	-0.003287671	2.98	0.061917808	3.91
19/12/2008	53	0.15	3.65	-0.008219178	2.94	0.059589041	3.88
22/12/2008	53	0.15	3.65	-0.009041096	2.94	0.056164384	3.83
23/12/2008	51.95	0.155833333	3.68	-0.004794521	2.97	0.060273973	3.89
24/12/2008	52	0.163333333	3.71	-0.00369863	2.97	0.061643836	3.91
25/12/2008	48	0.182222222	3.8	0.008219178	3.07	0.064589041	3.95
26/12/2008	48.75	0.175833333	3.77	0.016986301	3.15	0.068561644	4.01
29/12/2008	48.5	0.169444444	3.74	0.017945205	3.16	0.067808219	4
30/12/2008	50.95	0.1425	3.62	0.008493151	3.08	0.065	3.96
31/12/2008	55.35	0.112222222	3.49	-0.001506849	2.99	0.059794521	3.88
01/01/2009	53.8	0.123333333	3.54	-0.000821918	2.99	0.060890411	3.9
02/01/2009	54	0.119444444	3.52	-0.000410959	3	0.053424658	3.79
05/01/2009	54.9	0.119444444	3.52	0.003013699	3.03	0.052945205	3.78
06/01/2009	54	0.126111111	3.55	0.003835616	3.03	0.05890411	3.87
07/01/2009	53.5	0.130555556	3.57	-0.001232877	2.99	0.061643836	3.91
08/01/2009	50	0.155555556	3.68	0.013561644	3.12	0.062328767	3.92
09/01/2009	48.2	0.154444444	3.67	0.019863014	3.18	0.067808219	4
12/01/2009	46	0.158333333	3.69	0.024657534	3.22	0.064041096	3.94
13/01/2009	45	0.172777778	3.75	0.024657534	3.22	0.070958904	4.05
14/01/2009	44.5	0.178333333	3.78	0.026712329	3.24	0.072534247	4.07
15/01/2009	44.25	0.178888889	3.78	0.02739726	3.25	0.073013699	4.08
16/01/2009	43.75	0.177777778	3.78	0.033287671	3.3	0.06609589	3.97
19/01/2009	44.25	0.163333333	3.71	0.031780822	3.29	0.057739726	3.85
20/01/2009	43.95	0.164166667	3.72	0.036027397	3.32	0.060616438	3.89
21/01/2009	43.3	0.155555556	3.68	0.041643836	3.38	0.051917808	3.76
22/01/2009	42.5	0.126388889	3.55	0.040273973	3.36	0.05739726	3.85
23/01/2009	43.55	0.115277778	3.5	0.042876712	3.39	0.055547945	3.82
27/01/2009	43.9	0.106111111	3.46	0.043561644	3.39	0.056575342	3.83
28/01/2009	45	0.1	3.44	0.035616438	3.32	0.053287671	3.79
29/01/2009	46.9	0.093333333	3.41	0.034520548	3.31	0.049109589	3.72
30/01/2009	45	0.105555556	3.46	0.038356164	3.35	0.053424658	3.79
02/02/2009	47.1	0.082222222	3.36	0.03260274	3.29	0.048493151	3.71
03/02/2009	44.6	0.101111111	3.44	0.040821918	3.37	0.045753425	3.67
04/02/2009	45.7	0.101666667	3.44	0.05890411	3.53	0.045273973	3.67
05/02/2009	44.3	0.109444444	3.48	0.069726027	3.63	0.051643836	3.76
06/02/2009	45.9	0.089444444	3.39	0.056438356	3.51	0.045547945	3.67
09/02/2009	46	0.081944444	3.36	0.050410959	3.45	0.04760274	3.7
10/02/2009	45.4	0.082777778	3.36	0.048356164	3.44	0.047876712	3.71
11/02/2009	44.5	0.083333333	3.36	0.055616438	3.5	0.051643836	3.76
12/02/2009	48.5	0.044444444	3.19	0.047808219	3.43	0.048630137	3.72
13/02/2009	49	0.027777778	3.12	0.045479452	3.41	0.049041096	3.72
16/02/2009	52	0.011111111	3.05	0.031780822	3.29	0.042123288	3.62
17/02/2009	49	0.036666667	3.16	0.046575342	3.42	0.043972603	3.65
18/02/2009	49	0.015277778	3.07	0.054520548	3.49	0.044520548	3.66
19/02/2009	47.5	0.023888889	3.1	0.055479452	3.5	0.046780822	3.69
20/02/2009	48.9	0.015	3.07	0.054383562	3.49	0.045958904	3.68
24/02/2009	48.05	0.018055556	3.08	0.058630137	3.53	0.047260274	3.7
25/02/2009	48.3	0.033055556	3.14	0.055616438	3.5	0.046164384	3.68
26/02/2009	50.45	0.003055556	3.01	0.056575342	3.51	0.045684932	3.67
27/02/2009	49	0.010555556	3.05	0.063013699	3.57	0.052945205	3.78
02/03/2009	45.1	0.024444444	3.11	0.07630137	3.69	0.060958904	3.9
03/03/2009	43.05	0.038611111	3.17	0.088630137	3.8	0.059863014	3.88
04/03/2009	44.65	0.035277778	3.15	0.073561644	3.66	0.054589041	3.8
05/03/2009	46.75	0.020833333	3.09	0.068493151	3.62	0.051712329	3.76
06/03/2009	44	0.044166667	3.19	0.075616438	3.68	0.05890411	3.87
09/03/2009	45.25	0.031666667	3.14	0.071917808	3.65	0.063561644	3.94
12/03/2009	45.5	0.031944444	3.14	0.069726027	3.63	0.066506849	3.98
13/03/2009	45.1	0.027222222	3.12	0.075068493	3.68	0.067054795	3.99
16/03/2009	43.9	0.039722222	3.17	0.079041096	3.71	0.068767123	4.01
17/03/2009	45.5	0.022222222	3.1	0.072876712	3.66	0.062328767	3.92
18/03/2009	45	0.025	3.11	0.072054795	3.65	0.065068493	3.96
19/03/2009	46.5	0.013888889	3.06	0.05890411	3.53	0.064657534	3.95
20/03/2009	46	0.015555556	3.07	0.064246575	3.58	0.06739726	3.99
23/03/2009	46.5	0.016666667	3.07	0.059726027	3.54	0.066438356	3.98
24/03/2009	50.25	0.005833333	3.03	0.055753425	3.5	0.064657534	3.95
25/03/2009	47.5	0.026666667	3.12	0.05630137	3.51	0.062534247	3.92
26/03/2009	49	0.029722222	3.13	0.060273973	3.54	0.058972603	3.87
27/03/2009	51.95	0.011388889	3.05	0.04739726	3.43	0.057328767	3.84
30/03/2009	52	0.017222222	3.08	0.046712329	3.42	0.056164384	3.83
31/03/2009	50.1	0.021666667	3.09	0.055890411	3.5	0.058630137	3.86
01/04/2009	50.5	0.030555556	3.13	0.058219178	3.52	0.056712329	3.84
02/04/2009	50.05	0.045555556	3.2	0.058219178	3.52	0.060342466	3.89
06/04/2009	52	0.044444444	3.19	0.054109589	3.49	0.056164384	3.83
07/04/2009	53.6	0.033888889	3.15	0.049041096	3.44	0.051232877	3.75
08/04/2009	52.5	0.032222222	3.14	0.054657534	3.49	0.053013699	3.78
09/04/2009	55.5	0.005833333	3.03	0.050410959	3.45	0.052465753	3.77
10/04/2009	55.3	0.020555556	3.09	0.056438356	3.51	0.048424658	3.71
13/04/2009	56	0.011111111	3.05	0.057534247	3.52	0.051369863	3.76
14/04/2009	54.6	0.015555556	3.07	0.055890411	3.5	0.050821918	3.75
15/04/2009	54.95	0.0125	3.05	0.054657534	3.49	0.05239726	3.77
16/04/2009	58	0.002777778	3.01	0.046027397	3.41	0.051849315	3.76
17/04/2009	53.25	0.034722222	3.15	0.073287671	3.66	0.055616438	3.82
20/04/2009	55	0.019166667	3.08	0.063013699	3.57	0.053561644	3.79
21/04/2009	54.5	0.021944444	3.1	0.061643836	3.56	0.055	3.81
22/04/2009	59	-0.002777778	2.99	0.046986301	3.42	0.048835616	3.72
23/04/2009	57.75	0.006944444	3.03	0.051643836	3.47	0.049794521	3.73
24/04/2009	58.25	0.004722222	3.02	0.049726027	3.45	0.047945205	3.71
27/04/2009	59.9	-0.010555556	2.96	0.049589041	3.45	0.047876712	3.71
28/04/2009	60	-0.01	2.96	0.04630137	3.42	0.047945205	3.71
29/04/2009	60	-0.008333333	2.97	0.04369863	3.39	0.050136986	3.74
30/04/2009	58.25	0.016666667	3.07	0.043150685	3.39	0.054178082	3.8
01/05/2009	58.25	0.018055556	3.08	0.043150685	3.39	0.05630137	3.83
04/05/2009	60	0.005	3.02	0.039178082	3.35	0.053424658	3.79
05/05/2009	62.8	-0.01	2.96	0.026575342	3.24	0.049589041	3.73
06/05/2009	62	-0.002777778	2.99	0.029452055	3.27	0.047191781	3.7
07/05/2009	60	-0.007222222	2.97	0.035753425	3.32	0.051369863	3.76
08/05/2009	60.6	-0.006111111	2.98	0.03260274	3.29	0.051164384	3.75
11/05/2009	60	0	3	0.030821918	3.28	0.051575342	3.76
12/05/2009	58	0.006944444	3.03	0.036027397	3.32	0.054520548	3.8
13/05/2009	61	-0.012777778	2.95	0.034246575	3.31	0.052054795	3.77
14/05/2009	59.5	-0.009444444	2.96	0.039726027	3.36	0.053287671	3.79
15/05/2009	60.65	-0.015833333	2.94	0.035205479	3.32	0.049931507	3.74
18/05/2009	69	-0.062222222	2.75	0.002739726	3.02	0.03630137	3.53
19/05/2009	78	-0.112222222	2.54	-0.01369863	2.9	0.027808219	3.41
20/05/2009	75.5	-0.098333333	2.6	-0.01	2.93	0.032123288	3.47
21/05/2009	70	-0.067777778	2.72	0.001369863	3.01	0.040410959	3.6
22/05/2009	69	-0.062222222	2.75	0.009315068	3.08	0.04239726	3.62
25/05/2009	73	-0.084444444	2.66	0.001369863	3.01	0.036917808	3.54
26/05/2009	74	-0.09	2.63	-0.005479452	2.96	0.033561644	3.49
27/05/2009	70.2	-0.068888889	2.72	-0.003287671	2.98	0.038493151	3.57
28/05/2009	79	-0.117777778	2.52	-0.031506849	2.78	0.026506849	3.39
29/05/2009	79.3	-0.119444444	2.51	-0.035205479	2.75	0.026917808	3.4
01/06/2009	84.25	-0.152777778	2.38	-0.045205479	2.68	0.018767123	3.28
02/06/2009	82.25	-0.1375	2.44	-0.036438356	2.74	0.013287671	3.2
03/06/2009	81	-0.132777778	2.46	-0.031643836	2.78	0.019315068	3.28
04/06/2009	82	-0.133333333	2.46	-0.040821918	2.71	0.01609589	3.24
05/06/2009	81.65	-0.134722222	2.45	-0.03739726	2.73	0.011917808	3.18
08/06/2009	83.7	-0.14	2.43	-0.043287671	2.69	0.005890411	3.09
09/06/2009	78	-0.111666667	2.54	-0.025890411	2.82	0.014383562	3.21
10/06/2009	84	-0.139166667	2.43	-0.049315068	2.65	-0.001369863	2.98
11/06/2009	84	-0.141111111	2.42	-0.040410959	2.71	-0.006849315	2.88
12/06/2009	88.5	-0.166666667	2.32	-0.056027397	2.6	-0.011438356	2.79
15/06/2009	83	-0.14	2.43	-0.045753425	2.67	0	3
16/06/2009	82.4	-0.146111111	2.4	-0.035479452	2.75	-0.001780822	2.97
17/06/2009	86.8	-0.166111111	2.32	-0.046575342	2.67	-0.011369863	2.8
18/06/2009	80.15	-0.123055556	2.5	-0.026575342	2.81	-0.000684932	2.99
19/06/2009	79	-0.104444444	2.57	-0.009589041	2.93	0.002739726	3.04
22/06/2009	81	-0.111111111	2.55	-0.025205479	2.82	-0.00130137	2.98
23/06/2009	77.9	-0.088611111	2.64	-0.01890411	2.87	0.000821918	3.01
24/06/2009	80.85	-0.106944444	2.56	-0.030410959	2.78	-0.001164384	2.98
25/06/2009	82.5	-0.114166667	2.53	-0.035890411	2.74	-0.004794521	2.91
26/06/2009	80.5	-0.1025	2.58	-0.019178082	2.86	-0.000684932	2.99
29/06/2009	79.5	-0.093888889	2.62	-0.027671233	2.8	0.000684932	3.01
30/06/2009	78.1	-0.092222222	2.62	-0.015479452	2.89	0.007054795	3.1
01/07/2009	71.55	-0.056111111	2.77	0.001780822	3.02	0.010205479	3.15
02/07/2009	75	-0.081666667	2.67	-0.008493151	2.94	0.010273973	3.15
03/07/2009	74.4	-0.077777778	2.68	-0.010684932	2.92	0.011164384	3.16
06/07/2009	75.7	-0.087777778	2.64	-0.013424658	2.9	0.004178082	3.06
07/07/2009	70.1	-0.041388889	2.83	0.000684932	3.01	0.016232877	3.24
08/07/2009	72	-0.055555556	2.77	-0.004657534	2.97	0.014931507	3.22
09/07/2009	69.5	-0.011111111	2.95	-0.004794521	2.97	0.010342466	3.15
10/07/2009	70	-0.012222222	2.95	0.00109589	3.01	0.000753425	3.01
13/07/2009	66	0.016666667	3.07	0.010958904	3.1	0.015547945	3.23
14/07/2009	67	-0.011111111	2.95	0.007671233	3.07	0.013150685	3.19
15/07/2009	69.1	-0.013888889	2.94	0.002191781	3.02	0.013561644	3.2
16/07/2009	75.5	-0.05	2.8	-0.020958904	2.85	-0.002123288	2.96
17/07/2009	73.8	-0.035	2.86	-0.019315068	2.86	0.006643836	3.1
20/07/2009	75	-0.043888889	2.82	-0.020547945	2.85	-0.00239726	2.96
21/07/2009	75.5	-0.052777778	2.78	-0.020547945	2.85	0.000547945	3.01
22/07/2009	78	-0.072222222	2.71	-0.023972603	2.83	-0.002260274	2.96
23/07/2009	75.9	-0.066111111	2.73	-0.013972603	2.9	0.000958904	3.01
24/07/2009	80.25	-0.09	2.63	-0.033561644	2.76	-0.003424658	2.94
27/07/2009	82.5	-0.084722222	2.65	-0.035890411	2.74	-0.006164384	2.89
28/07/2009	80.3	-0.068333333	2.72	-0.028082192	2.8	-0.001438356	2.97
29/07/2009	77.8	-0.057222222	2.77	-0.026027397	2.81	-0.000616438	2.99
30/07/2009	76.4	-0.046944444	2.81	-0.018082192	2.87	0.002534247	3.04
31/07/2009	77.9	-0.056111111	2.77	-0.017534247	2.88	-0.001232877	2.98
03/08/2009	79.8	-0.060555556	2.75	-0.026849315	2.81	-0.005890411	2.89
04/08/2009	80.7	-0.078611111	2.68	-0.029863014	2.79	-0.004657534	2.92
05/08/2009	79	-0.068611111	2.72	-0.025479452	2.82	-0.004589041	2.92
06/08/2009	77.8	-0.055277778	2.77	-0.029041096	2.79	-0.001164384	2.98
07/08/2009	75.9	-0.049444444	2.8	-0.027123288	2.81	0.001849315	3.03
10/08/2009	74.1	-0.045	2.82	-0.019452055	2.86	0.003972603	3.06
11/08/2009	74	-0.045555556	2.81	-0.016438356	2.88	0.003219178	3.05
12/08/2009	74.2	-0.040555556	2.83	-0.019315068	2.86	0.000616438	3.01
13/08/2009	76	-0.066111111	2.73	-0.023287671	2.83	-0.002054795	2.96
14/08/2009	78.7	-0.083611111	2.66	-0.025205479	2.82	-0.006232877	2.89
17/08/2009	78	-0.088888889	2.64	-0.025205479	2.82	-0.004383562	2.92
18/08/2009	76.95	-0.088611111	2.64	-0.02260274	2.84	-0.001575342	2.97
19/08/2009	76.95	-0.071388889	2.71	-0.022465753	2.84	0.001369863	3.02
20/08/2009	76.95	-0.080277778	2.67	-0.023835616	2.83	0.006849315	3.1
21/08/2009	76.95	-0.0775	2.68	-0.014657534	2.9	0.013013699	3.19
24/08/2009	83.5	-0.099722222	2.59	-0.031506849	2.78	0.003493151	3.05
25/08/2009	82.2	-0.103888889	2.58	-0.031643836	2.78	0.00390411	3.06
26/08/2009	81	-0.095833333	2.61	-0.035616438	2.75	0.005479452	3.08
27/08/2009	81.5	-0.125	2.49	-0.031369863	2.78	0.005205479	3.08
28/08/2009	80.8	-0.147777778	2.4	-0.037808219	2.73	0.005753425	3.08
31/08/2009	81.3	-0.143888889	2.41	-0.03369863	2.76	0.001712329	3.03
01/09/2009	80.7	-0.135	2.45	-0.025479452	2.82	0.002671233	3.04
02/09/2009	79	-0.124722222	2.49	-0.023835616	2.83	0.008219178	3.12
03/09/2009	80	-0.128333333	2.48	-0.030136986	2.79	0.006643836	3.1
04/09/2009	80	-0.15	2.39	-0.032876712	2.77	0.005479452	3.08
07/09/2009	80	-0.15	2.39	-0.046027397	2.67	0	3
08/09/2009	81.4	-0.157777778	2.36	-0.045479452	2.68	-0.000479452	2.99
09/09/2009	80.8	-0.158888889	2.35	-0.050958904	2.64	-0.000821918	2.99
10/09/2009	80.4	-0.16	2.35	-0.049041096	2.65	-0.002671233	2.95
11/09/2009	79	-0.161111111	2.34	-0.046575342	2.67	0.000684932	3.01
14/09/2009	76.6	-0.149444444	2.39	-0.037260274	2.74	0.004383562	3.06
15/09/2009	75.55	-0.140833333	2.43	-0.042054795	2.7	0.006712329	3.1
16/09/2009	76	-0.140833333	2.43	-0.033835616	2.76	0.007808219	3.12
17/09/2009	75.5	-0.136111111	2.44	-0.03630137	2.74	0.00609589	3.09
18/09/2009	76.4	-0.119166667	2.51	-0.041369863	2.71	0.004589041	3.07
21/09/2009	76.7	-0.120277778	2.51	-0.046712329	2.67	0.006164384	3.09
22/09/2009	77	-0.1275	2.48	-0.051369863	2.63	0.008219178	3.12
23/09/2009	78	-0.128888889	2.47	-0.053424658	2.62	0.001712329	3.03
24/09/2009	76	-0.125	2.49	-0.050547945	2.64	0.004109589	3.06
25/09/2009	74.5	-0.114722222	2.53	-0.042465753	2.7	0.003356164	3.05
28/09/2009	76.1	-0.111666667	2.54	-0.04739726	2.66	-0.004246575	2.92
29/09/2009	76.6	-0.117777778	2.52	-0.045616438	2.68	-0.002054795	2.96
30/09/2009	76.45	-0.13	2.47	-0.045890411	2.67	-0.000821918	2.99
01/10/2009	75.75	-0.115555556	2.53	-0.037945205	2.73	-0.000136986	3
02/10/2009	73.65	-0.101111111	2.59	-0.032465753	2.77	0.002534247	3.04
05/10/2009	73.5	-0.102777778	2.58	-0.032876712	2.77	-0.002054795	2.96
06/10/2009	71.3	-0.096111111	2.61	-0.028767123	2.8	0.005890411	3.09
07/10/2009	65.25	-0.061111111	2.75	-0.014383562	2.9	0.014178082	3.21
08/10/2009	64.3	-0.055833333	2.77	-0.012328767	2.91	0.014863014	3.22
09/10/2009	63	-0.039444444	2.84	-0.00890411	2.94	0.017191781	3.25
12/10/2009	63	-0.039722222	2.84	-0.002739726	2.98	0.014726027	3.22
13/10/2009	63.7	-0.036666667	2.85	-0.007945205	2.94	0.015616438	3.23
14/10/2009	64	-0.030555556	2.88	-0.006027397	2.96	0.015136986	3.22
15/10/2009	61.9	-0.026111111	2.89	0.000136986	3	0.016780822	3.25
16/10/2009	62.8	-0.02	2.92	-0.002191781	2.98	0.015479452	3.23
19/10/2009	64	-0.023333333	2.9	-0.005068493	2.96	0.015068493	3.22
20/10/2009	64	-0.033333333	2.86	0.000547945	3	0.014863014	3.22
21/10/2009	62	-0.013888889	2.94	0.010958904	3.1	0.017739726	3.26
22/10/2009	60.75	-0.009722222	2.96	0.019178082	3.17	0.02	3.29
23/10/2009	60.3	-0.007222222	2.97	0.016849315	3.15	0.022876712	3.34
26/10/2009	59.5	0	3	0.021917808	3.2	0.024657534	3.36
27/10/2009	56.5	0.059444444	3.26	0.031506849	3.28	0.030616438	3.45
28/10/2009	54	0.0875	3.38	0.07369863	3.66	0.035547945	3.52
29/10/2009	54	0.069444444	3.3	0.044794521	3.4	0.036986301	3.54
30/10/2009	55.6	0.048888889	3.21	0.029863014	3.27	0.035	3.52
02/11/2009	51.75	0.062777778	3.27	0.040136986	3.36	0.043493151	3.64
03/11/2009	51.8	0.072222222	3.32	0.036438356	3.33	0.045205479	3.67
04/11/2009	51.6	0.079722222	3.35	0.036712329	3.33	0.047328767	3.7
05/11/2009	51.3	0.079444444	3.35	0.042191781	3.38	0.047534247	3.7
06/11/2009	54.25	0.051944444	3.23	0.033561644	3.3	0.039383562	3.58
09/11/2009	51	0.083333333	3.36	0.042465753	3.38	0.050273973	3.74
10/11/2009	50.9	0.1	3.44	0.052191781	3.47	0.050821918	3.75
11/11/2009	49.5	0.101388889	3.44	0.052876712	3.48	0.050684932	3.75
12/11/2009	50	0.104166667	3.45	0.047945205	3.43	0.046780822	3.69
13/11/2009	51	0.1025	3.45	0.045205479	3.41	0.047671233	3.7
16/11/2009	50.5	0.100555556	3.44	0.051232877	3.46	0.048082192	3.71
17/11/2009	51.95	0.106388889	3.46	0.049178082	3.44	0.045958904	3.68
18/11/2009	50.95	0.116944444	3.51	0.046438356	3.42	0.045616438	3.67
19/11/2009	51.25	0.120555556	3.53	0.05	3.45	0.044863014	3.66
20/11/2009	50	0.141111111	3.62	0.049589041	3.45	0.046369863	3.68
23/11/2009	51.05	0.113611111	3.5	0.047671233	3.43	0.045821918	3.68
24/11/2009	49.5	0.123611111	3.54	0.048082192	3.43	0.04390411	3.65
25/11/2009	49.5	0.122777778	3.54	0.044246575	3.4	0.048219178	3.71
26/11/2009	49	0.125	3.55	0.035890411	3.32	0.045205479	3.67
27/11/2009	48.8	0.123055556	3.54	0.045342466	3.41	0.042808219	3.63
30/11/2009	49.5	0.127777778	3.56	0.046986301	3.42	0.043835616	3.65
01/12/2009	51.3	0.119166667	3.52	0.040410959	3.36	0.039315068	3.58
02/12/2009	52.3	0.11	3.48	0.037808219	3.34	0.039657534	3.58
03/12/2009	54.35	0.094166667	3.41	0.03260274	3.29	0.037739726	3.56
04/12/2009	54	0.077777778	3.34	0.038356164	3.35	0.03630137	3.53
07/12/2009	55.1	0.079722222	3.35	0.029863014	3.27	0.035479452	3.52
08/12/2009	54	0.079444444	3.35	0.03369863	3.3	0.037260274	3.55
09/12/2009	56	0.081111111	3.35	0.028219178	3.25	0.035616438	3.52
10/12/2009	58.25	0.054444444	3.24	0.02369863	3.21	0.031712329	3.47
11/12/2009	60	0.061111111	3.27	0.013150685	3.12	0.029178082	3.43
14/12/2009	59.7	0.053055556	3.23	0.014931507	3.13	0.030205479	3.45
15/12/2009	58.3	0.059722222	3.26	0.016986301	3.15	0.032191781	3.47
16/12/2009	56.55	0.0775	3.34	0.015753425	3.14	0.03760274	3.55
17/12/2009	59	0.070833333	3.31	0.022739726	3.2	0.034794521	3.51
18/12/2009	58	0.073888889	3.32	0.028767123	3.26	0.038150685	3.56
21/12/2009	57.4	0.079722222	3.35	0.03109589	3.28	0.040547945	3.6
22/12/2009	57.2	0.079444444	3.35	0.032876712	3.3	0.040547945	3.6
23/12/2009	58.5	0.0775	3.34	0.034931507	3.31	0.038150685	3.56
24/12/2009	59.5	0.08	3.35	0.028767123	3.26	0.035479452	3.52
25/12/2009	58.45	0.096944444	3.42	0.02890411	3.26	0.039794521	3.59
28/12/2009	58.45	0.103055556	3.45	0.030958904	3.28	0.045068493	3.66
29/12/2009	58.5	0.091666667	3.4	0.031369863	3.28	0.047671233	3.7
30/12/2009	59	0.088333333	3.39	0.034657534	3.31	0.045684932	3.67
31/12/2009	59.1	0.087222222	3.38	0.034794521	3.31	0.045547945	3.67
01/01/2010	58	0.122222222	3.53	0.041369863	3.37	0.045890411	3.68
04/01/2010	58.2	0.11	3.48	0.040547945	3.37	0.050410959	3.74
05/01/2010	58.5	0.102777778	3.45	0.04109589	3.37	0.050479452	3.74
06/01/2010	61.25	0.082777778	3.36	0.037945205	3.34	0.045616438	3.67
07/01/2010	61.5	0.083888889	3.37	0.044246575	3.4	0.043972603	3.65
08/01/2010	60.9	0.086111111	3.38	0.050410959	3.45	0.043150685	3.64
11/01/2010	61	0.094444444	3.41	0.050136986	3.45	0.044520548	3.66
12/01/2010	61.5	0.085555556	3.37	0.034520548	3.31	0.043835616	3.65
13/01/2010	58.7	0.095833333	3.42	0.046712329	3.42	0.050410959	3.74
14/01/2010	59.5	0.080555556	3.35	0.041643836	3.38	0.055616438	3.82
15/01/2010	60	0.077777778	3.34	0.046986301	3.42	0.055479452	3.82
18/01/2010	59.25	0.083611111	3.36	0.052739726	3.48	0.054863014	3.81
19/01/2010	58.7	0.076666667	3.33	0.056027397	3.5	0.051712329	3.76
20/01/2010	57.8	0.083055556	3.36	0.062191781	3.56	0.053013699	3.78
21/01/2010	57.8	0.084722222	3.37	0.059452055	3.54	0.050958904	3.75
22/01/2010	57.8	0.081666667	3.36	0.056027397	3.5	0.055205479	3.81
25/01/2010	57.8	0.074722222	3.33	0.053424658	3.48	0.053835616	3.79
26/01/2010	57.8	0.074166667	3.32	0.057808219	3.52	0.054315068	3.8
27/01/2010	57.8	0.087222222	3.38	0.06890411	3.62	0.051917808	3.76
28/01/2010	57.8	0.09	3.39	0.065616438	3.59	0.049520548	3.73
29/01/2010	57.8	0.087222222	3.38	0.058219178	3.52	0.050958904	3.75
01/02/2010	57.8	0.067777778	3.3	0.056712329	3.51	0.051643836	3.76
02/02/2010	57.8	0.084444444	3.37	0.061917808	3.56	0.051712329	3.76
03/02/2010	57.8	0.078055556	3.34	0.063835616	3.58	0.050273973	3.74
04/02/2010	57.8	0.070555556	3.31	0.065616438	3.59	0.051506849	3.76
05/02/2010	56.75	0.086944444	3.38	0.065205479	3.59	0.053767123	3.79
08/02/2010	57.5	0.088888889	3.39	0.061506849	3.55	0.056438356	3.83
09/02/2010	57.1	0.082777778	3.36	0.06	3.54	0.054383562	3.8
10/02/2010	58	0.061111111	3.27	0.060273973	3.54	0.05630137	3.83
11/02/2010	57.4	0.056111111	3.24	0.078356164	3.71	0.057534247	3.85
15/02/2010	58.5	0.044166667	3.19	0.089315068	3.8	0.061917808	3.91
16/02/2010	57.9	0.054722222	3.24	0.089041096	3.8	0.065273973	3.96
17/02/2010	58.95	0.055555556	3.24	0.087671233	3.79	0.061712329	3.91
18/02/2010	58.6	0.060277778	3.26	0.085753425	3.77	0.061917808	3.91
19/02/2010	58.5	0.047777778	3.21	0.1	3.9	0.06239726	3.92
22/02/2010	57.8	0.056666667	3.25	0.111369863	4	0.064657534	3.95
23/02/2010	56.1	0.065555556	3.29	0.10109589	3.91	0.073082192	4.08
24/02/2010	56.9	0.064722222	3.28	0.105753425	3.95	0.071849315	4.06
25/02/2010	58	0.044444444	3.19	0.098630137	3.89	0.070410959	4.04
26/02/2010	60.2	0.050277778	3.22	0.092054795	3.83	0.070273973	4.04
02/03/2010	61	0.039166667	3.17	0.084931507	3.77	0.068630137	4.01
03/03/2010	61.95	0.024166667	3.11	0.091917808	3.83	0.066986301	3.99
04/03/2010	61.6	0.043611111	3.19	0.08630137	3.78	0.066506849	3.98
05/03/2010	61.95	0.043611111	3.19	0.087808219	3.79	0.07130137	4.05
08/03/2010	62.05	0.046666667	3.2	0.087534247	3.79	0.082945205	4.22
09/03/2010	62.6	0.071666667	3.31	0.081232877	3.73	0.075547945	4.11
10/03/2010	61.5	0.057222222	3.25	0.092054795	3.83	0.075890411	4.12
11/03/2010	61.45	0.053055556	3.23	0.087123288	3.79	0.077191781	4.14
12/03/2010	60.3	0.0525	3.23	0.092328767	3.83	0.081917808	4.21
15/03/2010	60.4	0.05	3.22	0.091780822	3.83	0.078493151	4.16
16/03/2010	59.9	0.075555556	3.33	0.093424658	3.84	0.081643836	4.2
17/03/2010	62.65	0.0375	3.16	0.09	3.81	0.07130137	4.05
18/03/2010	62	0.058055556	3.25	0.101369863	3.91	0.070547945	4.04
19/03/2010	67.5	0.026111111	3.11	0.088630137	3.8	0.063013699	3.93
22/03/2010	67.8	0.022777778	3.1	0.08	3.72	0.060547945	3.89
23/03/2010	69	0.008333333	3.04	0.08630137	3.78	0.060547945	3.89
25/03/2010	65	0.032222222	3.14	0.100958904	3.91	0.065753425	3.97
26/03/2010	66.6	0.020833333	3.09	0.093150685	3.84	0.063013699	3.93
29/03/2010	66.5	0.021111111	3.09	0.087945205	3.79	0.061164384	3.9
30/03/2010	67.5	0.001388889	3.01	0.089041096	3.8	0.060136986	3.89
31/03/2010	67.1	0.018333333	3.08	0.090136986	3.81	0.060821918	3.9
01/04/2010	66	0.022222222	3.1	0.081506849	3.73	0.057465753	3.85
05/04/2010	65	0.026666667	3.12	0.093150685	3.84	0.062328767	3.92
06/04/2010	64	0.032777778	3.14	0.098630137	3.89	0.062328767	3.92
07/04/2010	64.05	0.021111111	3.09	0.093013699	3.84	0.064315068	3.95
08/04/2010	67.25	-0.002777778	2.99	0.082739726	3.75	0.060342466	3.89
09/04/2010	68	-0.002777778	2.99	0.076027397	3.69	0.055821918	3.82
12/04/2010	67.5	0.002777778	3.01	0.082739726	3.75	0.058082192	3.86
13/04/2010	67.95	0.007222222	3.03	0.083013699	3.75	0.05760274	3.85
15/04/2010	67.8	0.016666667	3.07	0.074794521	3.67	0.057808219	3.85
16/04/2010	68.9	-0.005	2.98	0.066438356	3.6	0.054931507	3.81
19/04/2010	66.55	0.015833333	3.07	0.081369863	3.73	0.058150685	3.86
20/04/2010	66.65	0.018888889	3.08	0.083150685	3.75	0.066164384	3.97
21/04/2010	67.85	0.0025	3.01	0.083972603	3.76	0.063082192	3.93
22/04/2010	67	0.015555556	3.07	0.083561644	3.75	0.068493151	4.01
23/04/2010	66	0.030555556	3.13	0.087671233	3.79	0.07130137	4.05
26/04/2010	65.8	0.023333333	3.1	0.088219178	3.8	0.070205479	4.03
27/04/2010	66.9	0.016111111	3.07	0.085205479	3.77	0.067945205	4
28/04/2010	64.1	0.031111111	3.14	0.092876712	3.84	0.069657534	4.03
29/04/2010	63.65	0.019722222	3.09	0.087260274	3.79	0.070068493	4.03
30/04/2010	62	0.022222222	3.1	0.075342466	3.68	0.071232877	4.05
03/05/2010	61	0.033333333	3.15	0.087671233	3.79	0.072123288	4.06
04/05/2010	64.1	0.021666667	3.09	0.086027397	3.78	0.072054795	4.06
05/05/2010	62.5	0.025833333	3.11	0.089726027	3.81	0.078630137	4.16
06/05/2010	63	0.025	3.11	0.084109589	3.76	0.073972603	4.09
07/05/2010	65.55	0.021944444	3.1	0.081369863	3.73	0.06760274	4
10/05/2010	63.5	0.029444444	3.13	0.09109589	3.82	0.069178082	4.02
11/05/2010	63.75	0.0275	3.12	0.084931507	3.77	0.064452055	3.95
12/05/2010	59	0.054166667	3.24	0.093013699	3.84	0.073972603	4.09
13/05/2010	54.2	0.078055556	3.34	0.10630137	3.96	0.077808219	4.15
14/05/2010	55.4	0.09	3.39	0.101643836	3.92	0.07239726	4.07
17/05/2010	56.4	0.086666667	3.38	0.102739726	3.93	0.071575342	4.05
18/05/2010	56.55	0.078333333	3.34	0.10260274	3.92	0.069931507	4.03
19/05/2010	56.9	0.061666667	3.27	0.105479452	3.95	0.07	4.03
20/05/2010	53	0.094722222	3.41	0.109589041	3.99	0.076712329	4.13
21/05/2010	53	0.077777778	3.34	0.112876712	4.02	0.073972603	4.09
24/05/2010	53	0.088888889	3.39	0.110958904	4	0.083424658	4.23
25/05/2010	52.2	0.106666667	3.47	0.113150685	4.02	0.083287671	4.23
26/05/2010	51.6	0.103888889	3.45	0.127123288	4.15	0.085479452	4.26
27/05/2010	50	0.105555556	3.46	0.131506849	4.19	0.085410959	4.26
28/05/2010	49.7	0.101666667	3.44	0.128219178	4.16	0.081232877	4.2
31/05/2010	50.2	0.072222222	3.32	0.12	4.08	0.07369863	4.09
01/06/2010	50.65	0.078611111	3.34	0.124109589	4.12	0.070890411	4.04
02/06/2010	51	0.062222222	3.27	0.126027397	4.14	0.075890411	4.12
03/06/2010	54.95	0.041944444	3.18	0.110136986	3.99	0.069315068	4.02
04/06/2010	55.05	0.038611111	3.17	0.119863014	4.08	0.071164384	4.05
07/06/2010	54.05	0.049722222	3.22	0.120410959	4.09	0.077328767	4.14
08/06/2010	54.8	0.03	3.13	0.119452055	4.08	0.073767123	4.09
09/06/2010	53.5	0.056388889	3.25	0.124657534	4.12	0.07609589	4.12
10/06/2010	53.85	0.046666667	3.2	0.121643836	4.1	0.079383562	4.17
11/06/2010	56	0.029444444	3.13	0.101369863	3.91	0.075410959	4.11
14/06/2010	55.4	0.023611111	3.1	0.104520548	3.94	0.078150685	4.15
15/06/2010	53.05	0.028888889	3.13	0.120410959	4.09	0.082328767	4.21
16/06/2010	54.95	0.019722222	3.09	0.119315068	4.08	0.07869863	4.16
17/06/2010	55.45	0.011666667	3.05	0.109726027	3.99	0.081438356	4.2
18/06/2010	55	0.022222222	3.1	0.116986301	4.05	0.085205479	4.26
21/06/2010	54	0.026666667	3.12	0.106164384	3.96	0.094520548	4.39
22/06/2010	54.25	0.031666667	3.14	0.116575342	4.05	0.094178082	4.39
23/06/2010	54.25	0.030277778	3.13	0.118356164	4.07	0.100684932	4.48
24/06/2010	55.9	0.033333333	3.15	0.114109589	4.03	0.105273973	4.55
25/06/2010	55.85	0.033055556	3.14	0.099041096	3.89	0.104041096	4.53
28/06/2010	57.1	0.024444444	3.11	0.080273973	3.72	0.106575342	4.57
29/06/2010	58.5	0.012777778	3.06	0.081369863	3.73	0.103424658	4.52
30/06/2010	57.2	0.015555556	3.07	0.065753425	3.59	0.102876712	4.52
01/07/2010	59.2	0.003333333	3.01	0.069041096	3.62	0.10109589	4.49
02/07/2010	59.8	-0.000277778	3	0.066575342	3.6	0.094794521	4.4
05/07/2010	58	0.022222222	3.1	0.074520548	3.67	0.094520548	4.39
06/07/2010	59.5	0.007222222	3.03	0.066849315	3.6	0.092054795	4.36
07/07/2010	59	0.015555556	3.07	0.065068493	3.59	0.094794521	4.4
08/07/2010	59	0.016388889	3.07	0.068493151	3.62	0.097671233	4.44
09/07/2010	59.5	0.013888889	3.06	0.063013699	3.57	0.095958904	4.41
12/07/2010	67.2	-0.028055556	2.89	0.029589041	3.27	0.086027397	4.27
13/07/2010	69.75	-0.030833333	2.87	0.024657534	3.22	0.084794521	4.25
14/07/2010	66.5	-0.002777778	2.99	0.042465753	3.38	0.085753425	4.26
15/07/2010	64.4	0.018611111	3.08	0.040410959	3.36	0.089794521	4.32
16/07/2010	63.05	0.018888889	3.08	0.048493151	3.44	0.092123288	4.36
19/07/2010	64.8	0.015	3.07	0.04260274	3.38	0.090753425	4.34
20/07/2010	65.95	0.011388889	3.05	0.044520548	3.4	0.086712329	4.28
21/07/2010	65.6	0.085	3.37	0.050410959	3.45	0.095	4.4
22/07/2010	63.6	0.0375	3.16	0.058082192	3.52	0.097671233	4.44
23/07/2010	66	0.002777778	3.01	0.045890411	3.41	0.094383562	4.39
26/07/2010	68.9	-0.013888889	2.94	0.033424658	3.3	0.088835616	4.31
27/07/2010	67.75	-0.014722222	2.94	0.037671233	3.34	0.085958904	4.27
28/07/2010	68.75	-0.020833333	2.91	0.035342466	3.32	0.084726027	4.25
29/07/2010	69.45	-0.015277778	2.94	0.035616438	3.32	0.088424658	4.3
30/07/2010	68.6	-0.011666667	2.95	0.038219178	3.34	0.089657534	4.32
02/08/2010	71.1	-0.025555556	2.9	0.029863014	3.27	0.083424658	4.23
03/08/2010	72	-0.011388889	2.95	0.032328767	3.29	0.076780822	4.13
04/08/2010	72.95	-0.023055556	2.91	0.040273973	3.36	0.076780822	4.13
05/08/2010	75.4	-0.043888889	2.82	0.03890411	3.35	0.075273973	4.11
06/08/2010	71.5	-0.022222222	2.91	0.041780822	3.38	0.085068493	4.25
09/08/2010	71.75	-0.014166667	2.94	0.034931507	3.31	0.088356164	4.3
10/08/2010	71.6	-0.009444444	2.96	0.035342466	3.32	0.087054795	4.28
11/08/2010	71.5	-0.02	2.92	0.042465753	3.38	0.094383562	4.39
12/08/2010	70.95	-0.008055556	2.97	0.056712329	3.51	0.097328767	4.43
13/08/2010	72.5	-0.024444444	2.9	0.059041096	3.53	0.100684932	4.48
16/08/2010	72.75	-0.023888889	2.9	0.058356164	3.53	0.094041096	4.39
17/08/2010	72.1	-0.028055556	2.89	0.060273973	3.54	0.094383562	4.39
18/08/2010	71.3	-0.031388889	2.87	0.053972603	3.49	0.089863014	4.32
19/08/2010	68	-0.032777778	2.87	0.067123288	3.6	0.105479452	4.55
20/08/2010	69.45	-0.022777778	2.91	0.066438356	3.6	0.099109589	4.46
23/08/2010	68.3	-0.009166667	2.96	0.07369863	3.66	0.099589041	4.47
24/08/2010	70.6	-0.025277778	2.9	0.066849315	3.6	0.095753425	4.41
25/08/2010	68.05	-0.010833333	2.96	0.080547945	3.73	0.103561644	4.53
26/08/2010	71	-0.026388889	2.89	0.060684932	3.55	0.097945205	4.44
27/08/2010	69.25	-0.006944444	2.97	0.062465753	3.56	0.1	4.47
30/08/2010	69.05	-0.016944444	2.93	0.067808219	3.61	0.10130137	4.49
31/08/2010	70.5	-0.023333333	2.9	0.061643836	3.56	0.089863014	4.32
01/09/2010	71.75	-0.030277778	2.88	0.057945205	3.52	0.095136986	4.4
02/09/2010	71.3	-0.024444444	2.9	0.056438356	3.51	0.096164384	4.42
03/09/2010	71.75	-0.038611111	2.84	0.061232877	3.55	0.094931507	4.4
06/09/2010	71.5	-0.035277778	2.86	0.05890411	3.53	0.095890411	4.41
07/09/2010	72.45	-0.044166667	2.82	0.050821918	3.46	0.099109589	4.46
08/09/2010	73.9	-0.064444444	2.74	0.04739726	3.43	0.107671233	4.59
09/09/2010	75.9	-0.047777778	2.8	0.049041096	3.44	0.117945205	4.74
13/09/2010	77	-0.047222222	2.81	0.03739726	3.34	0.102260274	4.51
14/09/2010	75	-0.034722222	2.86	0.050684932	3.46	0.105479452	4.55
15/09/2010	74.9	-0.031666667	2.87	0.046027397	3.41	0.101506849	4.5
16/09/2010	74.8	-0.019722222	2.92	0.050410959	3.45	0.105753425	4.56
17/09/2010	80	-0.055555556	2.77	0.043424658	3.39	0.095616438	4.41
20/09/2010	78	-0.05	2.8	0.043424658	3.39	0.104109589	4.53
21/09/2010	77	-0.040277778	2.84	0.046849315	3.42	0.114863014	4.69
22/09/2010	76.15	-0.034444444	2.86	0.050684932	3.46	0.120342466	4.77
23/09/2010	76.6	-0.0275	2.89	0.049452055	3.45	0.115616438	4.7
24/09/2010	76.4	-0.025555556	2.9	0.048493151	3.44	0.109726027	4.62
27/09/2010	78	-0.027222222	2.89	0.041780822	3.38	0.131369863	4.94
28/09/2010	76.9	-0.021666667	2.91	0.049178082	3.44	0.135753425	5
29/09/2010	75.95	-0.013611111	2.94	0.052191781	3.47	0.114109589	4.68
30/09/2010	74	0.006111111	3.03	0.061917808	3.56	0.108219178	4.59
01/10/2010	74	0.020277778	3.09	0.065205479	3.59	0.11369863	4.68
04/10/2010	74.3	0.027777778	3.12	0.068630137	3.62	0.108150685	4.59
05/10/2010	72.5	0.037777778	3.16	0.07260274	3.65		
06/10/2010	72.75	0.0075	3.03	0.071917808	3.65		
07/10/2010	73.05	0.015	3.07	0.064109589	3.58		
08/10/2010	72.5	0.012222222	3.05	0.068493151	3.62		
11/10/2010	71.25	0.032777778	3.14	0.073150685	3.66		
12/10/2010	71.15	0.040833333	3.18	0.07260274	3.65		
13/10/2010	73.5	0.031388889	3.14	0.066575342	3.6		
14/10/2010	74	0.036111111	3.16	0.068493151	3.62		
15/10/2010	73.5	0.033333333	3.15	0.068219178	3.61		
18/10/2010	70	0.045833333	3.2	0.074246575	3.67		
19/10/2010	73	0.023888889	3.1	0.061643836	3.56		
20/10/2010	71.85	0.039166667	3.17	0.072465753	3.65		
21/10/2010	70.5	0.069166667	3.3	0.077945205	3.7		
22/10/2010	72.4	0.051944444	3.23	0.074246575	3.67		
25/10/2010	73.5	0.030833333	3.13	0.072465753	3.65		
26/10/2010	72	0.036111111	3.16	0.076575342	3.69		
27/10/2010	69	0.063333333	3.28	0.080821918	3.73		
28/10/2010	67.5	0.075555556	3.33	0.084383562	3.76		
29/10/2010	66.45	0.085	3.37	0.08739726	3.79		
01/11/2010	67.75	0.071111111	3.31	0.085479452	3.77		
02/11/2010	68.95	0.061111111	3.27	0.079452055	3.72		
03/11/2010	69.45	0.053055556	3.23	0.061643836	3.56		
04/11/2010	67.1	0.071666667	3.31	0.076712329	3.69		
05/11/2010	68	0.1	3.44	0.070547945	3.64		
08/11/2010	67.9	0.128888889	3.56	0.061506849	3.55		
09/11/2010	68.55	0.121388889	3.53	0.053287671	3.48		
10/11/2010	66	0.138611111	3.6	0.061643836	3.56		
11/11/2010	69.25	0.114722222	3.5	0.037671233	3.34		
12/11/2010	68.05	0.149722222	3.65	0.03	3.27		
15/11/2010	66.3	0.178611111	3.78	0.037945205	3.34		
16/11/2010	69.45	0.130833333	3.57	0.037123288	3.33		
18/11/2010	69.8	0.142777778	3.62	0.030958904	3.28		
19/11/2010	70.45	0.130833333	3.57	0.022054795	3.2		
22/11/2010	75.5	0.101666667	3.44	0.011369863	3.1		
23/11/2010	71.8	0.112222222	3.49	0.025205479	3.23		
24/11/2010	71	0.136111111	3.59	0.024794521	3.22		
25/11/2010	69.75	0.129722222	3.57	0.023972603	3.22		
26/11/2010	69.4	0.136666667	3.6	0.029041096	3.26		
29/11/2010	73.5	0.113888889	3.5	0.015068493	3.14		
30/11/2010	69.4	0.126944444	3.55	0.029041096	3.26		
01/12/2010	72.45	0.125833333	3.55	0.020684932	3.19		
02/12/2010	72.2	0.116944444	3.51	0.030273973	3.27		
03/12/2010	71.9	0.122777778	3.54	0.019452055	3.18		
06/12/2010	70.5	0.13	3.57	0.032876712	3.3		
07/12/2010	70.8	0.128888889	3.56	0.032191781	3.29		
08/12/2010	70.35	0.139722222	3.61	0.023013699	3.21		
09/12/2010	70.3	0.159444444	3.7	0.031917808	3.29		
10/12/2010	67.75	0.178333333	3.78	0.041506849	3.37		
13/12/2010	70.4	0.147777778	3.64	0.018219178	3.16		
14/12/2010	70	0.169444444	3.74	0.001506849	3.01		
15/12/2010	69.8	0.178055556	3.78	0.020684932	3.19		
16/12/2010	69.9	0.170555556	3.74	0.018356164	3.17		
20/12/2010	67.85	0.170833333	3.75	0.030547945	3.28		
21/12/2010	66.75	0.184722222	3.81	0.019726027	3.18		
22/12/2010	67.5	0.180555556	3.79	0.030547945	3.28		
23/12/2010	68	0.154166667	3.67	0.014383562	3.13		
24/12/2010	69.25	0.165277778	3.72	0.018219178	3.16		
27/12/2010	70.8	0.162222222	3.71	0.015205479	3.14		
28/12/2010	68	0.166666667	3.73	0.023561644	3.21		
29/12/2010	69.4	0.155833333	3.68	0.022876712	3.21		
30/12/2010	70.05	0.142777778	3.62	0.021780822	3.2		
31/12/2010	68.3	0.163333333	3.71	0.03	3.27		
03/01/2011	69.8	0.158055556	3.69	0.020684932	3.19		
04/01/2011	71.5	0.131111111	3.57	0.018493151	3.17		
05/01/2011	70	0.128611111	3.56	0.019178082	3.17		
06/01/2011	69.8	0.146944444	3.64	0.015616438	3.14		
07/01/2011	69.7	0.151666667	3.66	0.020821918	3.19		
10/01/2011	67.2	0.173888889	3.76	0.023150685	3.21		
11/01/2011	66	0.175	3.76	0.03	3.27		
12/01/2011	67	0.172222222	3.75	0.028082192	3.25		
13/01/2011	68	0.166666667	3.73	0.024657534	3.22		
14/01/2011	67.15	0.171388889	3.75	0.025205479	3.23		
17/01/2011	67.5	0.169444444	3.74	0.019589041	3.18		
18/01/2011	69.5	0.144444444	3.63	0.01369863	3.12		
19/01/2011	68.8	0.115	3.5	0.014657534	3.13		
20/01/2011	68.7	0.135	3.59	0.016712329	3.15		
21/01/2011	68.75	0.148611111	3.65	0.019315068	3.17		
24/01/2011	68.25	0.15	3.65	0.026575342	3.24		
25/01/2011	71.6	0.122777778	3.54	0.028356164	3.26		
27/01/2011	72	0.129166667	3.56	0.039589041	3.36		
28/01/2011	70.65	0.145	3.63	0.042191781	3.38		
31/01/2011	68	0.148611111	3.65	0.046712329	3.42		
01/02/2011	70.05	0.127222222	3.56	0.040958904	3.37		
02/02/2011	67	0.144444444	3.63	0.050136986	3.45		
03/02/2011	69	0.130555556	3.57	0.043835616	3.4		
04/02/2011	71.4	0.125	3.55	0.030547945	3.28		
07/02/2011	70.3	0.131666667	3.57	0.033835616	3.3		
08/02/2011	69	0.146666667	3.64	0.043835616	3.4		
09/02/2011	68	0.138888889	3.61	0.046164384	3.42		
10/02/2011	63.2	0.172222222	3.75	0.056986301	3.51		
11/02/2011	64.8	0.159444444	3.7	0.041643836	3.38		
14/02/2011	62.2	0.173888889	3.76	0.051643836	3.47		
15/02/2011	62.5	0.197222222	3.86	0.048493151	3.44		
16/02/2011	62	0.2	3.87	0.045068493	3.41		
17/02/2011	63	0.186111111	3.81	0.045205479	3.41		
18/02/2011	60.2	0.187777778	3.82	0.05369863	3.48		
21/02/2011	63.65	0.179444444	3.78	0.046027397	3.41		
22/02/2011	62.25	0.193055556	3.84	0.053287671	3.48		
23/02/2011	61.3	0.188055556	3.82	0.05109589	3.46		
24/02/2011	59.65	0.2175	3.95	0.055068493	3.5		
25/02/2011	58.25	0.220833333	3.96	0.062876712	3.57		
28/02/2011	58.5	0.221666667	3.97	0.067123288	3.6		
01/03/2011	57.55	0.230277778	4	0.059452055	3.54		
03/03/2011	59	0.218055556	3.95	0.054794521	3.49		
04/03/2011	58.8	0.19	3.83	0.049726027	3.45		
07/03/2011	59.95	0.186666667	3.81	0.035753425	3.32		
08/03/2011	59.7	0.207222222	3.9	0.042191781	3.38		
09/03/2011	61.9	0.203333333	3.89	0.038219178	3.34		
10/03/2011	61.8	0.187222222	3.82	0.037945205	3.34		
11/03/2011	61.5	0.201111111	3.88	0.038356164	3.35		
14/03/2011	60.8	0.1775	3.77	0.030684932	3.28		
15/03/2011	60	0.204444444	3.89	0.042739726	3.39		
16/03/2011	59.8	0.209166667	3.91	0.043287671	3.39		
17/03/2011	59.75	0.21	3.92	0.042191781	3.38		
18/03/2011	62	0.166666667	3.73	0.037123288	3.33		
21/03/2011	60.8	0.142222222	3.62	0.035479452	3.32		
22/03/2011	61.8	0.146666667	3.64	0.036438356	3.33		
23/03/2011	61.95	0.106944444	3.47	0.035890411	3.32		
24/03/2011	62	0.124444444	3.54	0.033287671	3.3		
25/03/2011	62.15	0.121944444	3.53	0.032739726	3.3		
28/03/2011	64.2	0.116666667	3.51	0.029589041	3.27		
29/03/2011	66	0.099444444	3.43	0.024246575	3.22		
30/03/2011	67.75	0.083333333	3.36	0.019726027	3.18		
31/03/2011	66.45	0.0975	3.43	0.024383562	3.22		
01/04/2011	67.5	0.083333333	3.36	0.026027397	3.23		
04/04/2011	68	0.055555556	3.24	0.026027397	3.23		
05/04/2011	80.9	-0.011944444	2.95	-0.005616438	2.96		
06/04/2011	70.35	0.064722222	3.28	0.02630137	3.24		
07/04/2011	66.5	0.070277778	3.31	0.039726027	3.36		
08/04/2011	66.4	0.079722222	3.35	0.040410959	3.36		
11/04/2011	65.1	0.084722222	3.37	0.050410959	3.45		
13/04/2011	65	0.095555556	3.42	0.054246575	3.49		
15/04/2011	66.7	0.096111111	3.42	0.053287671	3.48		
18/04/2011	66.5	0.101666667	3.44	0.053424658	3.48		
19/04/2011	66.5	0.090277778	3.39	0.045205479	3.41		
20/04/2011	69.95	0.061944444	3.27	0.048630137	3.44		
21/04/2011	68.8	0.070555556	3.31	0.05260274	3.47		
25/04/2011	67.5	0.078611111	3.34	0.052054795	3.47		
26/04/2011	67.5	0.083055556	3.36	0.045616438	3.41		
27/04/2011	69.2	0.074166667	3.32	0.045479452	3.41		
28/04/2011	69.9	0.067222222	3.29	0.043013699	3.39		
29/04/2011	67.9	0.088333333	3.39	0.048219178	3.43		
02/05/2011	69.5	0.100833333	3.44	0.040410959	3.36		
03/05/2011	68.1	0.119444444	3.52	0.043561644	3.39		
04/05/2011	68.45	0.101666667	3.44	0.042191781	3.38		
05/05/2011	67.05	0.096944444	3.42	0.047808219	3.43		
06/05/2011	65.65	0.104722222	3.46	0.043561644	3.39		
09/05/2011	62.1	0.138333333	3.6	0.061917808	3.56		
10/05/2011	65.35	0.146111111	3.64	0.045616438	3.41		
11/05/2011	66.65	0.152222222	3.66	0.036712329	3.33		
12/05/2011	66.05	0.155555556	3.68	0.042328767	3.38		
13/05/2011	66.1	0.155555556	3.68	0.038082192	3.34		
16/05/2011	66.25	0.1375	3.6	0.04109589	3.37		
17/05/2011	68	0.136111111	3.59	0.038082192	3.34		
18/05/2011	66	0.153888889	3.67	0.039726027	3.36		
19/05/2011	66.3	0.160555556	3.7	0.040273973	3.36		
20/05/2011	66.3	0.159444444	3.7	0.040821918	3.37		
23/05/2011	66.9	0.169722222	3.74	0.041369863	3.37		
24/05/2011	64.8	0.1575	3.69	0.045479452	3.41		
25/05/2011	65.15	0.149444444	3.65	0.044246575	3.4		
26/05/2011	64.5	0.162777778	3.71	0.047260274	3.43		
27/05/2011	62.3	0.170555556	3.74	0.053424658	3.48		
30/05/2011	67.3	0.142222222	3.62	0.045753425	3.41		
31/05/2011	68.5	0.13	3.57	0.043561644	3.39		
01/06/2011	68.75	0.140833333	3.61	0.046849315	3.42		
02/06/2011	69.2	0.132222222	3.58	0.048767123	3.44		
03/06/2011	71.25	0.109722222	3.48	0.04260274	3.38		
06/06/2011	70	0.117777778	3.51	0.044794521	3.4		
07/06/2011	69	0.137777778	3.6	0.044931507	3.4		
08/06/2011	69.75	0.116111111	3.51	0.048630137	3.44		
09/06/2011	69.95	0.130833333	3.57	0.058630137	3.53		
10/06/2011	71.65	0.111388889	3.49	0.059315068	3.53		
13/06/2011	71.8	0.118888889	3.52	0.05630137	3.51		
14/06/2011	73.1	0.126388889	3.55	0.052739726	3.48		
15/06/2011	73	0.115833333	3.51	0.050684932	3.46		
16/06/2011	73.5	0.114444444	3.5	0.05890411	3.53		
17/06/2011	75.1	0.108611111	3.47	0.055479452	3.5		
20/06/2011	77.65	0.094444444	3.41	0.04630137	3.42		
21/06/2011	79.3	0.082222222	3.36	0.039178082	3.35		
22/06/2011	79.3	0.0775	3.34	0.035890411	3.32		
23/06/2011	74.1	0.115277778	3.5	0.053150685	3.48		
24/06/2011	75.75	0.106944444	3.47	0.048630137	3.44		
27/06/2011	74.7	0.121666667	3.53	0.056986301	3.51		
28/06/2011	77.15	0.114722222	3.5	0.062876712	3.57		
29/06/2011	78.5	0.115833333	3.51	0.060273973	3.54		
30/06/2011	79.15	0.110277778	3.48	0.055205479	3.5		
01/07/2011	80.5	0.102777778	3.45	0.04369863	3.39		
04/07/2011	79.5	0.094166667	3.41	0.046575342	3.42		
05/07/2011	78.25	0.106944444	3.47	0.045890411	3.41		
06/07/2011	77.3	0.114722222	3.5	0.056986301	3.51		
07/07/2011	78.9	0.104166667	3.45	0.049863014	3.45		
08/07/2011	82.95	0.0825	3.36	0.039726027	3.36		
11/07/2011	81.75	0.095833333	3.42	0.038219178	3.34		
12/07/2011	79.05	0.1075	3.47	0.040821918	3.37		
13/07/2011	78.5	0.103333333	3.45	0.045205479	3.41		
14/07/2011	80.4	0.083888889	3.37	0.041369863	3.37		
15/07/2011	81.1	0.095555556	3.42	0.039589041	3.36		
18/07/2011	81.75	0.095555556	3.42	0.034931507	3.31		
19/07/2011	80.55	0.105277778	3.46	0.040684932	3.37		
20/07/2011	79.95	0.111111111	3.48	0.043972603	3.4		
21/07/2011	79	0.116388889	3.51	0.053972603	3.49		
22/07/2011	80	0.102777778	3.45	0.046027397	3.41		
25/07/2011	86	0.068333333	3.3	0.035890411	3.32		
26/07/2011	91.1	0.040277778	3.18	0.022739726	3.2		
27/07/2011	90.4	0.0475	3.21	0.036438356	3.33		
28/07/2011	90.95	0.038888889	3.17	0.04	3.36		
29/07/2011	89.9	0.011388889	3.05	0.038630137	3.35		
01/08/2011	95	0.000555556	3	0.024109589	3.22		
02/08/2011	98.45	-0.026111111	2.89	0.015342466	3.14		
03/08/2011	93	-0.014722222	2.94	0.032876712	3.3		
04/08/2011	95.5	-0.041666667	2.83	0.038219178	3.34		
05/08/2011	94	-0.030555556	2.88	0.042054795	3.38		
08/08/2011	93.8	-0.06	2.76	0.042739726	3.39		
09/08/2011	92	-0.072222222	2.71	0.053424658	3.48		
10/08/2011	95.5	-0.085277778	2.65	0.042739726	3.39		
11/08/2011	93.1	-0.056111111	2.77	0.048630137	3.44		
12/08/2011	94	-0.071666667	2.71	0.044246575	3.4		
16/08/2011	94	-0.086111111	2.65	0.054794521	3.49		
17/08/2011	92.25	-0.07	2.71	0.083150685	3.75		
18/08/2011	95.1	-0.078333333	2.68	0.062054795	3.56		
19/08/2011	93.25	-0.073333333	2.7	0.064794521	3.58		
22/08/2011	94	-0.086111111	2.65	0.065205479	3.59		
23/08/2011	93.9	-0.077222222	2.68	0.071780822	3.65		
24/08/2011	94	-0.083333333	2.66	0.064931507	3.59		
25/08/2011	95.5	-0.086111111	2.65	0.065753425	3.59		
26/08/2011	99	-0.105555556	2.57	0.043013699	3.39		
29/08/2011	99.85	-0.092222222	2.62	0.03739726	3.34		
30/08/2011	97	-0.1	2.59	0.045205479	3.41		
02/09/2011	100.5	-0.1	2.59	0.031506849	3.28		
05/09/2011	101.85	-0.107222222	2.56	0.03109589	3.28		
06/09/2011	100.6	-0.121388889	2.5	0.033972603	3.31		
07/09/2011	98.6	-0.0925	2.62	0.038356164	3.35		
08/09/2011	100	-0.095	2.61	0.030547945	3.28		
09/09/2011	100	-0.1275	2.48	0.031232877	3.28		
12/09/2011	95.75	-0.14	2.43	0.043150685	3.39		
13/09/2011	99	-0.120277778	2.51	0.024520548	3.22		
14/09/2011	100	-0.13	2.47	0.028767123	3.26		
15/09/2011	98	-0.105555556	2.57	0.031506849	3.28		
16/09/2011	97.45	-0.130555556	2.47	0.037123288	3.33		
19/09/2011	95.75	-0.095	2.61	0.04260274	3.38		
20/09/2011	97.7	-0.135833333	2.45	0.030273973	3.27		
21/09/2011	98.25	-0.124166667	2.49	0.031917808	3.29		
22/09/2011	95.1	-0.104166667	2.57	0.040821918	3.37		
23/09/2011	93.15	-0.091944444	2.62	0.046164384	3.42		
26/09/2011	96.25	-0.102777778	2.58	0.034931507	3.31		
27/09/2011	97	-0.105555556	2.57	0.032876712	3.3		
28/09/2011	98.5	-0.106944444	2.56	0.045068493	3.41		
29/09/2011	97.5	-0.111944444	2.54	0.044931507	3.4		
30/09/2011	98	-0.109722222	2.55	0.052054795	3.47		
03/10/2011	98	-0.116666667	2.52	0.054931507	3.5		
04/10/2011	98	-0.125	2.49	0.052191781	3.47		
05/10/2011	98	-0.115	2.53	0.050684932	3.46		
07/10/2011	95.5	-0.110277778	2.55	0.053287671	3.48		
10/10/2011	89.5	-0.069722222	2.72	0.069315068	3.62		
11/10/2011	93	-0.0875	2.64	0.057534247	3.52		
12/10/2011	95.5	-0.102777778	2.58	0.049726027	3.45		
13/10/2011	95.25	-0.105	2.57	0.058767123	3.53		
14/10/2011	93.7	-0.105833333	2.57	0.071780822	3.65		
17/10/2011	95.25	-0.115277778	2.53	0.059589041	3.54		
18/10/2011	96.75	-0.125555556	2.49	0.049726027	3.45		
19/10/2011	94.75	-0.110833333	2.55	0.052739726	3.48		
20/10/2011	92.95	-0.095277778	2.61	0.04890411	3.44		
21/10/2011	93	-0.083611111	2.66	0.054794521	3.49		
24/10/2011	92.5	-0.058611111	2.76	0.050684932	3.46		
25/10/2011	93.9	-0.041388889	2.83	0.039315068	3.35		
26/10/2011	94	-0.044166667	2.82	0.040136986	3.36		
28/10/2011	95.4	-0.0575	2.77	0.033424658	3.3		
31/10/2011	93	-0.044444444	2.82	0.04109589	3.37		
01/11/2011	94.2	-0.049444444	2.8	0.040547945	3.37		
02/11/2011	93.5	-0.047222222	2.81	0.036986301	3.33		
03/11/2011	93.5	-0.060833333	2.75	0.055890411	3.5		
04/11/2011	98	-0.085277778	2.65	0.04109589	3.37		
08/11/2011	98	-0.072222222	2.71	0.043835616	3.4		
09/11/2011	96.5	-0.064722222	2.74	0.043424658	3.39		
11/11/2011	94	-0.055555556	2.77	0.04109589	3.37		
14/11/2011	95.95	-0.088611111	2.64	0.022054795	3.2		
15/11/2011	97	-0.088611111	2.64	0.014794521	3.13		
16/11/2011	95.15	-0.083055556	2.66	0.030821918	3.28		
17/11/2011	98.8	-0.113055556	2.54	0.018493151	3.17		
18/11/2011	98	-0.102777778	2.58	0.024657534	3.22		
21/11/2011	98.4	-0.103333333	2.58	0.033150685	3.3		
22/11/2011	99	-0.103055556	2.58	0.026438356	3.24		
23/11/2011	98.25	-0.091944444	2.62	0.029589041	3.27		
24/11/2011	93	-0.0725	2.7	0.051506849	3.46		
25/11/2011	93.55	-0.076666667	2.69	0.047945205	3.43		
28/11/2011	97	-0.087777778	2.64	0.042328767	3.38		
29/11/2011	98.5	-0.086111111	2.65	0.040136986	3.36		
30/11/2011	95.5	-0.090277778	2.63	0.04630137	3.42		
01/12/2011	97.7	-0.103888889	2.58	0.047123288	3.42		
02/12/2011	92.75	-0.087777778	2.64	0.066986301	3.6		
05/12/2011	96.8	-0.132222222	2.46	0.071780822	3.65		
06/12/2011	97.45	-0.124166667	2.49	0.07	3.63		
07/12/2011	97.55	-0.120555556	2.51	0.082739726	3.75		
08/12/2011	92	-0.090833333	2.63	0.111643836	4.01		
09/12/2011	86.4	-0.060555556	2.75	0.124383562	4.12		
12/12/2011	88.2	-0.09	2.63	0.127945205	4.15		
13/12/2011	81.2	-0.031111111	2.87	0.144657534	4.3		
14/12/2011	84.4	-0.048888889	2.8	0.131232877	4.18		
15/12/2011	84.1	-0.049722222	2.8	0.133972603	4.21		
16/12/2011	85.2	-0.053611111	2.78	0.12	4.08		
19/12/2011	83.9	-0.056388889	2.77	0.118082192	4.06		
20/12/2011	82.75	-0.0425	2.83	0.120410959	4.09		
21/12/2011	84	-0.049722222	2.8	0.12109589	4.09		
22/12/2011	82.5	-0.046388889	2.81	0.130958904	4.18		
23/12/2011	78	-0.021666667	2.91	0.141232877	4.27		
26/12/2011	78.75	-0.020833333	2.91	0.140410959	4.27		
27/12/2011	82	-0.039722222	2.84	0.136027397	4.23		
28/12/2011	79.15	-0.023333333	2.9	0.136849315	4.23		
29/12/2011	80.75	-0.03	2.88	0.134794521	4.21		
30/12/2011	80.35	-0.018611111	2.92	0.136849315	4.23		
02/01/2012	82.2	-0.026111111	2.89	0.133835616	4.21		
03/01/2012	84	-0.028611111	2.88	0.123972603	4.12		
04/01/2012	84.8	-0.026944444	2.89	0.13739726	4.24		
05/01/2012	82.75	-0.009722222	2.96	0.142876712	4.29		
06/01/2012	81.1	0.000277778	3	0.14739726	4.33		
09/01/2012	81.5	0.011111111	3.05	0.143150685	4.29		
10/01/2012	81.65	0.0175	3.08	0.133835616	4.21		
11/01/2012	82.45	0.020555556	3.09	0.131917808	4.19		
12/01/2012	82.55	0.019166667	3.08	0.140958904	4.27		
13/01/2012	82	0.005555556	3.02	0.14260274	4.29		
16/01/2012	83.8	0.021666667	3.09	0.132054795	4.19		
17/01/2012	87.65	0.001944444	3.01	0.110684932	4		
18/01/2012	89.6	-0.017222222	2.93	0.107945205	3.97		
19/01/2012	86.75	-0.014444444	2.94	0.119452055	4.08		
20/01/2012	84.5	0.007222222	3.03	0.134520548	4.21		
23/01/2012	84.5	0.006111111	3.03	0.141780822	4.28		
24/01/2012	87	-0.008333333	2.97	0.131917808	4.19		
25/01/2012	91.65	-0.041111111	2.83	0.133561644	4.2		
26/01/2012	94.05	-0.055833333	2.77	0.131369863	4.18		
27/01/2012	94.05	-0.056666667	2.77	0.142328767	4.28		
30/01/2012	94.1	-0.053333333	2.78	0.129589041	4.17		
31/01/2012	91	-0.0525	2.79	0.136986301	4.23		
01/02/2012	92.5	-0.043333333	2.82	0.121643836	4.1		
02/02/2012	93.7	-0.065	2.73	0.140547945	4.27		
03/02/2012	95.2	-0.084166667	2.66	0.127671233	4.15		
06/02/2012	95	-0.075	2.69	0.126027397	4.14		
07/02/2012	97.45	-0.096944444	2.6	0.117945205	4.06		
08/02/2012	93.15	-0.066111111	2.73	0.138356164	4.25		
09/02/2012	92.05	-0.056388889	2.77	0.138219178	4.25		
10/02/2012	93.8	-0.073888889	2.7	0.132739726	4.2		
13/02/2012	93	-0.066666667	2.73	0.136986301	4.23		
14/02/2012	92.9	-0.065	2.73	0.118356164	4.07		
15/02/2012	91.9	-0.055	2.78	0.135068493	4.22		
16/02/2012	94.1	-0.070555556	2.71	0.129863014	4.17		
17/02/2012	93	-0.065	2.73	0.131643836	4.19		
20/02/2012	91	-0.051388889	2.79	0.138356164	4.25		
21/02/2012	91.2	-0.052222222	2.79	0.146849315	4.32		
22/02/2012	93.8	-0.054444444	2.78	0.160821918	4.45		
23/02/2012	90.65	-0.034722222	2.86	0.195479452	4.76		
24/02/2012	93.5	-0.0425	2.83	0.159315068	4.44		
27/02/2012	91.7	-0.026111111	2.89	0.165205479	4.49		
28/02/2012	93.2	-0.035555556	2.85	0.152876712	4.38		
29/02/2012	95.85	-0.052777778	2.78	0.153835616	4.39		
01/03/2012	93.85	-0.046944444	2.81	0.153287671	4.38		
02/03/2012	94.1	-0.036666667	2.85	0.164109589	4.48		
05/03/2012	94.65	-0.018333333	2.93	0.181369863	4.63		
06/03/2012	94.65	-0.0075	2.97	0.19	4.71		
07/03/2012	94.1	-0.009722222	2.96	0.183287671	4.65		
08/03/2012	93.25	-0.005	2.98	0.173287671	4.56		
09/03/2012	94.85	-0.018611111	2.92	0.216575342	4.95		
12/03/2012	95	0	3	0.221917808	5		
13/03/2012	96.6	-0.006944444	2.97	0.171643836	4.55		
14/03/2012	97.8	-0.018055556	2.93	0.151232877	4.36		
15/03/2012	99.35	-0.031944444	2.87	0.157945205	4.42		
16/03/2012	99	-0.036666667	2.85	0.148630137	4.34		
19/03/2012	99	-0.030555556	2.88				
20/03/2012	96.45	-0.016388889	2.93				
21/03/2012	97.5	-0.011111111	2.95				
22/03/2012	97.95	0.011944444	3.05				
23/03/2012	97.65	0.015833333	3.07				
26/03/2012	97.8	0.008333333	3.04				
27/03/2012	99	-0.014166667	2.94				
28/03/2012	98.4	-0.010555556	2.96				
29/03/2012	97.1	-0.011666667	2.95				
30/03/2012	95.5	0.014444444	3.06				
02/04/2012	98.3	-0.006666667	2.97				
03/04/2012	98.95	-0.008333333	2.97				
04/04/2012	99.5	-0.021111111	2.91				
05/04/2012	99.95	-0.033333333	2.86				
06/04/2012	99.95	-0.0275	2.89				
09/04/2012	98.5	-0.016666667	2.93				
10/04/2012	98.3	-0.015277778	2.94				
11/04/2012	98.35	-0.021388889	2.91				
12/04/2012	98.95	-0.019722222	2.92				
13/04/2012	97.95	-0.010833333	2.96				
16/04/2012	91.95	0.0375	3.16				
17/04/2012	95.1	0.009444444	3.04				
18/04/2012	93.75	0.029722222	3.13				
19/04/2012	90.35	0.050277778	3.22				
20/04/2012	88	0.087222222	3.38				
23/04/2012	88.5	0.094722222	3.41				
24/04/2012	83	0.116666667	3.51				
25/04/2012	79	0.137777778	3.6				
26/04/2012	80.15	0.132777778	3.58				
27/04/2012	83	0.122222222	3.53				
30/04/2012	81.1	0.1575	3.69				
01/05/2012	78.5	0.171388889	3.75				
02/05/2012	79.65	0.165277778	3.72				
03/05/2012	81	0.169444444	3.74				
04/05/2012	80.05	0.1725	3.75				
07/05/2012	78.5	0.179722222	3.78				
08/05/2012	80	0.1675	3.73				
09/05/2012	79	0.194444444	3.85				
10/05/2012	80	0.236666667	4.03				
11/05/2012	80	0.209722222	3.92				
14/05/2012	83.25	0.186944444	3.82				
15/05/2012	79	0.215555556	3.94				
16/05/2012	82.5	0.208888889	3.91				
17/05/2012	82.55	0.195277778	3.85				
18/05/2012	78.75	0.226388889	3.99				
21/05/2012	81.95	0.181944444	3.79				
22/05/2012	82.9	0.17	3.74				
23/05/2012	77.05	0.2025	3.88				
24/05/2012	70.55	0.230277778	4				
25/05/2012	77.35	0.199166667	3.87				
28/05/2012	76.6	0.202222222	3.88				
29/05/2012	79	0.186666667	3.81				
30/05/2012	73.95	0.206666667	3.9				
31/05/2012	78.65	0.181944444	3.79				
01/06/2012	73.25	0.2125	3.93				
04/06/2012	75.9	0.178055556	3.78				
05/06/2012	76.35	0.189722222	3.83				
06/06/2012	76.6	0.182777778	3.8				
07/06/2012	77.75	0.184722222	3.81				
08/06/2012	78	0.185	3.81				
11/06/2012	79.25	0.163888889	3.72				
12/06/2012	77.35	0.180833333	3.79				
13/06/2012	78.25	0.176388889	3.77				
14/06/2012	77	0.183333333	3.8				
15/06/2012	75.5	0.186111111	3.81				
18/06/2012	77.3	0.176111111	3.77				
19/06/2012	75.65	0.218333333	3.95				
20/06/2012	76.95	0.205277778	3.9				
21/06/2012	77.25	0.220833333	3.96				
22/06/2012	77	0.228055556	4				
25/06/2012	76.35	0.226111111	3.99				
26/06/2012	74.65	0.2325	4.01				
27/06/2012	74.5	0.224722222	3.98				
28/06/2012	74.15	0.225833333	3.99				
29/06/2012	74.8	0.217777778	3.95				
02/07/2012	75.8	0.210277778	3.92				
03/07/2012	77.95	0.215277778	3.94				
04/07/2012	81.95	0.210833333	3.92				
05/07/2012	86.45	0.169722222	3.74				
06/07/2012	86.05	0.160277778	3.7				
09/07/2012	85.05	0.160833333	3.7				
10/07/2012	85	0.143333333	3.63				
11/07/2012	85.3	0.153888889	3.67				
12/07/2012	85	0.144444444	3.63				
13/07/2012	82.55	0.142777778	3.62				
16/07/2012	82.65	0.144444444	3.63				
17/07/2012	85	0.125555556	3.55				
18/07/2012	84.85	0.128611111	3.56				
19/07/2012	84	0.138888889	3.61				
20/07/2012	80	0.15	3.65				
23/07/2012	81.05	0.1825	3.8				
24/07/2012	80.2	0.182222222	3.8				
25/07/2012	78.45	0.1975	3.86				
26/07/2012	79.5	0.1825	3.8				
27/07/2012	79.8	0.162222222	3.71				
30/07/2012	80.45	0.130833333	3.57				
31/07/2012	81.7	0.115	3.5				
01/08/2012	79.95	0.146944444	3.64				
02/08/2012	79.75	0.143333333	3.63				
03/08/2012	81.2	0.143333333	3.63				
06/08/2012	83	0.152777778	3.67				
07/08/2012	79.25	0.163333333	3.71				
08/08/2012	79	0.166944444	3.73				
09/08/2012	76.95	0.193611111	3.84				
10/08/2012	73	0.211388889	3.92				
13/08/2012	75.1	0.2075	3.91				
14/08/2012	75.85	0.207222222	3.9				
15/08/2012	75.65	0.204166667	3.89				
16/08/2012	75.5	0.218888889	3.96				
17/08/2012	72	0.251111111	4.1				
20/08/2012	75.6	0.263333333	4.15				
21/08/2012	75.6	0.263333333	4.15				
22/08/2012	75.15	0.292222222	4.28				
23/08/2012	75.55	0.317777778	4.39				
24/08/2012	73.75	0.3225	4.41				
27/08/2012	75.1	0.332222222	4.45				
28/08/2012	75.05	0.3275	4.43				
29/08/2012	74.15	0.323055556	4.41				
30/08/2012	74.1	0.327222222	4.43				
31/08/2012	75	0.3	4.31				
03/09/2012	74.85	0.289722222	4.26				
04/09/2012	74.95	0.2875	4.25				
05/09/2012	75.35	0.293611111	4.28				
06/09/2012	77	0.296111111	4.29				
07/09/2012	77.5	0.289166667	4.26				
10/09/2012	78.85	0.284166667	4.24				
11/09/2012	79.95	0.287222222	4.25				
12/09/2012	81	0.267222222	4.17				
13/09/2012	81.15	0.271111111	4.18				
14/09/2012	83.5	0.26	4.13				
17/09/2012	84.8	0.256944444	4.12				
18/09/2012	86.15	0.239444444	4.04				
19/09/2012	86	0.271944444	4.19				
20/09/2012	83	0.288333333	4.26				
21/09/2012	87.7	0.262222222	4.14				
24/09/2012	88	0.254166667	4.11				
25/09/2012	86.5	0.244444444	4.07				
26/09/2012	84.15	0.258055556	4.13				
27/09/2012	85.8	0.267777778	4.17				
28/09/2012	85.6	0.269166667	4.17				
01/10/2012	85.5	0.258333333	4.13				
02/10/2012	84.25	0.243333333	4.06				
03/10/2012	84	0.25	4.09				
04/10/2012	83.85	0.258333333	4.13				
05/10/2012	84.5	0.272777778	4.19				
08/10/2012	81.55	0.303888889	4.33				
09/10/2012	84.7	0.280277778	4.22				
10/10/2012	82	0.324444444	4.42				
11/10/2012	80.05	0.344166667	4.5				
12/10/2012	81.5	0.358333333	4.56				
15/10/2012	80	0.341111111	4.49				
16/10/2012	81.25	0.331944444	4.45				
17/10/2012	81.9	0.305555556	4.33				
18/10/2012	80.5	0.358333333	4.56				
19/10/2012	81	0.337777778	4.47				
22/10/2012	81.2	0.332222222	4.45				
23/10/2012	82	0.325	4.42				
24/10/2012	81.4	0.345833333	4.51				
25/10/2012	81.3	0.34	4.48				
26/10/2012	81.75	0.336111111	4.47				
29/10/2012	81.8	0.34	4.48				
30/10/2012	84	0.289444444	4.26				
31/10/2012	84.4	0.315555556	4.38				
01/11/2012	85.85	0.309166667	4.35				
02/11/2012	87	0.300277778	4.31				
05/11/2012	86.8	0.303888889	4.33				
06/11/2012	86.35	0.324722222	4.42				
07/11/2012	85.4	0.372777778	4.63				
08/11/2012	87.5	0.413888889	4.81				
09/11/2012	91.35	0.335	4.46				
12/11/2012	93.3	0.326111111	4.42				
13/11/2012	92.35	0.314722222	4.37				
14/11/2012	92.35	0.331388889	4.45				
15/11/2012	91.5	0.323888889	4.41				
16/11/2012	95	0.327777778	4.43				
19/11/2012	95.35	0.363888889	4.59				
20/11/2012	94.55	0.385833333	4.68				
21/11/2012	93.6	0.374444444	4.63				
22/11/2012	92.4	0.356111111	4.55				
23/11/2012	93.5	0.446666667	4.95				
26/11/2012	93.5	0.458333333	5				
27/11/2012	95.5	0.354166667	4.55				
28/11/2012	100.1	0.293888889	4.28				
29/11/2012	100.5	0.313888889	4.37				
30/11/2012	99.3	0.299722222	4.31				
03/12/2012	96.45						
04/12/2012	96.5						
05/12/2012	95						
06/12/2012	98.1						
07/12/2012	97.1						
10/12/2012	97.45						
11/12/2012	95.7						
12/12/2012	93.95						
13/12/2012	95						
14/12/2012	95.5						
17/12/2012	95.55						
18/12/2012	94.5						
19/12/2012	95.4						
20/12/2012	96						
21/12/2012	98.7						
24/12/2012	96.8						
25/12/2012	99.1						
26/12/2012	99.4						
27/12/2012	103.7						
28/12/2012	105.55						
31/12/2012	104						
01/01/2013	103.8						
02/01/2013	104.05						
03/01/2013	105						
04/01/2013	109.45						
07/01/2013	109.35						
08/01/2013	109.4						
09/01/2013	111.5						
10/01/2013	111.1						
11/01/2013	110.85						
14/01/2013	110.15						
15/01/2013	114						
16/01/2013	122.6						
17/01/2013	117.75						
18/01/2013	116.9						
21/01/2013	117.8						
22/01/2013	120.1						
23/01/2013	117.7						
24/01/2013	119.5						
25/01/2013	114.7						
28/01/2013	113.5						
29/01/2013	113.5						
30/01/2013	112						
31/01/2013	113.2						
01/02/2013	113						
04/02/2013	112.6						
05/02/2013	111.15						
06/02/2013	111.4						
07/02/2013	111.5						
08/02/2013	107.95						
11/02/2013	110.5						
12/02/2013	109.5						
13/02/2013	111						
14/02/2013	111.3						
15/02/2013	108.75						
18/02/2013	109.9						
19/02/2013	110						
20/02/2013	110						
21/02/2013	109						
22/02/2013	109						
25/02/2013	114.95						
26/02/2013	113.9						
27/02/2013	117						
28/02/2013	118.05						
01/03/2013	117.05						
04/03/2013	116.5						
05/03/2013	114.95						
06/03/2013	114.8						
07/03/2013	114						
08/03/2013	113.65						
11/03/2013	116.7						
12/03/2013	119.9						
13/03/2013	117						
14/03/2013	114.9						
15/03/2013	114						
18/03/2013	110.8						
19/03/2013	113						
20/03/2013	111						
21/03/2013	108.25						
22/03/2013	108.65						
25/03/2013	107.6						
26/03/2013	108						
27/03/2013	109						
28/03/2013	107						
29/03/2013	113.9						
01/04/2013	113						
02/04/2013	114						
03/04/2013	112.35						
04/04/2013	109						
05/04/2013	104						
08/04/2013	102.4						
09/04/2013	106.4						
10/04/2013	105.55						
11/04/2013	107						
12/04/2013	110.5						
15/04/2013	108.65						
16/04/2013	109.05						
17/04/2013	111.8						
18/04/2013	111.05						
19/04/2013	112.45						
22/04/2013	113.15						
23/04/2013	112.4						
24/04/2013	114.9						
25/04/2013	117.2						
26/04/2013	123						
29/04/2013	123						
30/04/2013	127.75						
01/05/2013	132.75						
02/05/2013	131.8						
03/05/2013	134.9						
06/05/2013	134						
07/05/2013	132.3						
08/05/2013	133						
09/05/2013	129						
10/05/2013	127						
13/05/2013	126.7						
14/05/2013	128.2						
15/05/2013	130.3						
16/05/2013	129.55						
17/05/2013	130						
20/05/2013	131.65						
21/05/2013	129.1						
22/05/2013	129.95						
23/05/2013	130.3						
24/05/2013	131.05						
27/05/2013	129.25						
28/05/2013	134.95						
29/05/2013	134.9						
30/05/2013	134.9						
31/05/2013	133.75						
03/06/2013	130.5						
04/06/2013	130.6						
05/06/2013	134						
06/06/2013	134.05						
07/06/2013	132						
10/06/2013	128.05						
11/06/2013	129						
12/06/2013	130.35						
13/06/2013	133.6						
14/06/2013	136.25						
17/06/2013	135.15						
18/06/2013	140.4						
19/06/2013	142						
20/06/2013	146						
21/06/2013	141.4						
24/06/2013	141						
25/06/2013	136.9						
26/06/2013	145						
27/06/2013	141.8						
28/06/2013	141						
01/07/2013	140.5						
02/07/2013	143.65						
03/07/2013	142.5						
04/07/2013	142.25						
05/07/2013	143						
08/07/2013	136.1						
09/07/2013	141.2						
10/07/2013	141.5						
11/07/2013	141.05						
12/07/2013	141.5						
15/07/2013	144.8						
16/07/2013	152.5						
17/07/2013	162						
18/07/2013	151.65						
19/07/2013	152						
22/07/2013	149						
23/07/2013	152						
24/07/2013	149.8						
25/07/2013	154						
26/07/2013	160.85						
29/07/2013	164						
30/07/2013	161						
31/07/2013	156.5						
01/08/2013	173.9						
02/08/2013	176						
05/08/2013	159.25						
06/08/2013	153						
07/08/2013	157						
08/08/2013	153.25						
09/08/2013	157.9						
12/08/2013	159.8						