11/02/2008	331.25	-1.239444444	1	-0.437123288	1.04	-0.237123288	1.18
12/02/2008	238.34	-0.601888889	2.03	-0.185589041	2.17	-0.107315068	2.17
13/02/2008	228.12	-0.654277778	1.94	-0.154438356	2.31	-0.091945205	2.29
14/02/2008	222.47	-0.630388889	1.98	-0.14430137	2.35	-0.092767123	2.29
15/02/2008	224.44	-0.581888889	2.06	-0.150794521	2.32	-0.100465753	2.23
18/02/2008	248.25	-0.710555556	1.85	-0.233150685	1.95	-0.134589041	1.96
19/02/2008	259.38	-0.791	1.72	-0.258849315	1.84	-0.149082192	1.85
20/02/2008	256.19	-0.823277778	1.67	-0.271205479	1.78	-0.148068493	1.86
21/02/2008	258.75	-0.829166667	1.66	-0.276027397	1.76	-0.159246575	1.78
22/02/2008	264.38	-0.870166667	1.6	-0.280082192	1.74	-0.171753425	1.68
25/02/2008	271.88	-0.933222222	1.49	-0.296931507	1.67	-0.18339726	1.59
26/02/2008	281.25	-1.0125	1.37	-0.329726027	1.52	-0.198835616	1.47
27/02/2008	283.75	-1.015277778	1.36	-0.351369863	1.42	-0.198287671	1.48
28/02/2008	279.06	-0.967	1.44	-0.338520548	1.48	-0.187479452	1.56
29/02/2008	271.94	-0.877444444	1.58	-0.319013699	1.57	-0.178273973	1.63
03/03/2008	263.75	-0.859722222	1.61	-0.296575342	1.67	-0.169520548	1.7
04/03/2008	256.25	-0.798055556	1.71	-0.269178082	1.79	-0.159383562	1.77
05/03/2008	243.75	-0.714722222	1.85	-0.234931507	1.94	-0.14760274	1.86
07/03/2008	231.25	-0.716944444	1.84	-0.189726027	2.15	-0.130479452	2
10/03/2008	206.25	-0.546944444	2.12	-0.118493151	2.47	-0.101575342	2.22
11/03/2008	208.12	-0.574277778	2.07	-0.131013699	2.41	-0.110027397	2.15
12/03/2008	230.62	-0.681222222	1.9	-0.193890411	2.13	-0.134410959	1.97
13/03/2008	196.88	-0.486	2.22	-0.095561644	2.57	-0.090246575	2.31
14/03/2008	200.81	-0.498388889	2.2	-0.114547945	2.49	-0.099739726	2.23
17/03/2008	206.25	-0.518055556	2.16	-0.123424658	2.45	-0.113082192	2.13
18/03/2008	190.88	-0.410444444	2.34	-0.076383562	2.66	-0.103876712	2.2
19/03/2008	210.62	-0.514555556	2.17	-0.130739726	2.41	-0.133589041	1.97
24/03/2008	201.22	-0.456777778	2.26	-0.097315068	2.56	-0.114890411	2.12
25/03/2008	195.16	-0.384222222	2.38	-0.082630137	2.63	-0.105150685	2.19
26/03/2008	200.69	-0.472166667	2.24	-0.095315068	2.57	-0.109164384	2.16
27/03/2008	200	-0.422222222	2.32	-0.093150685	2.58	-0.108219178	2.17
28/03/2008	207.69	-0.458	2.26	-0.125178082	2.44	-0.118753425	2.09
31/03/2008	204.38	-0.441	2.29	-0.110767123	2.5	-0.123123288	2.05
01/04/2008	201.88	-0.432666667	2.3	-0.103506849	2.54	-0.119150685	2.08
02/04/2008	206.25	-0.494722222	2.2	-0.112054795	2.5	-0.125273973	2.04
03/04/2008	202.66	-0.460055556	2.26	-0.105917808	2.52	-0.121931507	2.06
04/04/2008	206.91	-0.527277778	2.15	-0.095643836	2.57	-0.128643836	2.01
07/04/2008	201.25	-0.468055556	2.24	-0.07630137	2.66	-0.124315068	2.04
08/04/2008	208.12	-0.481222222	2.22	-0.096630137	2.57	-0.133041096	1.98
09/04/2008	219.31	-0.543388889	2.12	-0.148794521	2.33	-0.145835616	1.88
10/04/2008	226.19	-0.568277778	2.08	-0.167369863	2.25	-0.153	1.82
11/04/2008	226.91	-0.566166667	2.09	-0.166328767	2.25	-0.148506849	1.86
15/04/2008	225	-0.5575	2.1	-0.150547945	2.32	-0.139726027	1.93
16/04/2008	245.62	-0.672888889	1.91	-0.212657534	2.04	-0.167561644	1.71
17/04/2008	237.5	-0.694444444	1.88	-0.190410959	2.14	-0.156164384	1.8
21/04/2008	241.88	-0.721555556	1.84	-0.207068493	2.07	-0.162164384	1.75
22/04/2008	231.25	-0.695555556	1.88	-0.178493151	2.2	-0.149383562	1.85
23/04/2008	241.69	-0.7705	1.76	-0.211890411	2.05	-0.161219178	1.76
24/04/2008	245	-0.813611111	1.69	-0.219178082	2.02	-0.166575342	1.72
25/04/2008	243.12	-0.789555556	1.73	-0.222246575	2	-0.162493151	1.75
28/04/2008	253.12	-0.860388889	1.61	-0.24690411	1.89	-0.174205479	1.66
29/04/2008	250.62	-0.828444444	1.66	-0.241424658	1.92	-0.176191781	1.65
30/04/2008	253.12	-0.850666667	1.63	-0.245945205	1.9	-0.181123288	1.61
02/05/2008	250	-0.833333333	1.66	-0.232876712	1.95	-0.17890411	1.62
05/05/2008	250	-0.827777778	1.66	-0.236986301	1.94	-0.173972603	1.66
06/05/2008	251.25	-0.852222222	1.62	-0.26260274	1.82	-0.175	1.65
07/05/2008	253.44	-0.846888889	1.63	-0.246547945	1.89	-0.177931507	1.63
08/05/2008	257.19	-0.863	1.61	-0.256410959	1.85	-0.183547945	1.59
09/05/2008	263.12	-0.884	1.57	-0.277041096	1.76	-0.190438356	1.54
12/05/2008	256.88	-0.854888889	1.62	-0.261315068	1.83	-0.180657534	1.61
13/05/2008	262.12	-0.872888889	1.59	-0.275260274	1.76	-0.178931507	1.62
14/05/2008	254.22	-0.884555556	1.57	-0.260876712	1.83	-0.167493151	1.71
15/05/2008	261.5	-0.893888889	1.56	-0.28630137	1.71	-0.174109589	1.66
16/05/2008	259.94	-0.883	1.58	-0.295863014	1.67	-0.172794521	1.67
20/05/2008	263.09	-0.906055556	1.54	-0.316	1.58	-0.173273973	1.67
21/05/2008	270	-0.936111111	1.49	-0.34369863	1.46	-0.184726027	1.58
22/05/2008	275	-0.955	1.46	-0.37260274	1.33	-0.196164384	1.49
23/05/2008	284.38	-1.011555556	1.37	-0.405835616	1.18	-0.214219178	1.35
26/05/2008	273.06	-0.954222222	1.46	-0.371671233	1.33	-0.192958904	1.52
27/05/2008	264.38	-0.885444444	1.57	-0.34569863	1.45	-0.18339726	1.59
28/05/2008	255.03	-0.816833333	1.68	-0.298712329	1.66	-0.17469863	1.66
29/05/2008	256.25	-0.846944444	1.63	-0.309726027	1.61	-0.174041096	1.66
30/05/2008	308.5	-1.152777778	1.14	-0.445205479	1	-0.245753425	1.11
02/06/2008	238	-0.770833333	1.76	-0.254931507	1.85	-0.147534247	1.87
03/06/2008	225	-0.695555556	1.88	-0.215753425	2.03	-0.13130137	1.99
04/06/2008	220	-0.680555556	1.9	-0.20890411	2.06	-0.122671233	2.06
05/06/2008	202	-0.568055556	2.08	-0.156164384	2.3	-0.099931507	2.23
06/06/2008	201.8	-0.565	2.09	-0.133972603	2.4	-0.099931507	2.23
09/06/2008	187	-0.501111111	2.19	-0.100273973	2.55	-0.07869863	2.39
10/06/2008	185	-0.477777778	2.23	-0.087671233	2.61	-0.079452055	2.39
11/06/2008	183.8	-0.476944444	2.23	-0.095342466	2.57	-0.081986301	2.37
12/06/2008	180.25	-0.463055556	2.25	-0.088082192	2.6	-0.077054795	2.41
13/06/2008	188.85	-0.510277778	2.18	-0.11	2.51	-0.09369863	2.28
16/06/2008	190	-0.536666667	2.13	-0.116438356	2.48	-0.097808219	2.25
17/06/2008	185	-0.504722222	2.19	-0.109589041	2.51	-0.093150685	2.28
18/06/2008	191	-0.534444444	2.14	-0.142191781	2.36	-0.102328767	2.21
19/06/2008	184	-0.466666667	2.25	-0.115068493	2.48	-0.092739726	2.29
20/06/2008	182.1	-0.456944444	2.26	-0.104657534	2.53	-0.090547945	2.3
23/06/2008	174.05	-0.400277778	2.35	-0.073013699	2.67	-0.07890411	2.39
24/06/2008	163.5	-0.341666667	2.45	-0.035342466	2.84	-0.068082192	2.48
25/06/2008	150.5	-0.269444444	2.57	0.009589041	3.09	-0.050684932	2.61
26/06/2008	154.25	-0.301388889	2.51	-0.025342466	2.89	-0.059520548	2.54
27/06/2008	141.1	-0.222222222	2.64	0.011232877	3.1	-0.042054795	2.68
30/06/2008	144.25	-0.207777778	2.66	0.000684932	3.01	-0.044178082	2.66
01/07/2008	140	-0.211111111	2.66	0.032876712	3.3	-0.040479452	2.69
02/07/2008	130	-0.1525	2.75	0.054794521	3.49	-0.026712329	2.79
03/07/2008	130	-0.127777778	2.79	0.052054795	3.47	-0.026780822	2.79
04/07/2008	145	-0.206111111	2.67	0.005479452	3.05	-0.047808219	2.63
07/07/2008	137	-0.15	2.76	0.016712329	3.15	-0.028972603	2.78
08/07/2008	130	-0.155555556	2.75	0.04109589	3.37	-0.017808219	2.86
09/07/2008	140	-0.183333333	2.7	0.010273973	3.09	-0.029315068	2.77
10/07/2008	148	-0.188888889	2.7	-0.010684932	2.95	-0.04109589	2.68
11/07/2008	147.5	-0.171111111	2.72	-0.009589041	2.96	-0.03609589	2.72
14/07/2008	140	-0.151666667	2.76	0.01630137	3.15	-0.029452055	2.77
15/07/2008	134.5	-0.075	2.88	0.034931507	3.31	-0.023835616	2.82
16/07/2008	131.3	-0.064166667	2.9	0.043013699	3.39	-0.016849315	2.87
17/07/2008	131.25	-0.041388889	2.93	0.043150685	3.39	-0.018150685	2.86
18/07/2008	132	-0.056666667	2.91	0.050410959	3.45	-0.020890411	2.84
21/07/2008	131	-0.061111111	2.9	0.076712329	3.69	-0.021232877	2.84
22/07/2008	132	-0.016388889	2.97	0.068493151	3.62	-0.020547945	2.84
23/07/2008	147.4	-0.151944444	2.75	0.02260274	3.2	-0.039246575	2.7
24/07/2008	175.15	-0.314722222	2.49	-0.052465753	2.76	-0.08239726	2.37
25/07/2008	166.2	-0.3	2.52	-0.025205479	2.89	-0.069315068	2.47
28/07/2008	169	-0.272222222	2.56	-0.021917808	2.9	-0.073972603	2.43
29/07/2008	165	-0.202777778	2.67	-0.016164384	2.93	-0.075	2.42
30/07/2008	156.2	-0.151111111	2.76	0.007671233	3.07	-0.063013699	2.52
31/07/2008	163.55	-0.164166667	2.74	-0.003972603	2.98	-0.07609589	2.41
01/08/2008	162.5	-0.191666667	2.69	-0.004109589	2.98	-0.072465753	2.44
04/08/2008	169	-0.227777778	2.63	-0.034246575	2.85	-0.077465753	2.4
05/08/2008	170	-0.254722222	2.59	-0.031780822	2.86	-0.074657534	2.43
06/08/2008	174.3	-0.278611111	2.55	-0.039178082	2.82	-0.080136986	2.38
07/08/2008	165.8	-0.21	2.66	-0.013424658	2.94	-0.070273973	2.46
08/08/2008	166	-0.211111111	2.66	-0.016712329	2.92	-0.067945205	2.48
11/08/2008	171.4	-0.185555556	2.7	-0.039178082	2.82	-0.075616438	2.42
12/08/2008	170.85	-0.188888889	2.7	-0.038767123	2.83	-0.072808219	2.44
13/08/2008	169.75	-0.193055556	2.69	-0.035753425	2.84	-0.070479452	2.46
14/08/2008	170	-0.197222222	2.68	-0.036438356	2.84	-0.072260274	2.44
18/08/2008	165.9	-0.210555556	2.66	-0.025205479	2.89	-0.064520548	2.5
19/08/2008	161	-0.144166667	2.77	-0.011780822	2.95	-0.05890411	2.55
20/08/2008	159.65	-0.189444444	2.69	-0.008082192	2.96	-0.058424658	2.55
21/08/2008	160.2	-0.170555556	2.72	-0.009589041	2.96	-0.060410959	2.54
22/08/2008	154	-0.055555556	2.91	0.00739726	3.07	-0.052054795	2.6
25/08/2008	160	0	3	-0.009041096	2.96	-0.059383562	2.54
26/08/2008	154.85	0.028611111	3.14	0.005068493	3.05	-0.055273973	2.57
27/08/2008	156	0.080555556	3.38	0.001917808	3.02	-0.056506849	2.57
28/08/2008	154.9	0.050555556	3.24	-0.040821918	2.82	-0.05390411	2.59
29/08/2008	155.15	0.0725	3.34	-0.030273973	2.86	-0.056369863	2.57
01/09/2008	156.7	0.071111111	3.34	-0.040273973	2.82	-0.058493151	2.55
02/09/2008	158	0.038888889	3.18	-0.043835616	2.8	-0.05890411	2.55
04/09/2008	159.7	0.112777778	3.53	-0.050684932	2.77	-0.058493151	2.55
05/09/2008	157	0.144444444	3.68	-0.04109589	2.82	-0.054794521	2.58
08/09/2008	169	0.083333333	3.39	-0.076438356	2.66	-0.074520548	2.43
09/09/2008	168	0.088888889	3.42	-0.068493151	2.69	-0.074520548	2.43
10/09/2008	168	0.069444444	3.33	-0.071232877	2.68	-0.076575342	2.41
11/09/2008	170	0.055555556	3.26	-0.079452055	2.64	-0.079863014	2.39
12/09/2008	170	0.126666667	3.6	-0.079452055	2.64	-0.082191781	2.37
15/09/2008	165	0.111666667	3.53	-0.071232877	2.68	-0.073972603	2.43
16/09/2008	150.65	0.146388889	3.69	-0.034657534	2.84	-0.06239726	2.52
17/09/2008	163	0.122777778	3.58	-0.068493151	2.69	-0.08630137	2.34
18/09/2008	150	0.224722222	4.06	-0.035342466	2.84	-0.079178082	2.39
19/09/2008	161	0.187777778	3.89	-0.06	2.73	-0.091986301	2.29
22/09/2008	167.7	0.146111111	3.69	-0.076575342	2.66	-0.106027397	2.18
23/09/2008	156.7	0.233333333	4.1	-0.04369863	2.8	-0.088493151	2.32
24/09/2008	161.9	0.195	3.92	-0.052191781	2.77	-0.095068493	2.27
25/09/2008	161.85	0.125555556	3.59	-0.04890411	2.78	-0.10390411	2.2
26/09/2008	165.6	0.085555556	3.4	-0.056712329	2.75	-0.109041096	2.16
29/09/2008	161.5	0.086111111	3.41	-0.050136986	2.77	-0.10890411	2.16
30/09/2008	145.2	0.126666667	3.6	-0.007123288	2.97	-0.084520548	2.35
01/10/2008	154.8	0.101111111	3.48	-0.035068493	2.84	-0.094383562	2.27
03/10/2008	155	0.116666667	3.55	-0.04109589	2.82	-0.096917808	2.25
06/10/2008	150	0.126666667	3.6	-0.029041096	2.87	-0.090547945	2.3
07/10/2008	142.9	0.178333333	3.84	-0.002465753	2.99	-0.083424658	2.36
08/10/2008	140.1	0.194444444	3.92	0.002876712	3.03	-0.084383562	2.35
10/10/2008	130	0.223333333	4.05	0.031780822	3.29	-0.061575342	2.53
13/10/2008	127.5	0.241666667	4.14	0.036986301	3.33	-0.05630137	2.57
14/10/2008	133.55	0.224166667	4.06	0.026164384	3.24	-0.068013699	2.48
15/10/2008	121.15	0.310277778	4.46	0.059863014	3.54	-0.050753425	2.61
16/10/2008	115	0.280555556	4.32	0.098630137	3.89	-0.042534247	2.67
17/10/2008	119.7	0.242222222	4.14	0.087671233	3.79	-0.047808219	2.63
20/10/2008	112.8	0.251944444	4.19	0.114246575	4.03	-0.038082192	2.71
21/10/2008	117.7	0.229444444	4.08	0.091232877	3.82	-0.050410959	2.61
22/10/2008	118.65	0.165277778	3.78	0.08739726	3.79	-0.054794521	2.58
23/10/2008	109.75	0.279166667	4.32	0.118219178	4.07	-0.042465753	2.67
24/10/2008	105	0.285555556	4.35	0.131506849	4.19	-0.035342466	2.73
27/10/2008	96	0.423611111	5	0.176027397	4.59	-0.021232877	2.84
28/10/2008	92	0.413888889	4.95	0.178356164	4.61	-0.017808219	2.86
29/10/2008	98.7	0.380833333	4.8	0.161369863	4.45	-0.025821918	2.8
31/10/2008	100.05	0.366388889	4.73	0.158767123	4.43	-0.021438356	2.84
03/11/2008	108	0.317777778	4.5	0.129041096	4.16	-0.035821918	2.72
04/11/2008	108.15	0.311388889	4.47	0.142328767	4.28	-0.04130137	2.68
05/11/2008	130	0.231666667	4.09	0.075342466	3.68	-0.065958904	2.49
06/11/2008	110.35	0.356388889	4.68	0.12260274	4.1	-0.040068493	2.69
07/11/2008	109	0.376944444	4.78	0.126027397	4.14	-0.036369863	2.72
10/11/2008	119.7	0.312777778	4.48	0.102191781	3.92	-0.055068493	2.58
11/11/2008	120.35	0.275833333	4.3	0.105616438	3.95	-0.057876712	2.55
12/11/2008	117	0.303888889	4.43	0.112328767	4.01	-0.055616438	2.57
14/11/2008	108	0.347777778	4.64	0.148493151	4.34	-0.041027397	2.68
17/11/2008	109.5	0.345833333	4.63	0.138356164	4.25	-0.042465753	2.67
18/11/2008	107.75	0.344722222	4.63	0.142054795	4.28	-0.03630137	2.72
19/11/2008	103.9	0.363888889	4.72	0.148493151	4.34	-0.03130137	2.76
20/11/2008	99	0.356388889	4.68	0.178082192	4.6	-0.022328767	2.83
21/11/2008	101	0.355	4.68	0.169863014	4.53	-0.025753425	2.8
24/11/2008	105	0.29	4.37	0.15890411	4.43	-0.028219178	2.78
25/11/2008	114	0.244444444	4.15	0.105479452	3.95	-0.040547945	2.69
26/11/2008	109	0.295277778	4.39	0.123287671	4.11	-0.03130137	2.76
28/11/2008	112.6	0.282777778	4.34	0.104794521	3.94	-0.036164384	2.72
01/12/2008	115.1	0.254444444	4.2	0.07369863	3.66	-0.039794521	2.69
02/12/2008	102.2	0.296111111	4.4	0.129589041	4.17	-0.023356164	2.82
03/12/2008	107.8	0.265	4.25	0.10260274	3.92	-0.030410959	2.77
04/12/2008	104.75	0.281944444	4.33	0.113150685	4.02	-0.026369863	2.8
05/12/2008	108	0.263888889	4.25	0.105616438	3.95	-0.026369863	2.8
08/12/2008	109.4	0.27	4.27	0.094794521	3.85	-0.023835616	2.82
10/12/2008	111.1	0.260555556	4.23	0.086712329	3.78	-0.023424658	2.82
11/12/2008	113	0.272222222	4.29	0.076712329	3.69	-0.026027397	2.8
12/12/2008	117	0.255555556	4.21	0.065068493	3.59	-0.030821918	2.76
15/12/2008	118	0.235	4.11	0.053424658	3.48	-0.034246575	2.74
16/12/2008	119	0.226944444	4.07	0.071232877	3.64	-0.028219178	2.78
17/12/2008	126	0.2	3.94	0.090410959	3.81	-0.035684932	2.73
18/12/2008	115.7	0.240555556	4.14	0.084383562	3.76	-0.022260274	2.83
19/12/2008	124	0.206666667	3.98	0.057534247	3.52	-0.028767123	2.78
22/12/2008	125.25	0.209722222	3.99	0.084246575	3.76	-0.032534247	2.75
23/12/2008	125	0.210555556	3.99	0.087671233	3.79	-0.031780822	2.76
24/12/2008	124	0.231666667	4.09	0.085068493	3.77	-0.040616438	2.69
25/12/2008	117.2	0.265555556	4.25	0.100821918	3.91	-0.031027397	2.76
26/12/2008	119.85	0.255833333	4.21	0.104520548	3.94	-0.035	2.73
29/12/2008	112	0.3	4.42	0.141917808	4.28	-0.031506849	2.76
30/12/2008	117	0.25	4.18	0.109589041	3.99	-0.037260274	2.71
31/12/2008	121.5	0.235833333	4.11	0.098630137	3.89	-0.043287671	2.67
01/01/2009	121.5	0.236666667	4.12	0.083150685	3.75	-0.041849315	2.68
02/01/2009	123.9	0.230277778	4.09	0.08109589	3.73	-0.046438356	2.64
05/01/2009	125	0.216666667	4.02	0.09260274	3.83	-0.050684932	2.61
06/01/2009	124.65	0.263055556	4.24	0.091369863	3.82	-0.05260274	2.6
07/01/2009	124.5	0.271666667	4.28	0.125205479	4.13	-0.049863014	2.62
08/01/2009	112.5	0.335277778	4.58	0.182191781	4.64	-0.035205479	2.73
09/01/2009	112	0.294444444	4.39	0.172739726	4.56	-0.03260274	2.75
12/01/2009	106.05	0.328055556	4.55	0.190136986	4.71	-0.024726027	2.81
13/01/2009	103	0.351111111	4.66	0.188767123	4.7	-0.017328767	2.87
14/01/2009	98.55	0.397222222	4.88	0.199178082	4.8	-0.014520548	2.89
15/01/2009	101	0.372222222	4.76	0.187671233	4.69	-0.01739726	2.87
16/01/2009	98.25	0.3875	4.83	0.194109589	4.75	-0.016369863	2.87
19/01/2009	101.5	0.36	4.7	0.180821918	4.63	-0.026438356	2.8
20/01/2009	100	0.367222222	4.73	0.18630137	4.68	-0.021027397	2.84
21/01/2009	100	0.3575	4.69	0.199726027	4.8	-0.026027397	2.8
22/01/2009	101	0.355555556	4.68	0.183561644	4.65	-0.030136986	2.77
23/01/2009	97.85	0.356388889	4.68	0.201780822	4.82	-0.03130137	2.76
27/01/2009	101	0.344444444	4.63	0.18890411	4.7	-0.033219178	2.74
28/01/2009	101.85	0.336944444	4.59	0.208630137	4.88	-0.037534247	2.71
29/01/2009	104	0.329722222	4.56	0.21369863	4.93	-0.041643836	2.68
30/01/2009	103	0.344444444	4.63	0.208219178	4.88	-0.042054795	2.68
02/02/2009	105	0.325	4.53	0.196849315	4.77	-0.045273973	2.65
03/02/2009	95	0.335555556	4.58	0.221917808	5	-0.028219178	2.78
04/02/2009	100.6	0.349166667	4.65	0.206849315	4.86	-0.039041096	2.7
05/02/2009	101	0.347777778	4.64	0.198082192	4.79	-0.035821918	2.72
06/02/2009	100	0.344444444	4.63	0.205479452	4.85	-0.037260274	2.71
09/02/2009	101.5	0.333333333	4.57	0.202739726	4.83	-0.040547945	2.69
10/02/2009	103.1	0.325277778	4.54	0.199726027	4.8	-0.041849315	2.68
11/02/2009	102.3	0.315	4.49	0.199452055	4.8	-0.042328767	2.67
12/02/2009	101.3	0.309444444	4.46	0.199178082	4.8	-0.041780822	2.68
13/02/2009	105	0.260833333	4.23	0.185068493	4.67	-0.043972603	2.66
16/02/2009	108	0.220833333	4.04	0.175342466	4.58	-0.05	2.62
17/02/2009	103.8	0.226388889	4.07	0.192328767	4.73	-0.045342466	2.65
18/02/2009	101	0.211111111	4	0.20109589	4.81	-0.035616438	2.73
19/02/2009	99.25	0.205555556	3.97	0.202054795	4.82	-0.032671233	2.75
20/02/2009	99.8	0.208888889	3.99	0.200547945	4.81	-0.027191781	2.79
24/02/2009	97.5	0.226111111	4.07	0.201369863	4.81	-0.02260274	2.83
25/02/2009	99.75	0.256944444	4.21	0.184246575	4.66	-0.021712329	2.83
26/02/2009	100.1	0.239444444	4.13	0.176438356	4.59	-0.014657534	2.89
27/02/2009	96.8	0.273333333	4.29	0.179726027	4.62	-0.01239726	2.9
02/03/2009	99	0.255277778	4.21	0.160410959	4.45	-0.012876712	2.9
03/03/2009	97.95	0.268333333	4.27	0.17	4.53	-0.006506849	2.95
04/03/2009	96.9	0.260277778	4.23	0.16739726	4.51	-0.006027397	2.95
05/03/2009	97	0.266666667	4.26	0.16890411	4.52	-0.008219178	2.94
06/03/2009	93.4	0.330555556	4.56	0.180958904	4.63	-0.000547945	3
09/03/2009	94.15	0.3125	4.48	0.177671233	4.6	0.002534247	3.19
12/03/2009	94.8	0.323333333	4.53	0.16369863	4.48	0.003561644	3.27
13/03/2009	100	0.272222222	4.29	0.156027397	4.41	-0.001780822	2.99
16/03/2009	99.85	0.268055556	4.27	0.152739726	4.38	-0.001780822	2.99
17/03/2009	102	0.259444444	4.22	0.139726027	4.26	-0.006986301	2.95
18/03/2009	102	0.252777778	4.19	0.124931507	4.13	0	3
19/03/2009	102	0.238888889	4.13	0.138356164	4.25	0.000821918	3.06
20/03/2009	100	0.217222222	4.03	0.146986301	4.32	-0.000821918	2.99
23/03/2009	101.1	0.227222222	4.07	0.145616438	4.31	0.000273973	3.02
24/03/2009	106.85	0.205833333	3.97	0.129178082	4.16	-0.008013699	2.94
25/03/2009	102	0.252222222	4.19	0.142465753	4.28	-0.001780822	2.99
26/03/2009	102.55	0.266944444	4.26	0.14369863	4.3	-0.001643836	2.99
27/03/2009	107	0.261111111	4.23	0.123287671	4.11	0.000410959	3.03
30/03/2009	107.9	0.206111111	3.97	0.123972603	4.12	-0.002465753	2.98
31/03/2009	110	0.195555556	3.92	0.117123288	4.06	-0.003219178	2.98
01/04/2009	102	0.236111111	4.11	0.139589041	4.26	0.010821918	3.82
02/04/2009	107	0.25	4.18	0.131780822	4.19	0.021164384	4.61
06/04/2009	114	0.2	3.94	0.115890411	4.04	0.014794521	4.12
07/04/2009	116.7	0.179444444	3.85	0.107671233	3.97	0.012945205	3.98
08/04/2009	112.7	0.190555556	3.9	0.125753425	4.13	0.019589041	4.49
09/04/2009	121	0.122777778	3.58	0.1	3.9	0.010684932	3.81
10/04/2009	119.75	0.140277778	3.66	0.100684932	3.91	0.00390411	3.3
13/04/2009	123.8	0.110833333	3.52	0.089041096	3.8	-0.002808219	2.98
14/04/2009	121.8	0.123888889	3.58	0.094931507	3.86	-0.003972603	2.97
15/04/2009	120	0.133333333	3.63	0.104657534	3.94	-0.011986301	2.91
16/04/2009	129.05	0.093888889	3.44	0.075342466	3.68	-0.01239726	2.9
17/04/2009	120.05	0.151111111	3.71	0.095753425	3.86	-0.001712329	2.99
20/04/2009	118.5	0.158333333	3.75	0.11890411	4.07	0.007671233	3.58
21/04/2009	112.2	0.193333333	3.91	0.141643836	4.28	0.026369863	5
22/04/2009	120	0.168888889	3.8	0.117808219	4.06	0.022191781	4.68
23/04/2009	128.5	0.169444444	3.8	0.081232877	3.73	-0.005547945	2.96
24/04/2009	129	0.155555556	3.73	0.079452055	3.72	-0.008767123	2.93
27/04/2009	134	0.120277778	3.57	0.073972603	3.67	0.001369863	3.1
28/04/2009	128	0.155555556	3.73	0.091506849	3.82	0.006849315	3.52
29/04/2009	128	0.161111111	3.76	0.10109589	3.91	0.010958904	3.83
30/04/2009	124.15	0.204722222	3.97	0.101369863	3.91	0.019863014	4.51
01/05/2009	124.15	0.194166667	3.92	0.100958904	3.91	0.014178082	4.08
04/05/2009	128	0.172222222	3.81	0.095890411	3.86	0.007808219	3.59
05/05/2009	128	0.189444444	3.89	0.090547945	3.82	0.003835616	3.29
06/05/2009	138	0.127777778	3.6	0.090410959	3.81	-0.017260274	2.87
07/05/2009	136.85	0.109166667	3.52	0.082465753	3.74	-0.018013699	2.86
08/05/2009	135	0.13	3.61	0.086712329	3.78	-0.00890411	2.93
11/05/2009	134.5	0.141666667	3.67	0.076712329	3.69	-0.016575342	2.87
12/05/2009	128	0.182777778	3.86	0.100958904	3.91	-0.008287671	2.94
13/05/2009	135.05	0.138055556	3.65	0.079315068	3.71	-0.019657534	2.85
14/05/2009	125.55	0.175277778	3.83	0.113287671	4.02	-0.011164384	2.91
15/05/2009	129.5	0.151111111	3.71	0.092739726	3.84	-0.021232877	2.84
18/05/2009	144	0.070555556	3.33	0.044657534	3.4	-0.038013699	2.71
19/05/2009	160	-0.018333333	2.97	0.005479452	3.05	-0.057534247	2.56
20/05/2009	160	-0.018333333	2.97	-0.005479452	2.98	-0.050547945	2.61
21/05/2009	170.5	-0.076666667	2.88	-0.034246575	2.85	-0.065958904	2.49
22/05/2009	164	-0.040555556	2.93	-0.007534247	2.97	-0.059041096	2.55
25/05/2009	168.2	-0.063888889	2.9	-0.022191781	2.9	-0.064794521	2.5
26/05/2009	169.5	-0.071111111	2.89	-0.024109589	2.89	-0.067534247	2.48
27/05/2009	165	-0.046111111	2.93	-0.015205479	2.93	-0.065547945	2.5
28/05/2009	180	-0.129444444	2.79	-0.061506849	2.72	-0.084657534	2.35
29/05/2009	183	-0.146111111	2.76	-0.070958904	2.68	-0.089863014	2.31
01/06/2009	184	-0.244444444	2.61	-0.069315068	2.69	-0.091506849	2.3
02/06/2009	184	-0.221666667	2.64	-0.069863014	2.69	-0.095205479	2.27
03/06/2009	180.5	-0.213888889	2.65	-0.060821918	2.73	-0.090410959	2.3
04/06/2009	180	-0.211111111	2.66	-0.054246575	2.76	-0.082876712	2.36
05/06/2009	192.8	-0.286666667	2.54	-0.070684932	2.68	-0.102945205	2.21
08/06/2009	185.1	-0.239444444	2.61	-0.041369863	2.81	-0.092739726	2.29
09/06/2009	177	-0.199444444	2.68	-0.013835616	2.94	-0.085136986	2.35
10/06/2009	185.1	-0.233888889	2.62	-0.03890411	2.83	-0.104178082	2.2
11/06/2009	190.45	-0.269166667	2.57	-0.049178082	2.78	-0.111849315	2.14
12/06/2009	194.8	-0.298888889	2.52	-0.013561644	2.94	-0.123561644	2.05
15/06/2009	194	-0.294444444	2.52	-0.030136986	2.86	-0.125616438	2.03
16/06/2009	198.7	-0.331666667	2.46	-0.042465753	2.81	-0.132191781	1.98
17/06/2009	197	-0.327777778	2.47	-0.05260274	2.76	-0.122671233	2.06
18/06/2009	184.45	-0.258055556	2.58	-0.032739726	2.85	-0.105	2.19
19/06/2009	181	-0.243888889	2.61	-0.034931507	2.84	-0.106712329	2.18
22/06/2009	177	-0.210555556	2.66	-0.019178082	2.91	-0.104109589	2.2
23/06/2009	168	-0.156944444	2.75	0.006164384	3.06	-0.099589041	2.23
24/06/2009	173	-0.179166667	2.71	-0.009863014	2.96	-0.096712329	2.26
25/06/2009	176	-0.184166667	2.7	-0.044657534	2.8	-0.11109589	2.15
26/06/2009	172.8	-0.16	2.74	-0.037808219	2.83	-0.11	2.15
29/06/2009	175	-0.167222222	2.73	-0.052054795	2.77	-0.113561644	2.13
30/06/2009	175.1	-0.177222222	2.71	-0.042739726	2.81	-0.112876712	2.13
01/07/2009	170.2	-0.153333333	2.75	-0.015890411	2.93	-0.111232877	2.14
02/07/2009	171	-0.161111111	2.74	-0.021917808	2.9	-0.110547945	2.15
03/07/2009	173.9	-0.188333333	2.7	-0.034657534	2.84	-0.113287671	2.13
06/07/2009	177	-0.208888889	2.66	-0.047123288	2.79	-0.12	2.08
07/07/2009	165.5	-0.130555556	2.79	-0.015616438	2.93	-0.101506849	2.22
08/07/2009	163.3	-0.123055556	2.8	-0.014794521	2.93	-0.09390411	2.28
09/07/2009	158.15	-0.091944444	2.85	-0.017671233	2.92	-0.094315068	2.27
10/07/2009	159	-0.1	2.84	-0.015342466	2.93	-0.093287671	2.28
13/07/2009	148.4	-0.029444444	2.95	0.015342466	3.14	-0.075410959	2.42
14/07/2009	160	-0.094444444	2.85	-0.012328767	2.94	-0.090684932	2.3
15/07/2009	156.4	-0.03	2.95	0.000136986	3	-0.084931507	2.35
16/07/2009	172.25	-0.114166667	2.82	-0.056575342	2.75	-0.109246575	2.16
17/07/2009	166.5	-0.066666667	2.89	-0.045479452	2.8	-0.101849315	2.22
20/07/2009	167.25	-0.090277778	2.85	-0.047260274	2.79	-0.100342466	2.23
21/07/2009	166	-0.085833333	2.86	-0.046164384	2.79	-0.105616438	2.19
22/07/2009	165.2	-0.068333333	2.89	-0.046849315	2.79	-0.102123288	2.21
23/07/2009	164.2	-0.062222222	2.9	-0.025205479	2.89	-0.10109589	2.22
24/07/2009	171.7	-0.063611111	2.9	-0.05369863	2.76	-0.102123288	2.21
27/07/2009	174.5	-0.096666667	2.84	-0.05890411	2.74	-0.105890411	2.19
28/07/2009	176.85	-0.106944444	2.83	-0.065342466	2.71	-0.105958904	2.19
29/07/2009	176	-0.1	2.84	-0.057534247	2.74	-0.108493151	2.17
30/07/2009	170	-0.082777778	2.87	-0.032191781	2.86	-0.095890411	2.26
31/07/2009	171.7	-0.064444444	2.9	-0.034520548	2.84	-0.100547945	2.23
03/08/2009	170.6	-0.072777778	2.88	-0.034109589	2.85	-0.101643836	2.22
04/08/2009	171.75	-0.0925	2.85	-0.032191781	2.86	-0.098287671	2.24
05/08/2009	169.8	-0.082222222	2.87	-0.024109589	2.89	-0.103150685	2.21
06/08/2009	169.4	-0.068888889	2.89	-0.040136986	2.82	-0.100342466	2.23
07/08/2009	163.15	-0.023611111	2.96	-0.033013699	2.85	-0.091027397	2.3
10/08/2009	164.9	-0.038333333	2.94	-0.040821918	2.82	-0.092465753	2.29
11/08/2009	157.2	0.027777778	3.13	-0.018219178	2.92	-0.074315068	2.43
12/08/2009	158	0.011111111	3.05	-0.027123288	2.88	-0.080684932	2.38
13/08/2009	162.15	-0.014166667	2.98	-0.053835616	2.76	-0.08130137	2.37
14/08/2009	163.5	-0.03	2.95	-0.067123288	2.7	-0.082534247	2.37
17/08/2009	160.9	0.017222222	3.08	-0.062739726	2.72	-0.08	2.38
18/08/2009	155.5	0.041666667	3.2	-0.053150685	2.76	-0.065547945	2.5
19/08/2009	155.5	0.041666667	3.2	-0.045205479	2.8	-0.065890411	2.49
20/08/2009	155.5	-0.016666667	2.97	-0.036438356	2.84	-0.068356164	2.47
21/08/2009	155.5	-0.008333333	2.99	-0.037534247	2.83	-0.063835616	2.51
24/08/2009	158	-0.039722222	2.94	-0.049315068	2.78	-0.065753425	2.49
25/08/2009	158	-0.088888889	2.86	-0.049589041	2.78	-0.069452055	2.47
26/08/2009	162	-0.069444444	2.89	-0.071232877	2.68	-0.077260274	2.41
27/08/2009	163	-0.098611111	2.84	-0.073972603	2.67	-0.073767123	2.43
28/08/2009	160.3	-0.079166667	2.87	-0.077260274	2.65	-0.07369863	2.43
31/08/2009	159.85	-0.073888889	2.88	-0.087808219	2.61	-0.072808219	2.44
01/09/2009	162	-0.1	2.84	-0.080821918	2.64	-0.076780822	2.41
02/09/2009	159	-0.090277778	2.85	-0.076712329	2.66	-0.07239726	2.44
03/09/2009	161.2	-0.112222222	2.82	-0.090958904	2.59	-0.080342466	2.38
04/09/2009	163	-0.123611111	2.8	-0.107671233	2.52	-0.07869863	2.39
07/09/2009	162.9	-0.141111111	2.77	-0.13109589	2.41	-0.081986301	2.37
08/09/2009	165.7	-0.115	2.81	-0.144109589	2.35	-0.08630137	2.34
09/09/2009	165	-0.033333333	2.95	-0.130547945	2.41	-0.089794521	2.31
10/09/2009	165.9	-0.107777778	2.83	-0.130136986	2.42	-0.094041096	2.28
11/09/2009	166	-0.116666667	2.81	-0.123287671	2.45	-0.096506849	2.26
14/09/2009	162	-0.033333333	2.95	-0.112328767	2.5	-0.097260274	2.25
15/09/2009	163.95	-0.038611111	2.94	-0.117671233	2.47	-0.103561644	2.2
16/09/2009	164.1	-0.050277778	2.92	-0.135890411	2.39	-0.098082192	2.25
17/09/2009	165.35	-0.063055556	2.9	-0.138219178	2.38	-0.100616438	2.23
18/09/2009	164	-0.033333333	2.95	-0.134794521	2.39	-0.097876712	2.25
21/09/2009	172	-0.045555556	2.93	-0.159863014	2.28	-0.109657534	2.16
22/09/2009	173.4	-0.091111111	2.85	-0.165479452	2.26	-0.113219178	2.13
23/09/2009	172.85	-0.085277778	2.86	-0.170821918	2.23	-0.110684932	2.15
24/09/2009	165	-0.073055556	2.88	-0.147945205	2.34	-0.098082192	2.25
25/09/2009	165.1	-0.064444444	2.9	-0.143150685	2.36	-0.100479452	2.23
28/09/2009	166.2	-0.041111111	2.93	-0.141643836	2.36	-0.104383562	2.2
29/09/2009	170.05	-0.066944444	2.89	-0.141232877	2.37	-0.111575342	2.14
30/09/2009	168	0.012222222	3.06	-0.123287671	2.45	-0.104315068	2.2
01/10/2009	168	0.061111111	3.29	-0.122465753	2.45	-0.102534247	2.21
02/10/2009	166.3	0.048611111	3.23	-0.117260274	2.47	-0.099315068	2.24
05/10/2009	166.1	0.051944444	3.25	-0.116712329	2.48	-0.099109589	2.24
06/10/2009	164.35	0.041944444	3.2	-0.115479452	2.48	-0.105068493	2.19
07/10/2009	165	0.034722222	3.16	-0.112328767	2.5	-0.105479452	2.19
08/10/2009	162	0.041666667	3.2	-0.105753425	2.52	-0.10109589	2.22
09/10/2009	163	0.033888889	3.16	-0.105479452	2.53	-0.106849315	2.18
12/10/2009	162.5	0.027777778	3.13	-0.100136986	2.55	-0.107534247	2.17
13/10/2009	163.35	0.025833333	3.12	-0.113287671	2.49	-0.105273973	2.19
14/10/2009	165	0.043888889	3.21	-0.120821918	2.46	-0.112260274	2.14
15/10/2009	163.5	0.025	3.12	-0.120821918	2.46	-0.112671233	2.13
16/10/2009	155.4	0.089444444	3.42	-0.088767123	2.6	-0.104657534	2.2
19/10/2009	163.45	0.036111111	3.17	-0.109452055	2.51	-0.118356164	2.09
20/10/2009	163.6	0.08	3.38	-0.109726027	2.51	-0.11890411	2.09
21/10/2009	162	0.111111111	3.52	-0.10630137	2.52	-0.11609589	2.11
22/10/2009	161.5	0.097222222	3.46	-0.102465753	2.54	-0.114109589	2.12
23/10/2009	161.65	0.084444444	3.4	-0.100410959	2.55	-0.115410959	2.11
26/10/2009	159	0.094444444	3.45	-0.075342466	2.66	-0.109315068	2.16
27/10/2009	157	0.106111111	3.5	-0.068630137	2.69	-0.106849315	2.18
28/10/2009	151.95	0.118611111	3.56	-0.048082192	2.78	-0.10109589	2.22
29/10/2009	147.75	0.151388889	3.71	-0.038219178	2.83	-0.091986301	2.29
30/10/2009	144.55	0.171944444	3.81	-0.021780822	2.9	-0.08760274	2.33
02/11/2009	139	0.205555556	3.97	-0.010547945	2.95	-0.07890411	2.39
03/11/2009	136.25	0.215833333	4.02	-0.012191781	2.95	-0.072534247	2.44
04/11/2009	137.4	0.203333333	3.96	-0.025753425	2.88	-0.068287671	2.47
05/11/2009	138.2	0.190833333	3.9	-0.016438356	2.93	-0.065273973	2.5
06/11/2009	146	0.144444444	3.68	-0.042465753	2.81	-0.076712329	2.41
09/11/2009	143.2	0.171111111	3.81	-0.043013699	2.81	-0.072876712	2.44
10/11/2009	146	0.157777778	3.74	-0.046027397	2.79	-0.069863014	2.46
11/11/2009	144.95	0.155833333	3.74	-0.043424658	2.8	-0.061575342	2.53
12/11/2009	146.25	0.148611111	3.7	-0.04369863	2.8	-0.067465753	2.48
13/11/2009	143.75	0.151388889	3.71	-0.04	2.82	-0.06609589	2.49
16/11/2009	145	0.122222222	3.58	-0.039863014	2.82	-0.062534247	2.52
17/11/2009	152.9	0.064444444	3.3	-0.065342466	2.71	-0.074931507	2.42
18/11/2009	150.4	0.066666667	3.31	-0.059041096	2.73	-0.07109589	2.45
19/11/2009	153	0.025277778	3.12	-0.064246575	2.71	-0.074657534	2.43
20/11/2009	149	0.061111111	3.29	-0.060273973	2.73	-0.064109589	2.51
23/11/2009	148.1	0.055	3.26	-0.066164384	2.7	-0.059246575	2.54
24/11/2009	148.7	0.055277778	3.26	-0.067671233	2.7	-0.06260274	2.52
25/11/2009	147.5	0.066388889	3.31	-0.074109589	2.67	-0.062876712	2.52
26/11/2009	145	0.077777778	3.37	-0.072328767	2.68	-0.057808219	2.56
27/11/2009	139.1	0.085833333	3.41	-0.060547945	2.73	-0.053356164	2.59
30/11/2009	142	0.083055556	3.39	-0.070410959	2.68	-0.054794521	2.58
01/12/2009	143.9	0.065	3.31	-0.075616438	2.66	-0.055273973	2.57
02/12/2009	147.4	0.031111111	3.15	-0.086027397	2.61	-0.057945205	2.55
03/12/2009	150.6	-0.016666667	2.97	-0.093561644	2.58	-0.067945205	2.48
04/12/2009	154	-0.008333333	2.99	-0.110136986	2.51	-0.072054795	2.45
07/12/2009	145	0.048055556	3.23	-0.08630137	2.61	-0.05890411	2.55
08/12/2009	145.2	0.050277778	3.24	-0.094246575	2.58	-0.060616438	2.53
09/12/2009	144.5	0.052777778	3.25	-0.093424658	2.58	-0.060068493	2.54
10/12/2009	152	0.011111111	3.05	-0.109589041	2.51	-0.07130137	2.45
11/12/2009	150	0.027777778	3.13	-0.108356164	2.51	-0.067945205	2.48
14/12/2009	149	0.016666667	3.08	-0.105479452	2.53	-0.069589041	2.46
15/12/2009	147	0.034166667	3.16	-0.100136986	2.55	-0.070616438	2.46
16/12/2009	143.1	0.053611111	3.25	-0.090410959	2.59	-0.064726027	2.5
17/12/2009	145	0.044166667	3.21	-0.079863014	2.64	-0.071027397	2.45
18/12/2009	143.75	0.063055556	3.3	-0.073287671	2.67	-0.070410959	2.46
21/12/2009	144.1	0.067777778	3.32	-0.069863014	2.69	-0.065410959	2.5
22/12/2009	144	0.066666667	3.31	-0.071232877	2.68	-0.064383562	2.5
23/12/2009	145.95	0.070277778	3.33	-0.067945205	2.69	-0.066780822	2.49
24/12/2009	147.25	0.056944444	3.27	-0.078767123	2.65	-0.068219178	2.48
25/12/2009	147	0.052777778	3.25	-0.081917808	2.63	-0.067534247	2.48
28/12/2009	147	0.051666667	3.24	-0.076712329	2.66	-0.068493151	2.47
29/12/2009	150.4	0.033611111	3.16	-0.088767123	2.6	-0.075410959	2.42
30/12/2009	159	-0.004444444	2.99	-0.115753425	2.48	-0.086712329	2.33
31/12/2009	157	-0.0025	3	-0.11369863	2.49	-0.083972603	2.35
01/01/2010	155.65	-0.003611111	2.99	-0.105890411	2.52	-0.081027397	2.38
04/01/2010	156	0.032777778	3.15	-0.102054795	2.54	-0.083287671	2.36
05/01/2010	157	0.038333333	3.18	-0.115068493	2.48	-0.088219178	2.32
06/01/2010	161	0.011111111	3.05	-0.124383562	2.44	-0.094726027	2.27
07/01/2010	159.1	-0.005277778	2.99	-0.120821918	2.46	-0.095821918	2.26
08/01/2010	159	-0.005555556	2.99	-0.133561644	2.4	-0.095205479	2.27
11/01/2010	162.1	-0.006111111	2.99	-0.142191781	2.36	-0.096917808	2.25
12/01/2010	161	0.002222222	3.01	-0.145205479	2.35	-0.096917808	2.25
13/01/2010	156.5	0.046666667	3.22	-0.128493151	2.42	-0.087260274	2.33
14/01/2010	158.4	0.015277778	3.07	-0.125890411	2.43	-0.086506849	2.33
15/01/2010	160	0.005555556	3.03	-0.121917808	2.45	-0.086712329	2.33
18/01/2010	160.9	0.011666667	3.06	-0.123561644	2.44	-0.087191781	2.33
19/01/2010	159.9	0.006388889	3.03	-0.124383562	2.44	-0.085547945	2.34
20/01/2010	157.1	0.077222222	3.36	-0.111506849	2.5	-0.082191781	2.37
21/01/2010	156.7	0.056944444	3.27	-0.110958904	2.5	-0.078561644	2.4
22/01/2010	156.7	0.055277778	3.26	-0.106849315	2.52	-0.082054795	2.37
25/01/2010	156.7	0.032222222	3.15	-0.105205479	2.53	-0.076232877	2.41
26/01/2010	156.7	0.045277778	3.21	-0.108082192	2.51	-0.075205479	2.42
27/01/2010	156.7	0.040555556	3.19	-0.103835616	2.53	-0.076027397	2.42
28/01/2010	156.7	0.056666667	3.27	-0.106027397	2.52	-0.075958904	2.42
29/01/2010	156.7	0.036944444	3.17	-0.108767123	2.51	-0.076712329	2.41
01/02/2010	156.7	0.02	3.09	-0.111232877	2.5	-0.078013699	2.4
02/02/2010	156.7	0.029444444	3.14	-0.111506849	2.5	-0.077876712	2.4
03/02/2010	156.7	0.007222222	3.03	-0.109726027	2.51	-0.079178082	2.39
04/02/2010	156.7	0.007222222	3.03	-0.115616438	2.48	-0.079452055	2.39
05/02/2010	140	0.118055556	3.56	-0.069178082	2.69	-0.060273973	2.54
08/02/2010	144.1	0.088888889	3.42	-0.078219178	2.65	-0.066369863	2.49
09/02/2010	142	0.103888889	3.49	-0.076712329	2.66	-0.068972603	2.47
10/02/2010	142	0.096944444	3.46	-0.076712329	2.66	-0.068219178	2.48
11/02/2010	141.2	0.090833333	3.43	-0.071780822	2.68	-0.066712329	2.49
15/02/2010	142	0.083888889	3.4	-0.068493151	2.69	-0.065821918	2.49
16/02/2010	141.1	0.097777778	3.46	-0.066027397	2.7	-0.064726027	2.5
17/02/2010	143	0.086111111	3.41	-0.077808219	2.65	-0.068493151	2.47
18/02/2010	142	0.090555556	3.43	-0.077808219	2.65	-0.06609589	2.49
19/02/2010	141	0.106666667	3.5	-0.079178082	2.64	-0.062328767	2.52
22/02/2010	141	0.144444444	3.68	-0.080273973	2.64	-0.061232877	2.53
23/02/2010	139	0.172222222	3.81	-0.079452055	2.64	-0.059246575	2.54
24/02/2010	138	0.188611111	3.89	-0.073972603	2.67	-0.057260274	2.56
25/02/2010	138	0.182777778	3.86	-0.090136986	2.6	-0.056712329	2.56
26/02/2010	137.1	0.196666667	3.93	-0.101643836	2.54	-0.055410959	2.57
02/03/2010	139.1	0.281944444	4.33	-0.128493151	2.42	-0.058287671	2.55
03/03/2010	139.75	0.240277778	4.13	-0.125753425	2.44	-0.060342466	2.54
04/03/2010	140.75	0.235833333	4.11	-0.138219178	2.38	-0.065273973	2.5
05/03/2010	142.85	0.194166667	3.92	-0.139041096	2.38	-0.066780822	2.49
08/03/2010	144	0.158333333	3.75	-0.14109589	2.37	-0.068835616	2.47
09/03/2010	144.9	0.129722222	3.61	-0.161369863	2.28	-0.072123288	2.45
10/03/2010	143.2	0.148888889	3.7	-0.156712329	2.3	-0.069109589	2.47
11/03/2010	142.6	0.153611111	3.73	-0.166027397	2.25	-0.06739726	2.48
12/03/2010	142	0.152222222	3.72	-0.160273973	2.28	-0.06130137	2.53
15/03/2010	140	0.109444444	3.52	-0.148219178	2.33	-0.060958904	2.53
16/03/2010	139.4	0.108888889	3.51	-0.15109589	2.32	-0.061232877	2.53
17/03/2010	142	0.077777778	3.37	-0.159178082	2.28	-0.071849315	2.45
18/03/2010	141.15	0.101944444	3.48	-0.162054795	2.27	-0.063013699	2.52
19/03/2010	141.6	0.126666667	3.6	-0.172876712	2.22	-0.065342466	2.5
22/03/2010	141	0.122222222	3.58	-0.153287671	2.31	-0.067123288	2.48
23/03/2010	143.1	0.100833333	3.48	-0.155342466	2.3	-0.070205479	2.46
25/03/2010	143	0.093333333	3.44	-0.161917808	2.27	-0.069589041	2.46
26/03/2010	151	0.048888889	3.23	-0.183287671	2.18	-0.080479452	2.38
29/03/2010	151.7	0.034444444	3.16	-0.185616438	2.17	-0.084794521	2.35
30/03/2010	154.5	-0.015555556	2.97	-0.190958904	2.14	-0.088219178	2.32
31/03/2010	151	0.013333333	3.06	-0.180821918	2.19	-0.084452055	2.35
01/04/2010	150.55	0.019166667	3.09	-0.190821918	2.14	-0.088150685	2.32
05/04/2010	152.9	0.014444444	3.07	-0.203424658	2.09	-0.092328767	2.29
06/04/2010	153	0.019166667	3.09	-0.203424658	2.09	-0.091780822	2.29
07/04/2010	160.25	-0.048055556	2.92	-0.222054795	2	-0.101986301	2.22
08/04/2010	157.1	-0.04	2.94	-0.209863014	2.06	-0.102191781	2.21
09/04/2010	157.6	-0.042222222	2.93	-0.215342466	2.03	-0.107671233	2.17
12/04/2010	158	-0.049166667	2.92	-0.214109589	2.04	-0.108219178	2.17
13/04/2010	155.1	-0.038888889	2.94	-0.19369863	2.13	-0.102534247	2.21
15/04/2010	160.1	-0.028333333	2.95	-0.214383562	2.04	-0.107123288	2.18
16/04/2010	157.5	-0.03	2.95	-0.217808219	2.02	-0.106164384	2.18
19/04/2010	155.1	-0.011666667	2.98	-0.200684932	2.1	-0.104246575	2.2
20/04/2010	155	-0.011111111	2.98	-0.202465753	2.09	-0.10239726	2.21
21/04/2010	157	-0.011111111	2.98	-0.204246575	2.08	-0.108219178	2.17
22/04/2010	158.9	-0.003611111	2.99	-0.217534247	2.02	-0.111232877	2.14
23/04/2010	158	0.006111111	3.03	-0.21890411	2.02	-0.10890411	2.16
26/04/2010	162.2	-0.0225	2.96	-0.235068493	1.94	-0.123561644	2.05
27/04/2010	160	0	3	-0.224520548	1.99	-0.119726027	2.08
28/04/2010	159.6	0.007777778	3.04	-0.222191781	2	-0.120547945	2.07
29/04/2010	158.1	-0.018611111	2.97	-0.210547945	2.05	-0.116164384	2.11
30/04/2010	164	-0.071666667	2.88	-0.227260274	1.98	-0.123835616	2.05
03/05/2010	163	-0.072222222	2.88	-0.22	2.01	-0.120958904	2.07
04/05/2010	163	-0.069166667	2.89	-0.221369863	2.01	-0.120342466	2.07
05/05/2010	152.5	-0.024444444	2.96	-0.186575342	2.16	-0.104589041	2.2
06/05/2010	154	-0.063888889	2.9	-0.190684932	2.14	-0.109452055	2.16
07/05/2010	150.85	-0.065833333	2.89	-0.177260274	2.2	-0.105890411	2.19
10/05/2010	142	-0.022222222	2.96	-0.152876712	2.31	-0.090958904	2.3
11/05/2010	149.5	-0.074444444	2.88	-0.173835616	2.22	-0.103767123	2.2
12/05/2010	145.25	-0.034722222	2.94	-0.164657534	2.26	-0.098219178	2.24
13/05/2010	146.05	-0.021388889	2.97	-0.165616438	2.26	-0.103356164	2.21
14/05/2010	146.55	-0.026388889	2.96	-0.167260274	2.25	-0.108972603	2.16
17/05/2010	144	-0.022222222	2.96	-0.151369863	2.32	-0.111643836	2.14
18/05/2010	142.75	-0.015833333	2.97	-0.139041096	2.38	-0.108493151	2.17
19/05/2010	141	-0.027777778	2.96	-0.128767123	2.42	-0.110273973	2.15
20/05/2010	140.75	-0.026388889	2.96	-0.128082192	2.42	-0.111780822	2.14
21/05/2010	137.5	-0.03	2.95	-0.117808219	2.47	-0.107260274	2.18
24/05/2010	145	-0.095555556	2.85	-0.142465753	2.36	-0.114383562	2.12
25/05/2010	159	-0.147222222	2.76	-0.166027397	2.25	-0.132260274	1.98
26/05/2010	146.5	-0.086111111	2.86	-0.127534247	2.43	-0.114383562	2.12
27/05/2010	145	-0.094444444	2.85	-0.124794521	2.44	-0.107054795	2.18
28/05/2010	156	-0.179444444	2.71	-0.145205479	2.35	-0.123630137	2.05
31/05/2010	157	-0.233055556	2.62	-0.152054795	2.32	-0.127328767	2.02
01/06/2010	155.05	-0.233055556	2.62	-0.145890411	2.34	-0.124726027	2.04
02/06/2010	154	-0.203611111	2.67	-0.163424658	2.27	-0.120136986	2.08
03/06/2010	158	-0.22	2.65	-0.173835616	2.22	-0.128630137	2.01
04/06/2010	163.8	-0.237777778	2.62	-0.190410959	2.14	-0.133219178	1.98
07/06/2010	157	-0.2	2.68	-0.18630137	2.16	-0.126164384	2.03
08/06/2010	157.5	-0.202777778	2.67	-0.185479452	2.17	-0.125479452	2.04
09/06/2010	151.85	-0.2075	2.67	-0.169726027	2.24	-0.115958904	2.11
10/06/2010	153.5	-0.214444444	2.65	-0.171369863	2.23	-0.112534247	2.13
11/06/2010	158.8	-0.244444444	2.61	-0.188493151	2.15	-0.12260274	2.06
14/06/2010	158	-0.246388889	2.6	-0.191780822	2.14	-0.119246575	2.08
15/06/2010	170.2	-0.317777778	2.49	-0.23	1.97	-0.134657534	1.96
16/06/2010	179	-0.380555556	2.39	-0.249041096	1.88	-0.14369863	1.89
17/06/2010	175.05	-0.355833333	2.43	-0.241780822	1.91	-0.13760274	1.94
18/06/2010	175.45	-0.347777778	2.44	-0.239041096	1.93	-0.13760274	1.94
21/06/2010	171.9	-0.318888889	2.49	-0.229863014	1.97	-0.133972603	1.97
22/06/2010	171.25	-0.293055556	2.53	-0.221643836	2	-0.137328767	1.94
23/06/2010	169.5	-0.258333333	2.58	-0.223424658	2	-0.130616438	2
24/06/2010	169.1	-0.254444444	2.59	-0.221369863	2.01	-0.13390411	1.97
25/06/2010	167.5	-0.244444444	2.61	-0.222465753	2	-0.131712329	1.99
28/06/2010	168	-0.247222222	2.6	-0.235068493	1.94	-0.129178082	2.01
29/06/2010	172.9	-0.281666667	2.55	-0.241780822	1.91	-0.135890411	1.95
30/06/2010	168	-0.244444444	2.61	-0.238356164	1.93	-0.123972603	2.05
01/07/2010	171.5	-0.267222222	2.57	-0.253424658	1.86	-0.127534247	2.02
02/07/2010	169.95	-0.2525	2.59	-0.260136986	1.83	-0.126780822	2.03
05/07/2010	178	-0.289166667	2.53	-0.27739726	1.75	-0.134520548	1.97
06/07/2010	182	-0.333333333	2.46	-0.294657534	1.68	-0.139726027	1.93
07/07/2010	179	-0.322777778	2.48	-0.288767123	1.7	-0.139041096	1.93
08/07/2010	176.85	-0.319166667	2.48	-0.286438356	1.71	-0.135273973	1.96
09/07/2010	176	-0.294444444	2.52	-0.285068493	1.72	-0.131575342	1.99
12/07/2010	176.1	-0.292222222	2.53	-0.278630137	1.75	-0.131643836	1.99
13/07/2010	173.3	-0.276388889	2.55	-0.277260274	1.75	-0.126164384	2.03
14/07/2010	175	-0.287777778	2.54	-0.274383562	1.77	-0.129863014	2
15/07/2010	175.5	-0.285555556	2.54	-0.281369863	1.74	-0.128972603	2.01
16/07/2010	176	-0.283333333	2.54	-0.285205479	1.72	-0.135616438	1.96
19/07/2010	175.1	-0.242222222	2.61	-0.280958904	1.74	-0.14	1.92
20/07/2010	174	-0.233611111	2.62	-0.28109589	1.74	-0.136849315	1.95
21/07/2010	172.55	-0.211944444	2.66	-0.278767123	1.75	-0.133150685	1.98
22/07/2010	172	-0.212222222	2.66	-0.271506849	1.78	-0.132739726	1.98
23/07/2010	174	-0.207777778	2.66	-0.280821918	1.74	-0.138356164	1.94
26/07/2010	174.4	-0.218055556	2.65	-0.284109589	1.72	-0.140410959	1.92
27/07/2010	173	-0.228888889	2.63	-0.268493151	1.79	-0.142808219	1.9
28/07/2010	173	-0.25	2.6	-0.26739726	1.8	-0.141164384	1.91
29/07/2010	171	-0.215555556	2.65	-0.249452055	1.88	-0.139726027	1.93
30/07/2010	167	-0.202777778	2.67	-0.235616438	1.94	-0.132739726	1.98
02/08/2010	164.5	-0.205555556	2.67	-0.220821918	2.01	-0.128356164	2.01
03/08/2010	162.4	-0.184444444	2.7	-0.2	2.1	-0.126575342	2.03
04/08/2010	157.55	-0.158055556	2.74	-0.191232877	2.14	-0.124041096	2.05
05/08/2010	160	-0.165	2.73	-0.192876712	2.13	-0.130136986	2
06/08/2010	158	-0.160277778	2.74	-0.177534247	2.2	-0.127808219	2.02
09/08/2010	158.65	-0.156666667	2.75	-0.181232877	2.19	-0.128013699	2.02
10/08/2010	159.45	-0.168888889	2.73	-0.187534247	2.16	-0.128013699	2.02
11/08/2010	159	-0.1675	2.73	-0.180821918	2.19	-0.126369863	2.03
12/08/2010	154.55	-0.138888889	2.78	-0.160410959	2.28	-0.119863014	2.08
13/08/2010	156.95	-0.166388889	2.73	-0.163150685	2.27	-0.123561644	2.05
16/08/2010	155.6	-0.175833333	2.72	-0.155890411	2.3	-0.125479452	2.04
17/08/2010	153	-0.161111111	2.74	-0.149178082	2.33	-0.123287671	2.05
18/08/2010	147.6	-0.150833333	2.76	-0.13890411	2.38	-0.117808219	2.09
19/08/2010	152.5	-0.188333333	2.7	-0.138356164	2.38	-0.123972603	2.05
20/08/2010	153.65	-0.203611111	2.67	-0.139863014	2.37	-0.124383562	2.04
23/08/2010	154.25	-0.210833333	2.66	-0.150273973	2.32	-0.126917808	2.02
24/08/2010	154	-0.209444444	2.66	-0.144383562	2.35	-0.122808219	2.06
25/08/2010	154	-0.211111111	2.66	-0.145205479	2.35	-0.116712329	2.1
26/08/2010	155	-0.214166667	2.65	-0.148767123	2.33	-0.120684932	2.07
27/08/2010	152	-0.212222222	2.66	-0.138767123	2.38	-0.118424658	2.09
30/08/2010	153.15	-0.220277778	2.64	-0.125616438	2.44	-0.115547945	2.11
31/08/2010	152.75	-0.233055556	2.62	-0.127808219	2.43	-0.117465753	2.1
01/09/2010	152.95	-0.236388889	2.62	-0.124109589	2.44	-0.110684932	2.15
02/09/2010	155.1	-0.239444444	2.61	-0.123835616	2.44	-0.108013699	2.17
03/09/2010	156.3	-0.254722222	2.59	-0.092739726	2.58	-0.111917808	2.14
06/09/2010	156	-0.252777778	2.59	-0.085479452	2.62	-0.110821918	2.15
07/09/2010	158.6	-0.2675	2.57	-0.08890411	2.6	-0.112465753	2.14
08/09/2010	157.5	-0.263333333	2.58	-0.083561644	2.62	-0.111780822	2.14
09/09/2010	156.5	-0.225833333	2.64	-0.075890411	2.66	-0.106164384	2.18
13/09/2010	156.3	-0.218333333	2.65	-0.092328767	2.59	-0.10630137	2.18
14/09/2010	156.45	-0.210277778	2.66	-0.095068493	2.57	-0.104657534	2.2
15/09/2010	158.2	-0.223333333	2.64	-0.107671233	2.52	-0.109589041	2.16
16/09/2010	156.55	-0.196666667	2.68	-0.124109589	2.44	-0.106164384	2.18
17/09/2010	155	-0.202777778	2.67	-0.095890411	2.57	-0.103287671	2.21
20/09/2010	161.9	-0.248888889	2.6	-0.118082192	2.47	-0.114383562	2.12
21/09/2010	163.9	-0.249444444	2.6	-0.109041096	2.51	-0.119657534	2.08
22/09/2010	163	-0.25	2.6	-0.086438356	2.61	-0.117191781	2.1
23/09/2010	158.15	-0.23	2.63	-0.060136986	2.73	-0.114520548	2.12
24/09/2010	158	-0.236111111	2.62	-0.091917808	2.59	-0.11890411	2.09
27/09/2010	161	-0.244444444	2.61	-0.105205479	2.53	-0.120958904	2.07
28/09/2010	161.4	-0.236944444	2.62	-0.072328767	2.68	-0.127739726	2.02
29/09/2010	164.9	-0.277222222	2.55	-0.08739726	2.61	-0.136849315	1.95
30/09/2010	161.15	-0.253055556	2.59	-0.06890411	2.69	-0.130342466	2
01/10/2010	161	-0.255555556	2.59	-0.061232877	2.72	-0.129931507	2
04/10/2010	163	-0.293055556	2.53	-0.078082192	2.65	-0.124520548	2.04
05/10/2010	161.05	-0.2825	2.54	-0.074931507	2.66	-0.122123288	2.06
06/10/2010	171	-0.35	2.44	-0.110136986	2.51	-0.135616438	1.96
07/10/2010	166.95	-0.318611111	2.49	-0.113835616	2.49	-0.22869863	1.24
08/10/2010	166.65	-0.301111111	2.51	-0.117671233	2.47	-0.228287671	1.24
11/10/2010	162.5	-0.261111111	2.58	-0.093150685	2.58	-0.22260274	1.29
12/10/2010	164.85	-0.2725	2.56	-0.11630137	2.48	-0.225821918	1.26
13/10/2010	164	-0.275	2.56	-0.115205479	2.48	-0.224657534	1.27
14/10/2010	166.9	-0.280555556	2.55	-0.126575342	2.43	-0.228630137	1.24
15/10/2010	163.35	-0.261944444	2.58	-0.125890411	2.43	-0.223767123	1.28
18/10/2010	160.3	-0.236666667	2.62	-0.126849315	2.43	-0.219589041	1.31
19/10/2010	162	-0.242777778	2.61	-0.125342466	2.44	-0.221917808	1.29
20/10/2010	158	-0.226388889	2.63	-0.109589041	2.51	-0.216438356	1.34
21/10/2010	158	-0.217777778	2.65	-0.095616438	2.57	-0.216438356	1.34
22/10/2010	161.25	-0.240277778	2.61	-0.106575342	2.52	-0.220890411	1.3
25/10/2010	160.1	-0.239444444	2.61	-0.10739726	2.52	-0.219315068	1.31
26/10/2010	160.7	-0.247777778	2.6	-0.109041096	2.51	-0.220136986	1.31
27/10/2010	159.45	-0.241388889	2.61	-0.107534247	2.52	-0.218424658	1.32
28/10/2010	157.55	-0.227222222	2.63	-0.110684932	2.5	-0.215821918	1.34
29/10/2010	157.1	-0.236666667	2.62	-0.106575342	2.52	-0.215205479	1.35
01/11/2010	158.7	-0.244166667	2.61	-0.113150685	2.49	-0.21739726	1.33
02/11/2010	158.5	-0.238611111	2.61	-0.113150685	2.49	-0.217123288	1.33
03/11/2010	158.3	-0.246111111	2.6	-0.12	2.46	-0.216849315	1.33
04/11/2010	160.2	-0.256666667	2.59	-0.125205479	2.44	-0.219452055	1.31
05/11/2010	167	-0.288888889	2.53	-0.130136986	2.42	-0.228767123	1.24
08/11/2010	170	-0.294444444	2.52	-0.143424658	2.36	-0.232876712	1.21
09/11/2010	171.95	-0.305277778	2.51	-0.149452055	2.33	-0.235547945	1.19
10/11/2010	170.9	-0.312777778	2.5	-0.153561644	2.31	-0.234109589	1.2
11/11/2010	172.5	-0.327222222	2.47	-0.173835616	2.22	-0.23630137	1.18
12/11/2010	189.85	-0.431944444	2.3	-0.222054795	2	-0.260068493	1
15/11/2010	183	-0.396111111	2.36	-0.214794521	2.04	-0.250684932	1.07
16/11/2010	183.2	-0.406666667	2.34	-0.221643836	2	-0.250958904	1.07
18/11/2010	177.8	-0.371111111	2.4	-0.207123288	2.07	-0.243561644	1.13
19/11/2010	172.5	-0.374444444	2.4	-0.178219178	2.2	-0.23630137	1.18
22/11/2010	168.25	-0.379166667	2.39	-0.165616438	2.26	-0.230479452	1.23
23/11/2010	170	-0.432222222	2.3	-0.183287671	2.18	-0.232876712	1.21
24/11/2010	170.25	-0.424444444	2.32	-0.189726027	2.15	-0.233219178	1.21
25/11/2010	169.4	-0.439444444	2.29	-0.203013699	2.09	-0.232054795	1.22
26/11/2010	159.7	-0.375555556	2.39	-0.156986301	2.29	-0.218767123	1.32
29/11/2010	159	-0.369444444	2.4	-0.175616438	2.21	-0.217808219	1.32
30/11/2010	156	-0.388888889	2.37	-0.173972603	2.22	-0.21369863	1.36
01/12/2010	159.5	-0.408333333	2.34	-0.184657534	2.17	-0.218493151	1.32
02/12/2010	164.4	-0.457777778	2.26	-0.196438356	2.12	-0.225205479	1.27
03/12/2010	163	-0.441666667	2.29	-0.202739726	2.09	-0.223287671	1.28
06/12/2010	161.25	-0.418611111	2.32	-0.194383562	2.13	-0.220890411	1.3
07/12/2010	159.8	-0.419722222	2.32	-0.187945205	2.16	-0.21890411	1.32
08/12/2010	159.8	-0.421666667	2.32	-0.192876712	2.13	-0.21890411	1.32
09/12/2010	157.9	-0.421666667	2.32	-0.182191781	2.18	-0.21630137	1.34
10/12/2010	151.7	-0.406666667	2.34	-0.156027397	2.3	-0.207808219	1.4
13/12/2010	153.4	-0.379722222	2.39	-0.175616438	2.21	-0.210136986	1.38
14/12/2010	154	-0.375555556	2.39	-0.172876712	2.22	-0.210958904	1.38
15/12/2010	155.5	-0.397777778	2.36	-0.170273973	2.24	-0.213013699	1.36
16/12/2010	156.45	-0.401944444	2.35	-0.171643836	2.23	-0.214315068	1.35
20/12/2010	151.6	-0.375833333	2.39	-0.156712329	2.3	-0.207671233	1.4
21/12/2010	149.9	-0.361666667	2.42	-0.157260274	2.29	-0.205342466	1.42
22/12/2010	150	-0.361111111	2.42	-0.158493151	2.29	-0.205479452	1.42
23/12/2010	149.15	-0.379166667	2.39	-0.15109589	2.32	-0.204315068	1.43
24/12/2010	148.1	-0.385833333	2.38	-0.162191781	2.27	-0.202876712	1.44
27/12/2010	155	-0.423611111	2.32	-0.17630137	2.21	-0.212328767	1.37
28/12/2010	152.1	-0.405	2.35	-0.169041096	2.24	-0.208356164	1.4
29/12/2010	153	-0.402777778	2.35	-0.153013699	2.31	-0.209589041	1.39
30/12/2010	153	-0.411111111	2.34	-0.152876712	2.31	-0.209589041	1.39
31/12/2010	155	-0.4175	2.33	-0.152054795	2.32	-0.212328767	1.37
03/01/2011	158.25	-0.410277778	2.34	-0.168356164	2.24	-0.216780822	1.33
04/01/2011	159.1	-0.429166667	2.31	-0.161917808	2.27	-0.217945205	1.32
05/01/2011	158.15	-0.445277778	2.28	-0.163972603	2.26	-0.216643836	1.33
06/01/2011	160	-0.434166667	2.3	-0.174246575	2.22	-0.219178082	1.31
07/01/2011	161	-0.443888889	2.28	-0.167123288	2.25	-0.220547945	1.3
10/01/2011	154.75	-0.401666667	2.35	-0.165068493	2.26	-0.211986301	1.37
11/01/2011	151.1	-0.397777778	2.36	-0.150547945	2.32	-0.206986301	1.41
12/01/2011	150	-0.399444444	2.36	-0.146027397	2.34	-0.205479452	1.42
13/01/2011	150.55	-0.411944444	2.34	-0.145616438	2.35	-0.206232877	1.41
14/01/2011	148.1	-0.389166667	2.37	-0.12369863	2.44	-0.202876712	1.44
17/01/2011	142.5	-0.355555556	2.43	-0.11890411	2.47	-0.195205479	1.5
18/01/2011	139	-0.320833333	2.48	-0.099178082	2.55	-0.190410959	1.54
19/01/2011	138	-0.316388889	2.49	-0.095205479	2.57	-0.189041096	1.55
20/01/2011	136.1	-0.296666667	2.52	-0.092054795	2.59	-0.186438356	1.57
21/01/2011	139	-0.315555556	2.49	-0.085890411	2.61	-0.190410959	1.54
24/01/2011	142.2	-0.321111111	2.48	-0.095342466	2.57	-0.194794521	1.5
25/01/2011	141.8	-0.318888889	2.49	-0.099178082	2.55	-0.194246575	1.51
27/01/2011	140	-0.299166667	2.52	-0.085205479	2.62	-0.191780822	1.53
28/01/2011	139.9	-0.298333333	2.52	-0.081917808	2.63	-0.191643836	1.53
31/01/2011	136	-0.2775	2.55	-0.078630137	2.65	-0.18630137	1.57
01/02/2011	136	-0.2825	2.54	-0.083287671	2.63	-0.18630137	1.57
02/02/2011	132.1	-0.258333333	2.58	-0.062876712	2.72	-0.180958904	1.61
03/02/2011	127.8	-0.235	2.62	-0.058356164	2.74	-0.175068493	1.65
04/02/2011	132.5	-0.243055556	2.61	-0.070684932	2.68	-0.181506849	1.6
07/02/2011	131	-0.216666667	2.65	-0.068630137	2.69	-0.179452055	1.62
08/02/2011	128	-0.188888889	2.7	-0.059863014	2.73	-0.175342466	1.65
09/02/2011	123.7	-0.165	2.73	-0.057945205	2.74	-0.169452055	1.7
10/02/2011	115.05	-0.114166667	2.82	-0.026027397	2.88	-0.15760274	1.79
11/02/2011	113.1	-0.111666667	2.82	-0.027534247	2.88	-0.154931507	1.81
14/02/2011	117.35	-0.105277778	2.83	-0.040136986	2.82	-0.160753425	1.76
15/02/2011	118.4	-0.1025	2.83	-0.051917808	2.77	-0.162191781	1.75
16/02/2011	121	-0.119722222	2.81	-0.065068493	2.71	-0.165753425	1.73
17/02/2011	121	-0.1	2.84	-0.069726027	2.69	-0.165753425	1.73
18/02/2011	121	-0.108333333	2.83	-0.082191781	2.63	-0.165753425	1.73
21/02/2011	114.5	-0.070555556	2.89	-0.071643836	2.68	-0.156849315	1.79
22/02/2011	114.9	-0.114166667	2.82	-0.061369863	2.72	-0.15739726	1.79
23/02/2011	114.8	-0.1125	2.82	-0.062739726	2.72	-0.157260274	1.79
24/02/2011	113.65	-0.1075	2.83	-0.057808219	2.74	-0.155684932	1.8
25/02/2011	113	-0.133333333	2.78	-0.057671233	2.74	-0.154794521	1.81
28/02/2011	110.5	-0.115	2.81	-0.054109589	2.76	-0.151369863	1.84
01/03/2011	111	-0.117222222	2.81	-0.051917808	2.77	-0.152054795	1.83
03/03/2011	112.85	-0.121666667	2.8	-0.053287671	2.76	-0.154589041	1.81
04/03/2011	114.5	-0.136111111	2.78	-0.062328767	2.72	-0.156849315	1.79
07/03/2011	118.5	-0.169444444	2.73	-0.078082192	2.65	-0.162328767	1.75
08/03/2011	123	-0.204166667	2.67	-0.094246575	2.58	-0.168493151	1.7
09/03/2011	123.3	-0.195555556	2.68	-0.086164384	2.61	-0.16890411	1.7
10/03/2011	123.5	-0.203888889	2.67	-0.083150685	2.63	-0.169178082	1.7
11/03/2011	123.5	-0.196111111	2.68	-0.081369863	2.63	-0.169178082	1.7
14/03/2011	122.2	-0.19	2.69	-0.077945205	2.65	-0.16739726	1.71
15/03/2011	124	-0.186944444	2.7	-0.099589041	2.55	-0.169863014	1.69
16/03/2011	123.4	-0.196944444	2.68	-0.096986301	2.56	-0.169041096	1.7
17/03/2011	124.5	-0.201111111	2.68	-0.099452055	2.55	-0.170547945	1.69
18/03/2011	125.95	-0.220277778	2.64	-0.112191781	2.5	-0.172534247	1.67
21/03/2011	122	-0.221111111	2.64	-0.104109589	2.53	-0.167123288	1.71
22/03/2011	120.9	-0.201388889	2.68	-0.094246575	2.58	-0.165616438	1.73
23/03/2011	119.4	-0.213333333	2.66	-0.099589041	2.55	-0.163561644	1.74
24/03/2011	123	-0.244444444	2.61	-0.114383562	2.49	-0.168493151	1.7
25/03/2011	123.5	-0.269444444	2.57	-0.121917808	2.45	-0.169178082	1.7
28/03/2011	123.55	-0.26	2.58	-0.12739726	2.43	-0.169246575	1.7
29/03/2011	123.2	-0.270833333	2.56	-0.127123288	2.43	-0.168767123	1.7
30/03/2011	124.1	-0.280555556	2.55	-0.128356164	2.42	-0.17	1.69
31/03/2011	125	-0.292777778	2.53	-0.128219178	2.42	-0.171232877	1.68
01/04/2011	131.5	-0.330833333	2.47	-0.148219178	2.33	-0.180136986	1.61
04/04/2011	131.95	-0.319722222	2.48	-0.144520548	2.35	-0.180753425	1.61
05/04/2011	134.4	-0.346111111	2.44	-0.151780822	2.32	-0.184109589	1.58
06/04/2011	133.8	-0.3275	2.47	-0.152465753	2.32	-0.183287671	1.59
07/04/2011	136.6	-0.354444444	2.43	-0.153424658	2.31	-0.187123288	1.56
08/04/2011	135.15	-0.351388889	2.43	-0.149452055	2.33	-0.185136986	1.58
11/04/2011	131.8	-0.329166667	2.47	-0.138082192	2.38	-0.180547945	1.61
13/04/2011	128	-0.314444444	2.49	-0.122465753	2.45	-0.175342466	1.65
15/04/2011	132.2	-0.341111111	2.45	-0.122328767	2.45	-0.18109589	1.61
18/04/2011	130.5	-0.32	2.48	-0.109452055	2.51	-0.178767123	1.63
19/04/2011	127.5	-0.311111111	2.5	-0.102739726	2.54	-0.174657534	1.66
20/04/2011	129.2	-0.325	2.48	-0.10739726	2.52	-0.176986301	1.64
21/04/2011	129.1	-0.300555556	2.52	-0.093424658	2.58	-0.176849315	1.64
25/04/2011	130.3	-0.305	2.51	-0.083013699	2.63	-0.178493151	1.63
26/04/2011	129.15	-0.273333333	2.56	-0.088082192	2.6	-0.176917808	1.64
27/04/2011	130.45	-0.274722222	2.56	-0.095753425	2.57	-0.17869863	1.63
28/04/2011	129.05	-0.250833333	2.6	-0.081369863	2.63	-0.176780822	1.64
29/04/2011	128.85	-0.219166667	2.65	-0.083972603	2.62	-0.176506849	1.64
02/05/2011	129.55	-0.232222222	2.63	-0.085068493	2.62	-0.177465753	1.64
03/05/2011	127	-0.207777778	2.66	-0.078082192	2.65	-0.173972603	1.66
04/05/2011	123.95	-0.170833333	2.72	-0.059589041	2.73	-0.169794521	1.69
05/05/2011	124	-0.175	2.72	-0.052465753	2.76	-0.169863014	1.69
06/05/2011	120.45	-0.163611111	2.74	-0.047808219	2.79	-0.165	1.73
09/05/2011	118.6	-0.142222222	2.77	-0.046575342	2.79	-0.162465753	1.75
10/05/2011	117	-0.116666667	2.81	-0.03890411	2.83	-0.160273973	1.77
11/05/2011	116.3	-0.105	2.83	-0.044246575	2.8	-0.159315068	1.77
12/05/2011	116.3	-0.097777778	2.84	-0.039178082	2.82	-0.159315068	1.77
13/05/2011	116	-0.096944444	2.84	-0.034109589	2.85	-0.15890411	1.78
16/05/2011	116.45	-0.108611111	2.82	-0.03109589	2.86	-0.159520548	1.77
17/05/2011	113.8	-0.065555556	2.89	-0.035068493	2.84	-0.155890411	1.8
18/05/2011	113.5	-0.060555556	2.9	-0.033150685	2.85	-0.155479452	1.8
19/05/2011	110.8	-0.063333333	2.9	-0.024109589	2.89	-0.151780822	1.83
20/05/2011	110.4	-0.050555556	2.92	-0.025890411	2.88	-0.151232877	1.84
23/05/2011	112	-0.061111111	2.9	-0.03109589	2.86	-0.153424658	1.82
24/05/2011	110.45	-0.054166667	2.91	-0.028767123	2.87	-0.15130137	1.84
25/05/2011	110.5	-0.050833333	2.92	-0.027671233	2.88	-0.151369863	1.84
26/05/2011	110.45	-0.0175	2.97	-0.033561644	2.85	-0.15130137	1.84
27/05/2011	110.1	-0.022222222	2.96	-0.040136986	2.82	-0.150821918	1.84
30/05/2011	115.85	-0.045555556	2.93	-0.054794521	2.75	-0.15869863	1.78
31/05/2011	117	-0.039444444	2.94	-0.065342466	2.71	-0.160273973	1.77
01/06/2011	118.6	0.021388889	3.1	-0.071917808	2.68	-0.162465753	1.75
02/06/2011	118	0.037777778	3.18	-0.059315068	2.73	-0.161643836	1.76
03/06/2011	121.15	0.027777778	3.13	-0.066164384	2.7	-0.165958904	1.72
06/06/2011	118.5	0.047222222	3.22	-0.058356164	2.74	-0.162328767	1.75
07/06/2011	117.1	0.065	3.31	-0.053835616	2.76	-0.160410959	1.77
08/06/2011	119	0.02	3.09	-0.058356164	2.74	-0.163013699	1.75
09/06/2011	118	0.020833333	3.1	-0.057534247	2.74	-0.161643836	1.76
10/06/2011	116.75	0.011944444	3.06	-0.058630137	2.74	-0.159931507	1.77
13/06/2011	115.5	-0.023611111	2.96	-0.054246575	2.76	-0.158219178	1.78
14/06/2011	117	0.016666667	3.08	-0.058356164	2.74	-0.160273973	1.77
15/06/2011	118.75	0.000277778	3	-0.060958904	2.73	-0.162671233	1.75
16/06/2011	115	0.050555556	3.24	-0.054246575	2.76	-0.157534247	1.79
17/06/2011	115.6	0.088055556	3.42	-0.063013699	2.72	-0.158356164	1.78
20/06/2011	115	0.117777778	3.56	-0.063424658	2.72	-0.157534247	1.79
21/06/2011	110.25	0.078888889	3.37	-0.057808219	2.74	-0.151027397	1.84
22/06/2011	110.2	0.068888889	3.33	-0.056712329	2.75	-0.150958904	1.84
23/06/2011	108	0.15	3.71	-0.045616438	2.8	-0.147945205	1.86
24/06/2011	109.6	0.13	3.61	-0.053013699	2.76		
27/06/2011	112.45	0.130833333	3.62	-0.053835616	2.76		
28/06/2011	115.5	0.128611111	3.61	-0.055479452	2.75		
29/06/2011	115.8	0.103888889	3.49	-0.052328767	2.76		
30/06/2011	114.5	0.106666667	3.5	-0.047260274	2.79		
01/07/2011	116.4	0.08	3.38	-0.051917808	2.77		
04/07/2011	116.2	0.051111111	3.24	-0.052328767	2.76		
05/07/2011	117.7	0.033333333	3.16	-0.050273973	2.77		
06/07/2011	118.3	0.056666667	3.27	-0.05890411	2.74		
07/07/2011	117.25	0.028611111	3.14	-0.044383562	2.8		
08/07/2011	118.8	0.0175	3.08	-0.046575342	2.79		
11/07/2011	118	0.015	3.07	-0.046027397	2.79		
12/07/2011	117	0.002222222	3.01	-0.043150685	2.81		
13/07/2011	116.1	-0.011666667	2.98	-0.042191781	2.81		
14/07/2011	116	0.001388889	3.01	-0.044520548	2.8		
15/07/2011	116.65	0.0075	3.04	-0.046027397	2.79		
18/07/2011	114.5	0.047777778	3.23	-0.042739726	2.81		
19/07/2011	114.75	0.042222222	3.2	-0.043972603	2.8		
20/07/2011	115.55	0.029722222	3.14	-0.053561644	2.76		
21/07/2011	114	0.038333333	3.18	-0.050273973	2.77		
22/07/2011	114	0.034444444	3.16	-0.061232877	2.72		
25/07/2011	115	0.011944444	3.06	-0.062465753	2.72		
26/07/2011	117	0.006666667	3.03	-0.067123288	2.7		
27/07/2011	117	0.002222222	3.01	-0.063150685	2.72		
28/07/2011	114.6	0.014444444	3.07	-0.056849315	2.74		
29/07/2011	113.6	0.005	3.02	-0.056438356	2.75		
01/08/2011	112.1	0.013333333	3.06	-0.050273973	2.77		
02/08/2011	111.7	0.043333333	3.2	-0.044383562	2.8		
03/08/2011	110	0.0425	3.2	-0.037534247	2.83		
04/08/2011	111	0.035555556	3.17	-0.041780822	2.81		
05/08/2011	105.1	0.054166667	3.26	-0.024383562	2.89		
08/08/2011	100	0.050277778	3.24	-0.009315068	2.96		
09/08/2011	92.2	0.092222222	3.44	0.012191781	3.11		
10/08/2011	93.85	0.059722222	3.28	0.00739726	3.07		
11/08/2011	90.3	0.066666667	3.31	0.014794521	3.13		
12/08/2011	92.1	0.056111111	3.26	0.002739726	3.02		
16/08/2011	92.5	0.083055556	3.39	0.004383562	3.04		
17/08/2011	86	0.121111111	3.57	0.021232877	3.19		
18/08/2011	86	0.095	3.45	0.017123288	3.15		
19/08/2011	82	0.105555556	3.5	0.029452055	3.27		
22/08/2011	83.5	0.065555556	3.31	0.027123288	3.24		
23/08/2011	85.9	0.091666667	3.43	0.03109589	3.28		
24/08/2011	84.25	0.059166667	3.28	0.030821918	3.28		
25/08/2011	83.9	0.047777778	3.23	0.029589041	3.27		
26/08/2011	82	0.056111111	3.26	0.020684932	3.19		
29/08/2011	78.5	0.078888889	3.37	0.045616438	3.41		
30/08/2011	85.05	0.021944444	3.1	0.024246575	3.22		
02/09/2011	86.4	0.021666667	3.1	0.015342466	3.14		
05/09/2011	83.9	0.040555556	3.19	0.021780822	3.2		
06/09/2011	84.1	0.029444444	3.14	0.022191781	3.2		
07/09/2011	83.95	0.041388889	3.2	0.022739726	3.2		
08/09/2011	84.8	0.055277778	3.26	0.01369863	3.12		
09/09/2011	85	0.023888889	3.11	0.013972603	3.13		
12/09/2011	80.9	0.055555556	3.26	0.023150685	3.21		
13/09/2011	78.65	0.081666667	3.39	0.020684932	3.19		
14/09/2011	78.75	0.083611111	3.39	0.018493151	3.17		
15/09/2011	79.2	0.084444444	3.4	0.018630137	3.17		
16/09/2011	80.5	0.066666667	3.31	0.014520548	3.13		
19/09/2011	79	0.073055556	3.34	0.009589041	3.09		
20/09/2011	79.85	0.078611111	3.37	-0.002328767	2.99		
21/09/2011	84.4	0.025	3.12	-0.014794521	2.93		
22/09/2011	81.85	0.048888889	3.23	-0.004383562	2.98		
23/09/2011	78	0.068888889	3.33	0.010684932	3.1		
26/09/2011	81.85	0.085	3.4	-0.005068493	2.98		
27/09/2011	81.1	0.089444444	3.42	-0.005753425	2.97		
28/09/2011	82.45	0.094722222	3.45	-0.006027397	2.97		
29/09/2011	79.5	0.096111111	3.45	-0.004109589	2.98		
30/09/2011	78.1	0.121666667	3.57	-0.00109589	3		
03/10/2011	76.4	0.121666667	3.57	0.005753425	3.05		
04/10/2011	78.05	0.101944444	3.48	-0.016575342	2.93		
05/10/2011	78.5	0.119444444	3.56	-0.016164384	2.93		
07/10/2011	81.25	0.073611111	3.35	-0.026438356	2.88		
10/10/2011	81.05	0.083888889	3.4	-0.021232877	2.9		
11/10/2011	82.7	0.077777778	3.37	-0.024931507	2.89		
12/10/2011	82.2	0.084444444	3.4	-0.020547945	2.91		
13/10/2011	84.4	0.103055556	3.49	-0.025342466	2.89		
14/10/2011	84.4	0.081666667	3.39	-0.02260274	2.9		
17/10/2011	86.15	0.0925	3.44	-0.033013699	2.85		
18/10/2011	86.2	0.094722222	3.45	-0.034657534	2.84		
19/10/2011	86.05	0.091388889	3.43	-0.028630137	2.87		
20/10/2011	85.15	0.125	3.59	-0.031232877	2.86		
21/10/2011	85.6	0.121111111	3.57	-0.033013699	2.85		
24/10/2011	85.5	0.111666667	3.53	-0.040821918	2.82		
25/10/2011	88.75	0.111944444	3.53	-0.059589041	2.73		
26/10/2011	92	0.1	3.47	-0.080821918	2.64		
28/10/2011	94	0.073888889	3.35	-0.083424658	2.63		
31/10/2011	94	0.064444444	3.3	-0.091780822	2.59		
01/11/2011	94.5	0.081388889	3.38	-0.096849315	2.56		
02/11/2011	93	0.075	3.35	-0.09260274	2.58		
03/11/2011	98.4	0.046111111	3.22	-0.10109589	2.55		
04/11/2011	99.95	0.033333333	3.16	-0.102739726	2.54		
08/11/2011	99.45	0.037222222	3.18	-0.099863014	2.55		
09/11/2011	103	-0.0025	3	-0.099041096	2.56		
11/11/2011	101.5	0.0225	3.11	-0.097945205	2.56		
14/11/2011	101.8	0.006944444	3.03	-0.103424658	2.54		
15/11/2011	94.35	0.046388889	3.22	-0.083150685	2.63		
16/11/2011	94.55	0.027222222	3.13	-0.07739726	2.65		
17/11/2011	94.3	0.016388889	3.08	-0.082739726	2.63		
18/11/2011	89	0.036388889	3.17	-0.061506849	2.72		
21/11/2011	89.8	0.006666667	3.03	-0.068219178	2.69		
22/11/2011	89.9	-0.008611111	2.99	-0.065753425	2.7		
23/11/2011	90.95	0.008611111	3.04	-0.065068493	2.71		
24/11/2011	90	0.010555556	3.05	-0.05109589	2.77		
25/11/2011	88	0.025277778	3.12	-0.051232877	2.77		
28/11/2011	86.25	0.031666667	3.15	-0.041917808	2.81		
29/11/2011	88.1	0.014722222	3.07	-0.044383562	2.8		
30/11/2011	86.8	0.029166667	3.14	-0.034794521	2.84		
01/12/2011	88.2	0.028888889	3.14	-0.037260274	2.83		
02/12/2011	88	0.020833333	3.1	-0.035616438	2.84		
05/12/2011	90.35	-0.001944444	3	-0.044520548	2.8		
06/12/2011	87.95	0.003611111	3.02	-0.046438356	2.79		
07/12/2011	88.3	0.019722222	3.09	-0.038767123	2.83		
08/12/2011	86.3	0.038055556	3.18	-0.040958904	2.82		
09/12/2011	82.2	0.064444444	3.3	-0.029726027	2.87		
12/12/2011	84.65	0.050555556	3.24	-0.03	2.87		
13/12/2011	81	0.036944444	3.17	-0.02	2.91		
14/12/2011	79	0.05	3.24	-0.004109589	2.98		
15/12/2011	75	0.073333333	3.35	0.009315068	3.08		
16/12/2011	76.75	0.045833333	3.22	0.001780822	3.02		
19/12/2011	74.45	0.053055556	3.25	0.014657534	3.13		
20/12/2011	73.6	0.071666667	3.34	0.017534247	3.16		
21/12/2011	72.3	0.059722222	3.28	0.014246575	3.13		
22/12/2011	71.95	0.051666667	3.24	0.016849315	3.15		
23/12/2011	74.4	0.025555556	3.12	0.015205479	3.14		
26/12/2011	72.1	0.0275	3.13	0.021643836	3.2		
27/12/2011	74.85	0.010833333	3.05	0.01739726	3.16		
28/12/2011	72.8	0.024722222	3.12	0.020273973	3.18		
29/12/2011	71.9	0.035	3.17	0.025890411	3.23		
30/12/2011	72.55	0.026944444	3.13	0.012191781	3.11		
02/01/2012	71.4	0.043333333	3.2	0.004109589	3.04		
03/01/2012	70.8	0.045555556	3.22	0.009041096	3.08		
04/01/2012	72.9	0.029166667	3.14	0.006712329	3.06		
05/01/2012	71.5	0.050555556	3.24	0.009863014	3.09		
06/01/2012	70.7	0.055	3.26	0.00630137	3.06		
09/01/2012	75	0.035555556	3.17	-0.008493151	2.96		
10/01/2012	75.4	0.043888889	3.21	-0.018219178	2.92		
11/01/2012	79.95	0.042222222	3.2	-0.02739726	2.88		
12/01/2012	81	0.053055556	3.25	-0.032876712	2.85		
13/01/2012	83.9	0.033888889	3.16	-0.037808219	2.83		
16/01/2012	89.4	0.003333333	3.02	-0.050958904	2.77		
17/01/2012	87.75	0.040277778	3.19	-0.048630137	2.78		
18/01/2012	89.6	0.057777778	3.27	-0.061917808	2.72		
19/01/2012	93.2	0.021111111	3.1	-0.077260274	2.65		
20/01/2012	92.5	0.016666667	3.08	-0.076164384	2.66		
23/01/2012	91	0.046388889	3.22	-0.070684932	2.68		
24/01/2012	93	0.028888889	3.14	-0.073972603	2.67		
25/01/2012	96	0.013888889	3.07	-0.080136986	2.64		
26/01/2012	97.4	0.006111111	3.03	-0.083150685	2.63		
27/01/2012	98.7	0.019444444	3.09	-0.087534247	2.61		
30/01/2012	98.55	0.035	3.17	-0.094657534	2.57		
31/01/2012	96.9	0.033888889	3.16	-0.092876712	2.58		
01/02/2012	102	-0.002222222	3	-0.110684932	2.5		
02/02/2012	102.6	0.001111111	3.01	-0.111232877	2.5		
03/02/2012	99.4	0.004166667	3.02	-0.100136986	2.55		
06/02/2012	101.3	0.003888889	3.02	-0.108767123	2.51		
07/02/2012	101	0.014166667	3.07	-0.100410959	2.55		
08/02/2012	100.7	0.024444444	3.12	-0.08739726	2.61		
09/02/2012	101.35	-0.001944444	3	-0.094383562	2.58		
10/02/2012	107.3	-0.032777778	2.95	-0.114383562	2.49		
13/02/2012	106.1	-0.022777778	2.96	-0.102191781	2.54		
14/02/2012	107.65	-0.037222222	2.94	-0.111369863	2.5		
15/02/2012	109.9	-0.051388889	2.92	-0.103424658	2.54		
16/02/2012	122.45	-0.125	2.8	-0.126575342	2.43		
17/02/2012	124.8	-0.135555556	2.78	-0.137534247	2.38		
20/02/2012	126.15	-0.155277778	2.75	-0.139863014	2.37		
21/02/2012	127	-0.175277778	2.72	-0.138356164	2.38		
22/02/2012	128.8	-0.183055556	2.7	-0.144931507	2.35		
23/02/2012	122.6	-0.163611111	2.74	-0.119452055	2.46		
24/02/2012	121.75	-0.163333333	2.74	-0.117945205	2.47		
27/02/2012	118.9	-0.125277778	2.8	-0.106438356	2.52		
28/02/2012	111.25	-0.079166667	2.87	-0.090547945	2.59		
29/02/2012	120	-0.126666667	2.8	-0.112191781	2.5		
01/03/2012	118.8	-0.118611111	2.81	-0.10739726	2.52		
02/03/2012	124.1	-0.146666667	2.76	-0.125205479	2.44		
05/03/2012	131.45	-0.191388889	2.69	-0.150410959	2.32		
06/03/2012	136.2	-0.226944444	2.63	-0.160958904	2.28		
07/03/2012	124.45	-0.159722222	2.74	-0.136712329	2.39		
08/03/2012	122.6	-0.149444444	2.76	-0.140821918	2.37		
09/03/2012	135	-0.213888889	2.65	-0.170684932	2.23		
12/03/2012	133	-0.21	2.66	-0.177671233	2.2		
13/03/2012	136	-0.241111111	2.61	-0.194520548	2.13		
14/03/2012	138.65	-0.26	2.58	-0.199041096	2.11		
15/03/2012	134.5	-0.251944444	2.59	-0.187260274	2.16		
16/03/2012	133.7	-0.245555556	2.6	-0.168767123	2.24		
19/03/2012	130.8	-0.219166667	2.65	-0.161369863	2.28		
20/03/2012	125.4	-0.195277778	2.68				
21/03/2012	123.7	-0.171666667	2.72				
22/03/2012	128.5	-0.184722222	2.7				
23/03/2012	122.4	-0.142777778	2.77				
26/03/2012	121.95	-0.137222222	2.78				
27/03/2012	120.7	-0.129166667	2.79				
28/03/2012	117.4	-0.112777778	2.82				
29/03/2012	114	-0.081388889	2.87				
30/03/2012	116.25	-0.108055556	2.83				
02/04/2012	118	-0.094166667	2.85				
03/04/2012	123.1	-0.118333333	2.81				
04/04/2012	122.35	-0.1175	2.81				
05/04/2012	120.9	-0.109166667	2.82				
06/04/2012	120.9	-0.112222222	2.82				
09/04/2012	120.2	-0.113611111	2.82				
10/04/2012	117.15	-0.096111111	2.84				
11/04/2012	118.2	-0.107222222	2.83				
12/04/2012	117.4	-0.103888889	2.83				
13/04/2012	117.2	-0.117777778	2.81				
16/04/2012	114.5	-0.104722222	2.83				
17/04/2012	114.5	-0.126944444	2.8				
18/04/2012	119.5	-0.151666667	2.76				
19/04/2012	117.65	-0.139722222	2.77				
20/04/2012	117.4	-0.130277778	2.79				
23/04/2012	114.85	-0.116666667	2.81				
24/04/2012	109.05	-0.089166667	2.86				
25/04/2012	108.8	-0.083611111	2.87				
26/04/2012	104.6	-0.050555556	2.92				
27/04/2012	102.3	-0.033333333	2.95				
30/04/2012	102.2	-0.035833333	2.94				
01/05/2012	107.45	-0.0625	2.9				
02/05/2012	107.8	-0.062222222	2.9				
03/05/2012	103.1	-0.035833333	2.94				
04/05/2012	101	-0.024722222	2.96				
07/05/2012	95.3	0.002222222	3.01				
08/05/2012	102.4	-0.051666667	2.92				
09/05/2012	94.9	-0.004444444	2.99				
10/05/2012	92.5	0.006944444	3.03				
11/05/2012	92.1	0.000833333	3				
14/05/2012	92.7	0.000277778	3				
15/05/2012	89	0.024444444	3.12				
16/05/2012	90.3	0.038611111	3.18				
17/05/2012	91.2	0.023888889	3.11				
18/05/2012	89.4	0.029444444	3.14				
21/05/2012	91.4	-0.010277778	2.98				
22/05/2012	94.75	0.002222222	3.01				
23/05/2012	89.3	0.025555556	3.12				
24/05/2012	90.9	0.006111111	3.03				
25/05/2012	93.35	-0.008333333	2.99				
28/05/2012	93.8	-0.008888889	2.99				
29/05/2012	94.4	-0.011944444	2.98				
30/05/2012	92.5	-0.015	2.98				
31/05/2012	92.15	-0.011388889	2.98				
01/06/2012	94	-0.025833333	2.96				
04/06/2012	88.9	-0.015	2.98				
05/06/2012	90.65	-0.028611111	2.95				
06/06/2012	90.4	-0.024444444	2.96				
07/06/2012	97.15	-0.063055556	2.9				
08/06/2012	97.2	-0.081666667	2.87				
11/06/2012	99.5	-0.113888889	2.82				
12/06/2012	96.8	-0.098888889	2.84				
13/06/2012	100	-0.109722222	2.82				
14/06/2012	98.3	-0.091111111	2.85				
15/06/2012	96.4	-0.091111111	2.85				
18/06/2012	100	-0.116666667	2.81				
19/06/2012	94.5	-0.079166667	2.87				
20/06/2012	96.15	-0.100833333	2.84				
21/06/2012	96.7	-0.105555556	2.83				
22/06/2012	97.4	-0.105	2.83				
25/06/2012	102.95	-0.171944444	2.72				
26/06/2012	99.1	-0.147222222	2.76				
27/06/2012	102.8	-0.173333333	2.72				
28/06/2012	103.25	-0.166388889	2.73				
29/06/2012	102.5	-0.160555556	2.74				
02/07/2012	107.65	-0.183055556	2.7				
03/07/2012	107.4	-0.179166667	2.71				
04/07/2012	105.6	-0.163611111	2.74				
05/07/2012	108.9	-0.193333333	2.69				
06/07/2012	110	-0.2025	2.67				
09/07/2012	107.3	-0.176111111	2.72				
10/07/2012	105.6	-0.176944444	2.71				
11/07/2012	109.15	-0.197777778	2.68				
12/07/2012	106.5	-0.199444444	2.68				
13/07/2012	106.7	-0.220555556	2.64				
16/07/2012	105.95	-0.241388889	2.61				
17/07/2012	106.15	-0.236666667	2.62				
18/07/2012	102.55	-0.233611111	2.62				
19/07/2012	105.55	-0.257777778	2.58				
20/07/2012	103.05	-0.243611111	2.61				
23/07/2012	102.7	-0.228888889	2.63				
24/07/2012	99.45	-0.205555556	2.67				
25/07/2012	97.25	-0.190277778	2.69				
26/07/2012	95.55	-0.159444444	2.74				
27/07/2012	91	-0.140277778	2.77				
30/07/2012	88.35	-0.135	2.78				
31/07/2012	92.5	-0.158333333	2.74				
01/08/2012	91.9	-0.142222222	2.77				
02/08/2012	92.55	-0.158055556	2.74				
03/08/2012	91.95	-0.141111111	2.77				
06/08/2012	90.75	-0.143611111	2.77				
07/08/2012	92.05	-0.145277778	2.77				
08/08/2012	93.4	-0.145555556	2.77				
09/08/2012	91.75	-0.113333333	2.82				
10/08/2012	90	-0.115	2.81				
13/08/2012	88.6	-0.098055556	2.84				
14/08/2012	91.85	-0.110833333	2.82				
15/08/2012	93.15	-0.105833333	2.83				
16/08/2012	93.8	-0.106666667	2.83				
17/08/2012	93.75	-0.104166667	2.83				
20/08/2012	87.65	-0.075277778	2.88				
21/08/2012	88	-0.094444444	2.85				
22/08/2012	88.2	-0.078055556	2.87				
23/08/2012	85	-0.075833333	2.88				
24/08/2012	84	-0.070277778	2.89				
27/08/2012	86.5	-0.071111111	2.89				
28/08/2012	83.05	-0.051944444	2.92				
29/08/2012	81.25	-0.020833333	2.97				
30/08/2012	79	-0.003333333	2.99				
31/08/2012	77.05	0.001944444	3.01				
03/09/2012	76.8	0.016666667	3.08				
04/09/2012	77.25	0.015277778	3.07				
05/09/2012	78.2	-0.003888889	2.99				
06/09/2012	77.4	0.003888889	3.02				
07/09/2012	79.2	0.004166667	3.02				
10/09/2012	79	0.005555556	3.03				
11/09/2012	78.15	0.016944444	3.08				
12/09/2012	80.6	-0.002222222	3				
13/09/2012	80.6	0.004166667	3.02				
14/09/2012	81.4	-0.024444444	2.96				
17/09/2012	83.3	-0.057777778	2.91				
18/09/2012	87.55	-0.074722222	2.88				
19/09/2012	90.55	-0.084444444	2.86				
20/09/2012	90	-0.082777778	2.87				
21/09/2012	90	-0.094444444	2.85				
24/09/2012	95	-0.128333333	2.79				
25/09/2012	100	-0.173611111	2.72				
26/09/2012	97	-0.150277778	2.76				
27/09/2012	95.5	-0.147222222	2.76				
28/09/2012	99.35	-0.1625	2.74				
01/10/2012	98.2	-0.152222222	2.75				
02/10/2012	98.5	-0.158333333	2.74				
03/10/2012	98.5	-0.175	2.72				
04/10/2012	102.2	-0.206666667	2.67				
05/10/2012	104.85	-0.223055556	2.64				
08/10/2012	103	-0.21	2.66				
09/10/2012	101.6	-0.197777778	2.68				
10/10/2012	102.8	-0.200277778	2.68				
11/10/2012	100.15	-0.183888889	2.7				
12/10/2012	102	-0.195833333	2.68				
15/10/2012	103.55	-0.219722222	2.65				
16/10/2012	105.1	-0.233888889	2.62				
17/10/2012	101	-0.218888889	2.65				
18/10/2012	101.4	-0.218888889	2.65				
19/10/2012	102	-0.2175	2.65				
22/10/2012	100.95	-0.218611111	2.65				
23/10/2012	100.65	-0.201666667	2.67				
24/10/2012	99.95	-0.173055556	2.72				
25/10/2012	100.4	-0.186111111	2.7				
26/10/2012	98.2	-0.181388889	2.71				
29/10/2012	95.45	-0.148055556	2.76				
30/10/2012	95.85	-0.160277778	2.74				
31/10/2012	93.15	-0.116666667	2.81				
01/11/2012	92.35	-0.089444444	2.86				
02/11/2012	96.35	-0.120833333	2.81				
05/11/2012	97	-0.121666667	2.8				
06/11/2012	97.2	-0.115	2.81				
07/11/2012	97.45	-0.119722222	2.81				
08/11/2012	97.7	-0.103888889	2.83				
09/11/2012	97	-0.101666667	2.84				
12/11/2012	95.35	-0.085	2.86				
13/11/2012	95.7	-0.097222222	2.84				
14/11/2012	95.7	-0.0925	2.85				
15/11/2012	96.5	-0.093888889	2.85				
16/11/2012	95.2	-0.093333333	2.85				
19/11/2012	92.6	-0.089166667	2.86				
20/11/2012	91.85	-0.08	2.87				
21/11/2012	89.15	-0.081111111	2.87				
22/11/2012	89.5	-0.101666667	2.84				
23/11/2012	91.35	-0.103611111	2.83				
26/11/2012	90.25	-0.122777778	2.8				
27/11/2012	92.8	-0.154444444	2.75				
28/11/2012	95.25	-0.1625	2.74				
29/11/2012	96.7	-0.169722222	2.73				
30/11/2012	97.25	-0.139722222	2.77				
03/12/2012	97.45	-0.141944444	2.77				
04/12/2012	97.1	-0.139444444	2.77				
05/12/2012	99.35	-0.551944444	2.11				
06/12/2012	96.8	-0.537777778	2.13				
07/12/2012	101.05	-0.561388889	2.09				
10/12/2012	101.8	-0.565555556	2.09				
11/12/2012	101.2	-0.562222222	2.09				
12/12/2012	101.25	-0.5625	2.09				
13/12/2012	100.7	-0.559444444	2.1				
14/12/2012	99.75	-0.554166667	2.11				
17/12/2012	99.85	-0.554722222	2.1				
18/12/2012	98.9	-0.549444444	2.11				
19/12/2012	98.7	-0.548333333	2.12				
20/12/2012	96	-0.533333333	2.14				
21/12/2012	95.65	-0.531388889	2.14				
24/12/2012	91.65	-0.509166667	2.18				
25/12/2012	92.2	-0.512222222	2.17				
26/12/2012	92.5	-0.513888889	2.17				
27/12/2012	93.95	-0.521944444	2.16				
28/12/2012	93.85	-0.521388889	2.16				
31/12/2012	93	-0.516666667	2.17				
01/01/2013	93.75	-0.520833333	2.16				
02/01/2013	95.5	-0.530555556	2.14				
03/01/2013	96.3	-0.535	2.14				
04/01/2013	95.75	-0.531944444	2.14				
07/01/2013	96.2	-0.534444444	2.14				
08/01/2013	96.6	-0.536666667	2.13				
09/01/2013	96.65	-0.536944444	2.13				
10/01/2013	96.55	-0.536388889	2.13				
11/01/2013	95.7	-0.531666667	2.14				
14/01/2013	93.1	-0.517222222	2.17				
15/01/2013	94.1	-0.522777778	2.16				
16/01/2013	93.75	-0.520833333	2.16				
17/01/2013	92.25	-0.5125	2.17				
18/01/2013	92.75	-0.515277778	2.17				
21/01/2013	93.4	-0.518888889	2.16				
22/01/2013	97.25	-0.540277778	2.13				
23/01/2013	95.5	-0.530555556	2.14				
24/01/2013	94.7	-0.526111111	2.15				
25/01/2013	89.55	-0.4975	2.2				
28/01/2013	95.15	-0.528611111	2.15				
29/01/2013	93.9	-0.521666667	2.16				
30/01/2013	92	-0.511111111	2.18				
31/01/2013	91.85	-0.510277778	2.18				
01/02/2013	92.2	-0.512222222	2.17				
04/02/2013	92.25	-0.5125	2.17				
05/02/2013	89.8	-0.498888889	2.19				
06/02/2013	90.1	-0.500555556	2.19				
07/02/2013	89.35	-0.496388889	2.2				
08/02/2013	86.2	-0.478888889	2.23				
11/02/2013	85.5	-0.475	2.23				
12/02/2013	86	-0.477777778	2.23				
13/02/2013	85.8	-0.476666667	2.23				
14/02/2013	82.5	-0.458333333	2.26				
15/02/2013	79	-0.438888889	2.29				
18/02/2013	79	-0.438888889	2.29				
19/02/2013	80.25	-0.445833333	2.28				
20/02/2013	81.9	-0.455	2.27				
21/02/2013	80	-0.444444444	2.28				
22/02/2013	79	-0.438888889	2.29				
25/02/2013	80.25	-0.445833333	2.28				
26/02/2013	78	-0.433333333	2.3				
27/02/2013	77.7	-0.431666667	2.3				
28/02/2013	78.5	-0.436111111	2.3				
01/03/2013	72	-0.4	2.35				
04/03/2013	72.6	-0.403333333	2.35				
05/03/2013	71.6	-0.397777778	2.36				
06/03/2013	73.3	-0.407222222	2.34				
07/03/2013	73.6	-0.408888889	2.34				
08/03/2013	74.7	-0.415	2.33				
11/03/2013	75.15	-0.4175	2.33				
12/03/2013	76.15	-0.423055556	2.32				
13/03/2013	74.1	-0.411666667	2.34				
14/03/2013	73.55	-0.408611111	2.34				
15/03/2013	75.6	-0.42	2.32				
18/03/2013	73.75	-0.409722222	2.34				
19/03/2013	73.55	-0.408611111	2.34				
20/03/2013	70.6	-0.392222222	2.37				
21/03/2013	67	-0.372222222	2.4				
22/03/2013	62.5	-0.347222222	2.44				
25/03/2013	63.55	-0.353055556	2.43				
26/03/2013	60.5	-0.336111111	2.46				
27/03/2013	59.15	-0.328611111	2.47				
28/03/2013	59.2	-0.328888889	2.47				
29/03/2013	61.5	-0.341666667	2.45				
01/04/2013	62.45	-0.346944444	2.44				
02/04/2013	63	-0.35	2.44				
03/04/2013	66.85	-0.371388889	2.4				
04/04/2013	65.75	-0.365277778	2.41				
05/04/2013	64.05	-0.355833333	2.43				
08/04/2013	64	-0.355555556	2.43				
09/04/2013	66.3	-0.368333333	2.41				
10/04/2013	64.1	-0.356111111	2.43				
11/04/2013	66.55	-0.369722222	2.4				
12/04/2013	64.9	-0.360555556	2.42				
15/04/2013	65.9	-0.366111111	2.41				
16/04/2013	67.2	-0.373333333	2.4				
17/04/2013	71.35	-0.396388889	2.36				
18/04/2013	69.3	-0.385	2.38				
19/04/2013	70.95	-0.394166667	2.36				
22/04/2013	71.9	-0.399444444	2.36				
23/04/2013	74.1	-0.411666667	2.34				
24/04/2013	74.6	-0.414444444	2.33				
25/04/2013	75	-0.416666667	2.33				
26/04/2013	74.1	-0.411666667	2.34				
29/04/2013	71	-0.394444444	2.36				
30/04/2013	74.15	-0.411944444	2.34				
01/05/2013	71.35	-0.396388889	2.36				
02/05/2013	71.35	-0.396388889	2.36				
03/05/2013	73.7	-0.409444444	2.34				
06/05/2013	73.7	-0.409444444	2.34				
07/05/2013	77.5	-0.430555556	2.31				
08/05/2013	78.4	-0.435555556	2.3				
09/05/2013	77.4	-0.43	2.31				
10/05/2013	79.8	-0.443333333	2.28				
13/05/2013	80	-0.444444444	2.28				
14/05/2013	77.5	-0.430555556	2.31				
15/05/2013	78.1	-0.433888889	2.3				
16/05/2013	79.95	-0.444166667	2.28				
17/05/2013	80	-0.444444444	2.28				
20/05/2013	81.2	-0.451111111	2.27				
21/05/2013	80.2	-0.445555556	2.28				
22/05/2013	81.35	-0.451944444	2.27				
23/05/2013	77	-0.427777778	2.31				
24/05/2013	72.9	-0.405	2.35				
27/05/2013	74.1	-0.411666667	2.34				
28/05/2013	75.35	-0.418611111	2.32				
29/05/2013	75.1	-0.417222222	2.33				
30/05/2013	73	-0.405555556	2.35				
31/05/2013	71.9	-0.399444444	2.36				
03/06/2013	68.75	-0.381944444	2.38				
04/06/2013	69.95	-0.388611111	2.37				
05/06/2013	69	-0.383333333	2.38				
06/06/2013	70.1	-0.389444444	2.37				
07/06/2013	70.8	-0.393333333	2.37				
10/06/2013	70	-0.388888889	2.37				
11/06/2013	67	-0.372222222	2.4				
12/06/2013	65	-0.361111111	2.42				
13/06/2013	64.7	-0.359444444	2.42				
14/06/2013	65.2	-0.362222222	2.42				
17/06/2013	66	-0.366666667	2.41				
18/06/2013	66.75	-0.370833333	2.4				
19/06/2013	67.05	-0.3725	2.4				
20/06/2013	66.75	-0.370833333	2.4				
21/06/2013	64	-0.355555556	2.43				
24/06/2013	63	-0.35	2.44				
25/06/2013	61.6	-0.342222222	2.45				
26/06/2013	62	-0.344444444	2.44				
27/06/2013	62.85	-0.349166667	2.44				
28/06/2013	61.6	-0.342222222	2.45				
01/07/2013	64.35	-0.3575	2.42				
02/07/2013	68.8	-0.382222222	2.38				
03/07/2013	66.9	-0.371666667	2.4				
04/07/2013	65.55	-0.364166667	2.41				
05/07/2013	68.8	-0.382222222	2.38				
08/07/2013	67	-0.372222222	2.4				
09/07/2013	72.15	-0.400833333	2.35				
10/07/2013	76.25	-0.423611111	2.32				
11/07/2013	74.6	-0.414444444	2.33				
12/07/2013	75.1	-0.417222222	2.33				
15/07/2013	76.5	-0.425	2.31				
16/07/2013	75.9	-0.421666667	2.32				
17/07/2013	79	-0.438888889	2.29				
18/07/2013	78.7	-0.437222222	2.29				
19/07/2013	80.05	-0.444722222	2.28				
22/07/2013	78.2	-0.434444444	2.3				
23/07/2013	79.05	-0.439166667	2.29				
24/07/2013	79.6	-0.442222222	2.29				
25/07/2013	78.4	-0.435555556	2.3				
26/07/2013	76.55	-0.425277778	2.31				
29/07/2013	77.45	-0.430277778	2.31				
30/07/2013	74.55	-0.414166667	2.33				
31/07/2013	71.2	-0.395555556	2.36				
01/08/2013	72.7	-0.403888889	2.35				
02/08/2013	68.15	-0.378611111	2.39				
05/08/2013	65	-0.361111111	2.42				
06/08/2013	66	-0.366666667	2.41				
07/08/2013	66.15	-0.3675	2.41				
08/08/2013	72.1	-0.400555556	2.35				
09/08/2013	71.9	-0.399444444	2.36				
12/08/2013	72	-0.4	2.35				