18/03/2010	74.9	0.242222222	4.55	-0.002328767	2.98	-0.003630137	2.94
19/03/2010	68.8	0.312222222	5	0.014246575	3.92	0.009246575	4.63
22/03/2010	67.5	0.305555556	4.96	0.023013699	4.48	0.010136986	4.78
23/03/2010	67.5	0.293333333	4.88	0.026027397	4.67	0.011369863	5
25/03/2010	68	0.277777778	4.78	0.019041096	4.22	0.009246575	4.63
26/03/2010	68.45	0.235555556	4.51	0.019041096	4.22	0.00739726	4.3
29/03/2010	67.75	0.218055556	4.4	0.021780822	4.4	0.00869863	4.53
30/03/2010	68.6	0.174444444	4.12	0.020273973	4.3	0.006027397	4.06
31/03/2010	69.7	0.185	4.19	0.022739726	4.46	-0.000958904	2.98
01/04/2010	69.8	0.172777778	4.11	0.019726027	4.27	-0.001780822	2.97
05/04/2010	72	0.177777778	4.14	0.011232877	3.72	-0.004931507	2.92
06/04/2010	72.6	0.188333333	4.21	0.006575342	3.42	-0.006917808	2.89
07/04/2010	74	0.171944444	4.1	0.002876712	3.19	-0.010136986	2.84
08/04/2010	74.45	0.153055556	3.98	0.001643836	3.11	-0.007945205	2.87
09/04/2010	73.95	0.145	3.93	0.006712329	3.43	-0.00869863	2.86
12/04/2010	74.45	0.136388889	3.87	0.007671233	3.49	-0.009931507	2.84
13/04/2010	73.4	0.128055556	3.82	0.013972603	3.9	-0.008767123	2.86
15/04/2010	73.25	0.118055556	3.76	0.011506849	3.74	-0.007123288	2.88
16/04/2010	71.8	0.126111111	3.81	0.010136986	3.65	-0.005	2.92
19/04/2010	72.5	0.126666667	3.81	0.013013699	3.84	-0.006780822	2.89
20/04/2010	73	0.12	3.77	0.006849315	3.44	-0.007808219	2.87
21/04/2010	75.5	0.107777778	3.69	-0.001369863	2.99	-0.010616438	2.83
22/04/2010	78.8	0.129444444	3.83	-0.01260274	2.87	-0.015684932	2.75
23/04/2010	78	0.133333333	3.85	-0.009452055	2.9	-0.015890411	2.74
26/04/2010	81.5	0.101111111	3.65	-0.017945205	2.82	-0.02109589	2.66
27/04/2010	78.3	0.103888889	3.67	-0.015890411	2.84	-0.021643836	2.65
28/04/2010	77.8	0.085277778	3.55	-0.013424658	2.86	-0.021712329	2.65
29/04/2010	79.45	0.069722222	3.45	-0.023150685	2.76	-0.027945205	2.55
30/04/2010	82.75	0.043055556	3.28	-0.028219178	2.71	-0.029246575	2.53
03/05/2010	83.5	0.045555556	3.29	-0.025890411	2.74	-0.028424658	2.54
04/05/2010	81.9	0.082222222	3.53	-0.024520548	2.75	-0.025890411	2.58
05/05/2010	75	0.108888889	3.7	-0.004931507	2.95	-0.011164384	2.82
06/05/2010	80.8	0.066388889	3.43	-0.02369863	2.76	-0.021369863	2.65
07/05/2010	78.9	0.070555556	3.45	-0.016164384	2.84	-0.019246575	2.69
10/05/2010	80.85	0.084166667	3.54	-0.022191781	2.77	-0.023219178	2.62
11/05/2010	81.65	0.068333333	3.44	-0.026164384	2.73	-0.025068493	2.6
12/05/2010	80.7	0.084166667	3.54	-0.025068493	2.74	-0.029726027	2.52
13/05/2010	81	0.080555556	3.52	-0.022739726	2.77	-0.027328767	2.56
14/05/2010	79.6	0.09	3.58	-0.02109589	2.79	-0.028150685	2.55
17/05/2010	78.5	0.086111111	3.55	-0.021917808	2.78	-0.028219178	2.54
18/05/2010	78.85	0.078611111	3.5	-0.019041096	2.81	-0.033767123	2.45
19/05/2010	79.5	0.064166667	3.41	-0.017260274	2.82	-0.032328767	2.48
20/05/2010	79.5	0.088333333	3.57	-0.014520548	2.85	-0.033424658	2.46
21/05/2010	77.8	0.098333333	3.63	-0.012054795	2.88	-0.030342466	2.51
24/05/2010	78	0.122222222	3.78	-0.01369863	2.86	-0.030821918	2.5
25/05/2010	76.6	0.103611111	3.66	-0.016712329	2.83	-0.027739726	2.55
26/05/2010	75.1	0.112777778	3.72	-0.00630137	2.94	-0.025684932	2.59
27/05/2010	75	0.1125	3.72	-0.008767123	2.91	-0.023356164	2.62
28/05/2010	77.8	0.069166667	3.44	-0.019041096	2.81	-0.025273973	2.59
31/05/2010	79	0.041666667	3.27	-0.026712329	2.73	-0.028767123	2.54
01/06/2010	79.2	0.061388889	3.39	-0.030684932	2.69	-0.029726027	2.52
02/06/2010	77.7	0.099722222	3.64	-0.036164384	2.63	-0.028287671	2.54
03/06/2010	79.6	0.085555556	3.55	-0.049589041	2.5	-0.029589041	2.52
04/06/2010	80	0.083333333	3.53	-0.055068493	2.44	-0.03390411	2.45
07/06/2010	78.8	0.100555556	3.64	-0.054246575	2.45	-0.032739726	2.47
08/06/2010	78.65	0.106388889	3.68	-0.051917808	2.47	-0.032328767	2.48
09/06/2010	78.1	0.100555556	3.64	-0.051917808	2.47	-0.031575342	2.49
10/06/2010	77.9	0.089444444	3.57	-0.054383562	2.45	-0.03	2.52
11/06/2010	79	0.083333333	3.53	-0.060958904	2.38	-0.028219178	2.54
14/06/2010	79.2	0.075555556	3.48	-0.060821918	2.38	-0.027945205	2.55
15/06/2010	78.5	0.073333333	3.47	-0.057808219	2.41	-0.025342466	2.59
16/06/2010	80.5	0.068333333	3.44	-0.060684932	2.38	-0.028767123	2.54
17/06/2010	78.75	0.071388889	3.46	-0.057671233	2.41	-0.025342466	2.59
18/06/2010	80.9	0.070277778	3.45	-0.060136986	2.39	-0.028287671	2.54
21/06/2010	79.3	0.125833333	3.81	-0.059726027	2.39	-0.027328767	2.56
22/06/2010	79.7	0.108055556	3.69	-0.052876712	2.46	-0.026575342	2.57
23/06/2010	81.6	0.110555556	3.71	-0.056712329	2.42	-0.031780822	2.49
24/06/2010	84	0.1	3.64	-0.065753425	2.33	-0.033356164	2.46
25/06/2010	84.9	0.093055556	3.6	-0.065479452	2.33	-0.03369863	2.46
28/06/2010	83.7	0.102777778	3.66	-0.067671233	2.31	-0.031917808	2.48
29/06/2010	83.3	0.096944444	3.62	-0.063835616	2.35	-0.03260274	2.47
30/06/2010	81.35	0.103888889	3.67	-0.067123288	2.32	-0.030616438	2.51
01/07/2010	80.75	0.111944444	3.72	-0.061780822	2.37	-0.028493151	2.54
02/07/2010	81.3	0.099166667	3.64	-0.065205479	2.34	-0.029383562	2.53
05/07/2010	81.5	0.122222222	3.78	-0.066986301	2.32	-0.030547945	2.51
06/07/2010	81.55	0.119166667	3.76	-0.072739726	2.26	-0.031232877	2.5
07/07/2010	84.25	0.098611111	3.63	-0.083835616	2.15	-0.033219178	2.46
08/07/2010	86	0.087222222	3.56	-0.090684932	2.08	-0.03760274	2.39
09/07/2010	86.05	0.094166667	3.6	-0.09630137	2.02	-0.035958904	2.42
12/07/2010	88	0.086388889	3.55	-0.101643836	1.97	-0.039931507	2.36
13/07/2010	85.45	0.113055556	3.72	-0.09630137	2.02	-0.03609589	2.42
14/07/2010	88.8	0.089444444	3.57	-0.107671233	1.9	-0.041506849	2.33
15/07/2010	86.9	0.111666667	3.72	-0.10260274	1.96	-0.040068493	2.35
16/07/2010	86	0.143333333	3.92	-0.105479452	1.93	-0.037191781	2.4
19/07/2010	87.1	0.107777778	3.69	-0.11	1.88	-0.041232877	2.33
20/07/2010	88	0.116111111	3.74	-0.112328767	1.86	-0.044931507	2.27
21/07/2010	89	0.113055556	3.72	-0.114520548	1.83	-0.045821918	2.26
22/07/2010	88.45	0.135	3.86	-0.112328767	1.86	-0.047123288	2.24
23/07/2010	87.7	0.145	3.93	-0.112054795	1.86	-0.044794521	2.28
26/07/2010	90	0.124444444	3.8	-0.120821918	1.77	-0.050136986	2.19
27/07/2010	88.75	0.118055556	3.76	-0.114109589	1.84	-0.047945205	2.23
28/07/2010	88.25	0.090277778	3.58	-0.111917808	1.86	-0.049178082	2.21
29/07/2010	86.7	0.117777778	3.75	-0.098356164	2	-0.04609589	2.26
30/07/2010	87.5	0.118333333	3.76	-0.100273973	1.98	-0.045753425	2.26
02/08/2010	87	0.1	3.64	-0.096986301	2.01	-0.047260274	2.24
03/08/2010	89.8	0.106111111	3.68	-0.102328767	1.96	-0.051780822	2.16
04/08/2010	88.2	0.121111111	3.78	-0.088219178	2.1	-0.049246575	2.2
05/08/2010	88.3	0.120555556	3.77	-0.064657534	2.34	-0.051849315	2.16
06/08/2010	88.7	0.13	3.83	-0.080136986	2.18	-0.054383562	2.12
09/08/2010	88	0.132777778	3.85	-0.076164384	2.22	-0.053219178	2.14
10/08/2010	88.1	0.127222222	3.81	-0.075616438	2.23	-0.052739726	2.15
11/08/2010	89.4	0.115555556	3.74	-0.078082192	2.21	-0.047054795	2.24
12/08/2010	88.45	0.114166667	3.73	-0.071917808	2.27	-0.048150685	2.22
13/08/2010	90.5	0.076111111	3.49	-0.073424658	2.25	-0.052054795	2.16
16/08/2010	98.1	-0.000555556	3	-0.093424658	2.05	-0.064246575	1.96
17/08/2010	100.9	-0.024444444	2.86	-0.102465753	1.96	-0.070684932	1.86
18/08/2010	104.25	-0.046388889	2.74	-0.106849315	1.91	-0.077328767	1.75
19/08/2010	102.95	-0.016388889	2.91	-0.090273973	2.08	-0.077739726	1.74
20/08/2010	101.7	0.006666667	3.04	-0.083424658	2.15	-0.073013699	1.82
23/08/2010	102.55	-0.004722222	2.97	-0.081780822	2.17	-0.077260274	1.75
24/08/2010	102.95	-0.008611111	2.95	-0.086164384	2.12	-0.077876712	1.74
25/08/2010	97.3	0.01	3.06	-0.071369863	2.27	-0.066164384	1.93
26/08/2010	95.6	0.023888889	3.15	-0.065205479	2.34	-0.06369863	1.97
27/08/2010	96.75	0.019722222	3.13	-0.059589041	2.39	-0.066780822	1.92
30/08/2010	96.6	0.018611111	3.12	-0.04630137	2.53	-0.068493151	1.89
31/08/2010	93.9	0.031111111	3.2	-0.040821918	2.58	-0.063013699	1.98
01/09/2010	94.8	0.020555556	3.13	-0.04739726	2.52	-0.066712329	1.92
02/09/2010	97.2	0.005555556	3.04	-0.049315068	2.5	-0.069178082	1.88
03/09/2010	99.15	-0.0225	2.88	-0.053013699	2.46	-0.070136986	1.87
06/09/2010	102.5	-0.044444444	2.75	-0.051232877	2.48	-0.076780822	1.76
07/09/2010	104.7	-0.048888889	2.73	-0.056575342	2.42	-0.078835616	1.73
08/09/2010	105.8	-0.056944444	2.68	-0.059589041	2.39	-0.080958904	1.69
09/09/2010	106.25	-0.048611111	2.73	-0.060410959	2.38	-0.08239726	1.67
13/09/2010	113.55	-0.085555556	2.53	-0.105616438	1.92	-0.092260274	1.51
14/09/2010	113.5	-0.072777778	2.6	-0.107945205	1.9	-0.092808219	1.5
15/09/2010	111	-0.061111111	2.66	-0.100136986	1.98	-0.089041096	1.56
16/09/2010	114	-0.072222222	2.6	-0.123013699	1.75	-0.091986301	1.51
17/09/2010	114.95	-0.0775	2.57	-0.109863014	1.88	-0.094383562	1.48
20/09/2010	117	-0.098333333	2.45	-0.118082192	1.8	-0.098630137	1.41
21/09/2010	116.4	-0.091111111	2.49	-0.116164384	1.82	-0.099178082	1.4
22/09/2010	113.5	-0.076111111	2.58	-0.11260274	1.85	-0.095547945	1.46
23/09/2010	114.45	-0.096388889	2.47	-0.120410959	1.77	-0.096712329	1.44
24/09/2010	113.85	-0.095	2.47	-0.122328767	1.75	-0.099178082	1.4
27/09/2010	114.95	-0.101666667	2.44	-0.113561644	1.84	-0.104726027	1.31
28/09/2010	118	-0.111666667	2.38	-0.128356164	1.69	-0.11260274	1.18
29/09/2010	119.85	-0.138611111	2.23	-0.126712329	1.71	-0.11739726	1.1
30/09/2010	118.1	-0.124166667	2.31	-0.120821918	1.77	-0.116575342	1.12
01/10/2010	118	-0.132777778	2.26	-0.120273973	1.78	-0.115136986	1.14
04/10/2010	123	-0.161666667	2.1	-0.135890411	1.62	-0.122534247	1.02
05/10/2010	124.4	-0.163333333	2.09	-0.143561644	1.54	-0.123835616	1
06/10/2010	126	-0.179444444	2	-0.14890411	1.48		
07/10/2010	128.3	-0.19	1.95	-0.160821918	1.36		
08/10/2010	124	-0.158333333	2.12	-0.146986301	1.5		
11/10/2010	124	-0.149166667	2.17	-0.144794521	1.53		
12/10/2010	124	-0.155	2.14	-0.14109589	1.56		
13/10/2010	126.95	-0.171944444	2.05	-0.147123288	1.5		
14/10/2010	130	-0.183333333	1.98	-0.160136986	1.37		
15/10/2010	134.8	-0.210555556	1.83	-0.173561644	1.23		
18/10/2010	132	-0.188888889	1.95	-0.168493151	1.28		
19/10/2010	132.75	-0.200277778	1.89	-0.168356164	1.29		
20/10/2010	129	-0.181111111	2	-0.149315068	1.48		
21/10/2010	129	-0.182222222	1.99	-0.150136986	1.47		
22/10/2010	135	-0.208333333	1.84	-0.164931507	1.32		
25/10/2010	143	-0.260833333	1.55	-0.186986301	1.1		
26/10/2010	146.45	-0.274722222	1.48	-0.196438356	1		
27/10/2010	138	-0.238888889	1.67	-0.175342466	1.21		
28/10/2010	138.35	-0.229722222	1.73	-0.176575342	1.2		
29/10/2010	133.35	-0.201944444	1.88	-0.163287671	1.34		
01/11/2010	127.75	-0.169444444	2.06	-0.142465753	1.55		
02/11/2010	130.5	-0.183611111	1.98	-0.143835616	1.54		
03/11/2010	130.1	-0.188888889	1.95	-0.149589041	1.48		
04/11/2010	129.9	-0.193333333	1.93	-0.148767123	1.49		
05/11/2010	129.8	-0.188333333	1.96	-0.148082192	1.49		
08/11/2010	129.15	-0.179722222	2	-0.149041096	1.48		
09/11/2010	134.8	-0.21	1.84	-0.170958904	1.26		
10/11/2010	134.6	-0.219722222	1.78	-0.174520548	1.22		
11/11/2010	135.85	-0.2275	1.74	-0.185890411	1.11		
12/11/2010	131.8	-0.209444444	1.84	-0.174246575	1.23		
15/11/2010	129.9	-0.204444444	1.87	-0.170958904	1.26		
16/11/2010	129	-0.211111111	1.83	-0.178767123	1.18		
18/11/2010	128.05	-0.206388889	1.86	-0.17	1.27		
19/11/2010	123.35	-0.190833333	1.94	-0.146986301	1.5		
22/11/2010	120.5	-0.191666667	1.94	-0.14109589	1.56		
23/11/2010	119.5	-0.2	1.89	-0.143150685	1.54		
24/11/2010	119	-0.169444444	2.06	-0.145616438	1.52		
25/11/2010	116.55	-0.158611111	2.12	-0.146438356	1.51		
26/11/2010	115	-0.152777778	2.15	-0.140273973	1.57		
29/11/2010	119	-0.172222222	2.04	-0.157945205	1.39		
30/11/2010	116	-0.169444444	2.06	-0.153561644	1.44		
01/12/2010	118.5	-0.2	1.89	-0.167123288	1.3		
02/12/2010	125	-0.284722222	1.42	-0.181643836	1.15		
03/12/2010	122.5	-0.269444444	1.51	-0.180136986	1.17		
06/12/2010	120.3	-0.246111111	1.63	-0.173972603	1.23		
07/12/2010	118	-0.239444444	1.67	-0.172465753	1.24		
08/12/2010	110.85	-0.193611111	1.93	-0.151369863	1.46		
09/12/2010	107	-0.183055556	1.98	-0.139726027	1.58		
10/12/2010	100	-0.144444444	2.2	-0.116164384	1.82		
13/12/2010	103	-0.150555556	2.16	-0.129315068	1.68		
14/12/2010	100.9	-0.132777778	2.26	-0.125205479	1.73		
15/12/2010	104	-0.161388889	2.1	-0.132739726	1.65		
16/12/2010	106.5	-0.172777778	2.04	-0.135068493	1.62		
20/12/2010	104.95	-0.1625	2.1	-0.124520548	1.73		
21/12/2010	102	-0.144444444	2.2	-0.115753425	1.82		
22/12/2010	100.05	-0.1225	2.32	-0.117671233	1.8		
23/12/2010	99	-0.122222222	2.32	-0.106986301	1.91		
24/12/2010	96.45	-0.113055556	2.37	-0.106712329	1.91		
27/12/2010	94.5	-0.108333333	2.4	-0.094520548	2.04		
28/12/2010	94.5	-0.108055556	2.4	-0.091643836	2.07		
29/12/2010	95.3	-0.1125	2.38	-0.088630137	2.1		
30/12/2010	94.6	-0.101111111	2.44	-0.083287671	2.15		
31/12/2010	94.9	-0.098055556	2.46	-0.079178082	2.19		
03/01/2011	102.1	-0.131111111	2.27	-0.101232877	1.97		
04/01/2011	102	-0.136388889	2.24	-0.088767123	2.1		
05/01/2011	99.7	-0.134444444	2.25	-0.09260274	2.06		
06/01/2011	97	-0.109722222	2.39	-0.089589041	2.09		
07/01/2011	93.15	-0.098055556	2.46	-0.074383562	2.24		
10/01/2011	92	-0.094444444	2.48	-0.081232877	2.17		
11/01/2011	90.5	-0.090555556	2.5	-0.079041096	2.2		
12/01/2011	91.7	-0.095277778	2.47	-0.082191781	2.16		
13/01/2011	96.7	-0.120833333	2.33	-0.098082192	2		
14/01/2011	94.6	-0.122777778	2.32	-0.091232877	2.07		
17/01/2011	92.75	-0.110277778	2.39	-0.089041096	2.09		
18/01/2011	91.6	-0.114444444	2.37	-0.085342466	2.13		
19/01/2011	96	-0.130833333	2.27	-0.097534247	2.01		
20/01/2011	93.95	-0.110555556	2.39	-0.091643836	2.07		
21/01/2011	95.85	-0.127222222	2.29	-0.096849315	2.01		
24/01/2011	95.5	-0.123888889	2.31	-0.093150685	2.05		
25/01/2011	95.8	-0.131388889	2.27	-0.094246575	2.04		
27/01/2011	94	-0.116666667	2.35	-0.090684932	2.08		
28/01/2011	93	-0.1125	2.38	-0.077260274	2.21		
31/01/2011	91.05	-0.105277778	2.42	-0.075753425	2.23		
01/02/2011	95.4	-0.1325	2.27	-0.091643836	2.07		
02/02/2011	95.5	-0.126666667	2.3	-0.094520548	2.04		
03/02/2011	100	-0.156111111	2.13	-0.104383562	1.94		
04/02/2011	95.25	-0.1375	2.24	-0.089863014	2.09		
07/02/2011	95.4	-0.130555556	2.28	-0.089041096	2.09		
08/02/2011	95.25	-0.1225	2.32	-0.092465753	2.06		
09/02/2011	90.25	-0.089166667	2.51	-0.081506849	2.17		
10/02/2011	86.5	-0.072777778	2.6	-0.072328767	2.26		
11/02/2011	90.25	-0.095833333	2.47	-0.085616438	2.13		
14/02/2011	95.65	-0.139722222	2.22	-0.102328767	1.96		
15/02/2011	95	-0.123333333	2.32	-0.102054795	1.96		
16/02/2011	95	-0.128888889	2.29	-0.103835616	1.94		
17/02/2011	96.9	-0.144722222	2.2	-0.111369863	1.87		
18/02/2011	97.8	-0.158611111	2.12	-0.115342466	1.83		
21/02/2011	96.2	-0.156666667	2.13	-0.113972603	1.84		
22/02/2011	94	-0.163888889	2.09	-0.106027397	1.92		
23/02/2011	94	-0.180555556	2	-0.107671233	1.9		
24/02/2011	92.8	-0.182777778	1.99	-0.10260274	1.96		
25/02/2011	91.7	-0.181666667	1.99	-0.111506849	1.86		
28/02/2011	92.8	-0.183888889	1.98	-0.096712329	2.02		
01/03/2011	91.6	-0.180277778	2	-0.092876712	2.05		
03/03/2011	93.55	-0.197222222	1.91	-0.098082192	2		
04/03/2011	101.95	-0.251111111	1.61	-0.118356164	1.79		
07/03/2011	99.15	-0.234166667	1.7	-0.124246575	1.74		
08/03/2011	101.5	-0.245	1.64	-0.130684932	1.67		
09/03/2011	102	-0.2425	1.65	-0.131232877	1.66		
10/03/2011	101.65	-0.244166667	1.65	-0.12890411	1.69		
11/03/2011	102.2	-0.240277778	1.67	-0.129041096	1.69		
14/03/2011	100.75	-0.240277778	1.67	-0.12739726	1.7		
15/03/2011	100.05	-0.220277778	1.78	-0.126164384	1.72		
16/03/2011	100.9	-0.222222222	1.77	-0.127808219	1.7		
17/03/2011	99.15	-0.2175	1.79	-0.12260274	1.75		
18/03/2011	103.5	-0.236111111	1.69	-0.138219178	1.59		
21/03/2011	103	-0.244444444	1.64	-0.137534247	1.6		
22/03/2011	102	-0.233333333	1.71	-0.136986301	1.61		
23/03/2011	101.7	-0.249166667	1.62	-0.136438356	1.61		
24/03/2011	103	-0.248888889	1.62	-0.141780822	1.56		
25/03/2011	103.55	-0.255833333	1.58	-0.144383562	1.53		
28/03/2011	105.8	-0.270833333	1.5	-0.151369863	1.46		
29/03/2011	104.9	-0.277222222	1.46	-0.149589041	1.48		
30/03/2011	107	-0.296388889	1.36	-0.153835616	1.43		
31/03/2011	111.8	-0.327222222	1.18	-0.166849315	1.3		
01/04/2011	106.5	-0.308888889	1.29	-0.151369863	1.46		
04/04/2011	108.9	-0.322222222	1.21	-0.157123288	1.4		
05/04/2011	109.35	-0.328055556	1.18	-0.152054795	1.45		
06/04/2011	112.75	-0.351388889	1.05	-0.162465753	1.35		
07/04/2011	113.8	-0.3575	1.02	-0.164383562	1.33		
08/04/2011	112.4	-0.360555556	1	-0.160958904	1.36		
11/04/2011	110	-0.350277778	1.06	-0.152054795	1.45		
13/04/2011	104.5	-0.319444444	1.23	-0.129452055	1.68		
15/04/2011	107.9	-0.337222222	1.13	-0.131232877	1.66		
18/04/2011	108.8	-0.340833333	1.11	-0.121917808	1.76		
19/04/2011	105	-0.323333333	1.21	-0.110821918	1.87		
20/04/2011	108.9	-0.35	1.06	-0.124109589	1.74		
21/04/2011	110	-0.349444444	1.06	-0.130136986	1.68		
25/04/2011	110	-0.347777778	1.07	-0.126575342	1.71		
26/04/2011	112.1	-0.340555556	1.11	-0.137945205	1.6		
27/04/2011	111.9	-0.338888889	1.12	-0.136712329	1.61		
28/04/2011	111	-0.33	1.17	-0.129041096	1.69		
29/04/2011	110.2	-0.320833333	1.22	-0.12630137	1.71		
02/05/2011	109	-0.294444444	1.37	-0.122054795	1.76		
03/05/2011	104.2	-0.219444444	1.78	-0.108493151	1.9		
04/05/2011	98	-0.214166667	1.81	-0.093150685	2.05		
05/05/2011	96.5	-0.201666667	1.88	-0.086849315	2.12		
06/05/2011	95.9	-0.196666667	1.91	-0.088493151	2.1		
09/05/2011	100	-0.217222222	1.8	-0.104931507	1.93		
10/05/2011	102.9	-0.226111111	1.75	-0.103835616	1.94		
11/05/2011	101.7	-0.211111111	1.83	-0.103150685	1.95		
12/05/2011	101.4	-0.207777778	1.85	-0.099589041	1.99		
13/05/2011	99.1	-0.197777778	1.9	-0.085205479	2.13		
16/05/2011	99.9	-0.1925	1.93	-0.088630137	2.1		
17/05/2011	100.3	-0.168333333	2.07	-0.097260274	2.01		
18/05/2011	99.95	-0.159444444	2.12	-0.09739726	2.01		
19/05/2011	99.5	-0.148888889	2.17	-0.088630137	2.1		
20/05/2011	98.5	-0.15	2.17	-0.083972603	2.15		
23/05/2011	98.2	-0.149722222	2.17	-0.082328767	2.16		
24/05/2011	95.1	-0.129444444	2.28	-0.075616438	2.23		
25/05/2011	94.5	-0.108333333	2.4	-0.073835616	2.25		
26/05/2011	95.9	-0.09	2.5	-0.080821918	2.18		
27/05/2011	95.55	-0.091944444	2.49	-0.083424658	2.15		
30/05/2011	97.5	-0.111111111	2.38	-0.088356164	2.1		
31/05/2011	98.15	-0.105277778	2.42	-0.094109589	2.04		
01/06/2011	100.4	-0.114444444	2.37	-0.10109589	1.97		
02/06/2011	100	-0.09	2.5	-0.09739726	2.01		
03/06/2011	101	-0.094166667	2.48	-0.100136986	1.98		
06/06/2011	101	-0.094166667	2.48	-0.099726027	1.98		
07/06/2011	99.3	-0.083888889	2.53	-0.094246575	2.04		
08/06/2011	100	-0.138888889	2.23	-0.095342466	2.03		
09/06/2011	99.8	-0.142777778	2.21	-0.09260274	2.06		
10/06/2011	97.1	-0.125833333	2.3	-0.086164384	2.12		
13/06/2011	96.75	-0.153611111	2.15	-0.083972603	2.15		
14/06/2011	96.65	-0.121111111	2.33	-0.08369863	2.15		
15/06/2011	97.9	-0.133333333	2.26	-0.085479452	2.13		
16/06/2011	94.9	-0.116111111	2.36	-0.078767123	2.2		
17/06/2011	95.75	-0.129722222	2.28	-0.077671233	2.21		
20/06/2011	94.1	-0.131111111	2.27	-0.076712329	2.22		
21/06/2011	93.9	-0.137222222	2.24	-0.073150685	2.26		
22/06/2011	95	-0.119444444	2.34	-0.075753425	2.23		
23/06/2011	93.7	-0.125277778	2.31	-0.072876712	2.26		
24/06/2011	94.1	-0.113888889	2.37	-0.073150685	2.26		
27/06/2011	95.5	-0.119444444	2.34	-0.07630137	2.22		
28/06/2011	97.15	-0.128055556	2.29	-0.080821918	2.18		
29/06/2011	96.1	-0.126111111	2.3	-0.075753425	2.23		
30/06/2011	96	-0.133333333	2.26	-0.076438356	2.22		
01/07/2011	97	-0.140833333	2.22	-0.057671233	2.41		
04/07/2011	96.9	-0.151666667	2.16	-0.06	2.39		
05/07/2011	98	-0.153611111	2.15	-0.054931507	2.44		
06/07/2011	96.7	-0.141944444	2.21	-0.055479452	2.44		
07/07/2011	96.4	-0.132777778	2.26	-0.053561644	2.45		
08/07/2011	96.2	-0.1275	2.29	-0.055753425	2.43		
11/07/2011	97.5	-0.144166667	2.2	-0.045205479	2.54		
12/07/2011	96.05	-0.136666667	2.24	-0.049726027	2.49		
13/07/2011	97	-0.147222222	2.18	-0.054794521	2.44		
14/07/2011	95	-0.131666667	2.27	-0.052191781	2.47		
15/07/2011	97	-0.125	2.31	-0.058630137	2.4		
18/07/2011	97	-0.126666667	2.3	-0.053561644	2.45		
19/07/2011	97.25	-0.124722222	2.31	-0.054109589	2.45		
20/07/2011	97.45	-0.126111111	2.3	-0.055890411	2.43		
21/07/2011	96.1	-0.118611111	2.34	-0.05369863	2.45		
22/07/2011	95.1	-0.117222222	2.35	-0.048356164	2.51		
25/07/2011	95.9	-0.122222222	2.32	-0.055205479	2.44		
26/07/2011	96.8	-0.128055556	2.29	-0.057671233	2.41		
27/07/2011	97	-0.118055556	2.35	-0.055890411	2.43		
28/07/2011	95.05	-0.094722222	2.47	-0.051917808	2.47		
29/07/2011	94.9	-0.107777778	2.4	-0.052191781	2.47		
01/08/2011	94.1	-0.102777778	2.43	-0.035890411	2.63		
02/08/2011	93.1	-0.096388889	2.47	-0.025479452	2.74		
03/08/2011	91	-0.090277778	2.5	-0.024657534	2.75		
04/08/2011	90.9	-0.102777778	2.43	-0.023150685	2.76		
05/08/2011	89	-0.100555556	2.44	-0.01369863	2.86		
08/08/2011	86	-0.1	2.45	-0.007671233	2.92		
09/08/2011	83.5	-0.085	2.53	-0.002328767	2.98		
10/08/2011	88.5	-0.116666667	2.35	-0.016575342	2.83		
11/08/2011	88	-0.134722222	2.25	-0.019726027	2.8		
12/08/2011	87.5	-0.119444444	2.34	-0.027260274	2.72		
16/08/2011	88	-0.101666667	2.44	-0.019178082	2.8		
17/08/2011	85.5	-0.091666667	2.49	-0.012876712	2.87		
18/08/2011	82.5	-0.084722222	2.53	-0.011917808	2.88		
19/08/2011	73.75	-0.043888889	2.76	0.016712329	4.07		
22/08/2011	74	-0.060555556	2.66	0.01369863	3.88		
23/08/2011	76	-0.067777778	2.62	0.003561644	3.23		
24/08/2011	74.9	-0.075277778	2.58	0.003013699	3.19		
25/08/2011	76	-0.089166667	2.51	-0.003972603	2.96		
26/08/2011	74.05	-0.091944444	2.49	-0.004931507	2.95		
29/08/2011	74	-0.085	2.53	0.004246575	3.27		
30/08/2011	75.9	-0.106388889	2.41	-0.002739726	2.97		
02/09/2011	77	-0.112222222	2.38	-0.003287671	2.97		
05/09/2011	74.95	-0.110555556	2.39	-0.000547945	2.99		
06/09/2011	75.4	-0.11	2.39	-0.004246575	2.96		
07/09/2011	75.7	-0.109444444	2.39	-0.004383562	2.96		
08/09/2011	76	-0.102222222	2.43	-0.008219178	2.92		
09/09/2011	78	-0.123333333	2.32	-0.024657534	2.75		
12/09/2011	77	-0.121111111	2.33	-0.023287671	2.76		
13/09/2011	76.1	-0.114166667	2.37	-0.02109589	2.79		
14/09/2011	75	-0.098888889	2.45	-0.020410959	2.79		
15/09/2011	75.05	-0.086388889	2.52	-0.023150685	2.76		
16/09/2011	75.05	-0.085	2.53	-0.017534247	2.82		
19/09/2011	76.4	-0.107222222	2.41	-0.024109589	2.75		
20/09/2011	77.25	-0.096111111	2.47	-0.027534247	2.72		
21/09/2011	78.5	-0.116666667	2.35	-0.031506849	2.68		
22/09/2011	77.45	-0.096944444	2.46	-0.025753425	2.74		
23/09/2011	75.5	-0.080277778	2.55	-0.020136986	2.79		
26/09/2011	77.25	-0.079444444	2.56	-0.026575342	2.73		
27/09/2011	75.5	-0.062777778	2.65	-0.022465753	2.77		
28/09/2011	75	-0.05	2.72	-0.019863014	2.8		
29/09/2011	74.2	-0.050277778	2.72	-0.018767123	2.81		
30/09/2011	74.55	-0.0275	2.85	-0.022328767	2.77		
03/10/2011	74.95	-0.050277778	2.72	-0.024246575	2.75		
04/10/2011	72.5	-0.045555556	2.75	-0.02739726	2.72		
05/10/2011	72.9	-0.038333333	2.79	-0.03	2.69		
07/10/2011	71	-0.048055556	2.73	-0.032739726	2.67		
10/10/2011	72.45	-0.06	2.67	-0.030273973	2.69		
11/10/2011	74.05	-0.068611111	2.62	-0.030958904	2.68		
12/10/2011	72.95	-0.066944444	2.63	-0.027260274	2.72		
13/10/2011	73.2	-0.066111111	2.63	-0.01739726	2.82		
14/10/2011	72.15	-0.066111111	2.63	-0.019041096	2.81		
17/10/2011	73	-0.069722222	2.61	-0.022328767	2.77		
18/10/2011	72.75	-0.068611111	2.62	-0.024246575	2.75		
19/10/2011	72.1	-0.064444444	2.64	-0.023972603	2.76		
20/10/2011	71.55	-0.061388889	2.66	-0.034383562	2.65		
21/10/2011	72.7	-0.062222222	2.65	-0.031917808	2.68		
24/10/2011	71.9	-0.058333333	2.68	-0.035205479	2.64		
25/10/2011	70.5	-0.053333333	2.7	-0.034520548	2.65		
26/10/2011	71.9	-0.039444444	2.78	-0.048493151	2.51		
28/10/2011	73.2	-0.054444444	2.7	-0.04739726	2.52		
31/10/2011	74.2	-0.068055556	2.62	-0.052328767	2.47		
01/11/2011	73.4	-0.068888889	2.62	-0.048630137	2.5		
02/11/2011	73	-0.061666667	2.66	-0.047945205	2.51		
03/11/2011	70.5	-0.044722222	2.75	-0.038767123	2.61		
04/11/2011	72.8	-0.055	2.69	-0.045068493	2.54		
08/11/2011	71.8	-0.057222222	2.68	-0.037945205	2.61		
09/11/2011	70.85	-0.0575	2.68	-0.031506849	2.68		
11/11/2011	69.25	-0.050833333	2.72	-0.030821918	2.69		
14/11/2011	68	-0.05	2.72	-0.028767123	2.71		
15/11/2011	64.5	-0.034444444	2.81	-0.020410959	2.79		
16/11/2011	61.5	-0.020833333	2.88	-0.009589041	2.9		
17/11/2011	59.9	-0.015555556	2.91	-0.012739726	2.87		
18/11/2011	59	-0.015277778	2.92	-0.011232877	2.89		
21/11/2011	59.7	-0.022222222	2.88	-0.012739726	2.87		
22/11/2011	59.15	-0.025277778	2.86	-0.011232877	2.89		
23/11/2011	58.05	-0.015277778	2.92	-0.005616438	2.94		
24/11/2011	56.75	-0.011388889	2.94	0.004520548	3.29		
25/11/2011	57	-0.009166667	2.95	0.004931507	3.32		
28/11/2011	57.4	-0.035555556	2.8	0.007123288	3.46		
29/11/2011	58.35	-0.004722222	2.97	0.003150685	3.2		
30/11/2011	57.7	0	3	0.006986301	3.45		
01/12/2011	58.95	-0.006666667	2.96	0.003561644	3.23		
02/12/2011	57.5	0.006944444	3.04	0.005068493	3.33		
05/12/2011	60.4	-0.036666667	2.8	-0.000273973	3		
06/12/2011	60.9	-0.039444444	2.78	-0.006849315	2.93		
07/12/2011	60	-0.032777778	2.82	-0.000958904	2.99		
08/12/2011	61	-0.035555556	2.8	-0.001917808	2.98		
09/12/2011	59	-0.021666667	2.88	0.003835616	3.25		
12/12/2011	60	-0.031944444	2.82	-0.001369863	2.99		
13/12/2011	56.85	-0.015833333	2.91	0.005890411	3.38		
14/12/2011	58.2	-0.021944444	2.88	0.004794521	3.31		
15/12/2011	57.5	-0.017222222	2.9	0.006438356	3.41		
16/12/2011	57.05	-0.022222222	2.88	0.005890411	3.38		
19/12/2011	55	-0.012222222	2.93	0.010273973	3.66		
20/12/2011	53.65	-0.009166667	2.95	0.01739726	4.12		
21/12/2011	52.9	-0.005555556	2.97	0.015479452	4		
22/12/2011	50.9	0.001944444	3.01	0.024383562	4.57		
23/12/2011	50.9	-0.000277778	3	0.021780822	4.4		
26/12/2011	50.3	0.001388889	3.01	0.024109589	4.55		
27/12/2011	49.5	0.004444444	3.03	0.024657534	4.59		
28/12/2011	49.45	0.007777778	3.05	0.022465753	4.44		
29/12/2011	47.5	0.018888889	3.12	0.03109589	5		
30/12/2011	46.95	0.023888889	3.15	0.027534247	4.77		
02/01/2012	47	0.025277778	3.16	0.022465753	4.44		
03/01/2012	47.2	0.036944444	3.24	0.022876712	4.47		
04/01/2012	47.45	0.033333333	3.21	0.018082192	4.16		
05/01/2012	46.8	0.038888889	3.25	0.022465753	4.44		
06/01/2012	45.9	0.043055556	3.28	0.020547945	4.32		
09/01/2012	47.1	0.041111111	3.26	0.018219178	4.17		
10/01/2012	47.4	0.054722222	3.35	0.013561644	3.87		
11/01/2012	50.8	0.051111111	3.33	0.006164384	3.4		
12/01/2012	50.9	0.074444444	3.48	0.008767123	3.56		
13/01/2012	51.6	0.071944444	3.46	0.002465753	3.16		
16/01/2012	52.45	0.061944444	3.4	-0.001232877	2.99		
17/01/2012	56	0.036111111	3.23	-0.010273973	2.9		
18/01/2012	64.7	-0.005	2.97	-0.039041096	2.6		
19/01/2012	59.45	0.012777778	3.08	-0.028630137	2.71		
20/01/2012	60.2	0.01	3.06	-0.030273973	2.69		
23/01/2012	60.5	0.018888889	3.12	-0.029863014	2.7		
24/01/2012	60.9	0.017777778	3.11	-0.016027397	2.84		
25/01/2012	62.2	0.0125	3.08	-0.024383562	2.75		
26/01/2012	63.7	0.005	3.03	-0.030684932	2.69		
27/01/2012	64	0	3	-0.035068493	2.64		
30/01/2012	63.5	0.007222222	3.05	-0.03890411	2.6		
31/01/2012	65.25	-0.009166667	2.95	-0.047808219	2.51		
01/02/2012	70	-0.046111111	2.74	-0.065205479	2.34		
02/02/2012	71.25	-0.034722222	2.81	-0.06260274	2.36		
03/02/2012	72.7	-0.048055556	2.73	-0.072739726	2.26		
06/02/2012	71.5	-0.035833333	2.8	-0.069589041	2.29		
07/02/2012	71.25	-0.018055556	2.9	-0.060958904	2.38		
08/02/2012	71.8	-0.023611111	2.87	-0.062191781	2.37		
09/02/2012	75	-0.056666667	2.69	-0.073972603	2.25		
10/02/2012	79.7	-0.085	2.53	-0.090684932	2.08		
13/02/2012	79	-0.065833333	2.63	-0.085205479	2.13		
14/02/2012	77.5	-0.053611111	2.7	-0.086027397	2.12		
15/02/2012	79.2	-0.061388889	2.66	-0.089041096	2.09		
16/02/2012	79.8	-0.068333333	2.62	-0.087260274	2.11		
17/02/2012	83.8	-0.090277778	2.5	-0.102328767	1.96		
20/02/2012	84.05	-0.098055556	2.46	-0.10109589	1.97		
21/02/2012	84.05	-0.105277778	2.42	-0.102328767	1.96		
22/02/2012	84.2	-0.105277778	2.42	-0.104383562	1.94		
23/02/2012	75	-0.062222222	2.65	-0.07890411	2.2		
24/02/2012	74.1	-0.058888889	2.67	-0.077671233	2.21		
27/02/2012	74.45	-0.055555556	2.69	-0.077945205	2.21		
28/02/2012	69.1	-0.025833333	2.86	-0.060958904	2.38		
29/02/2012	74.85	-0.056944444	2.68	-0.07890411	2.2		
01/03/2012	73.9	-0.05	2.72	-0.079178082	2.19		
02/03/2012	74	-0.048888889	2.73	-0.082191781	2.16		
05/03/2012	72.4	-0.035555556	2.8	-0.078493151	2.2		
06/03/2012	70.5	-0.026944444	2.85	-0.073013699	2.26		
07/03/2012	69.2	-0.017222222	2.9	-0.076027397	2.23		
08/03/2012	73.5	-0.041111111	2.77	-0.095890411	2.02		
09/03/2012	71.15	-0.024722222	2.86	-0.096849315	2.01		
12/03/2012	73.6	-0.041388889	2.77	-0.108082192	1.9		
13/03/2012	74	-0.036666667	2.8	-0.112328767	1.86		
14/03/2012	74.1	-0.044444444	2.75	-0.11	1.88		
15/03/2012	73.4	-0.034444444	2.81	-0.109178082	1.89		
16/03/2012	72	-0.025833333	2.86	-0.104109589	1.94		
19/03/2012	71.65	-0.025277778	2.86	-0.101643836	1.97		
20/03/2012	69.6	-0.012222222	2.93				
21/03/2012	70.35	-0.015	2.92				
22/03/2012	71.15	-0.019444444	2.89				
23/03/2012	72.5	-0.0225	2.88				
26/03/2012	73.25	-0.028611111	2.84				
27/03/2012	71.55	0.024444444	3.16				
28/03/2012	71.45	0.019722222	3.13				
29/03/2012	70.5	0.041388889	3.27				
30/03/2012	71.3	0.028611111	3.18				
02/04/2012	74.5	0.013055556	3.08				
03/04/2012	74.2	0.009166667	3.06				
04/04/2012	74.8	0.034444444	3.22				
05/04/2012	74.75	0.0175	3.11				
06/04/2012	74.75	0.0125	3.08				
09/04/2012	74	0.010833333	3.07				
10/04/2012	73.9	0.009444444	3.06				
11/04/2012	73.75	0.020555556	3.13				
12/04/2012	75.75	0.009722222	3.06				
13/04/2012	78	-0.005277778	2.97				
16/04/2012	75.5	0.005555556	3.04				
17/04/2012	75.6	0.010277778	3.07				
18/04/2012	75.75	0	3				
19/04/2012	74.75	0.005555556	3.04				
20/04/2012	72.4	0.023333333	3.15				
23/04/2012	70.9	0.028888889	3.19				
24/04/2012	68	0.043611111	3.28				
25/04/2012	68.2	0.071111111	3.46				
26/04/2012	67.5	0.090555556	3.58				
27/04/2012	63.75	0.101388889	3.65				
30/04/2012	66	0.091388889	3.59				
01/05/2012	69.7	0.079444444	3.51				
02/05/2012	69	0.078888889	3.51				
03/05/2012	67.25	0.085555556	3.55				
04/05/2012	65.85	0.092222222	3.59				
07/05/2012	63.1	0.098333333	3.63				
08/05/2012	63.8	0.076388889	3.49				
09/05/2012	61.35	0.109166667	3.7				
10/05/2012	59.95	0.115833333	3.74				
11/05/2012	57.5	0.114722222	3.73				
14/05/2012	58.7	0.1175	3.75				
15/05/2012	56.75	0.123611111	3.79				
16/05/2012	56.8	0.113888889	3.73				
17/05/2012	55.05	0.116388889	3.75				
18/05/2012	55.6	0.105277778	3.67				
21/05/2012	56	0.090277778	3.58				
22/05/2012	57.6	0.099722222	3.64				
23/05/2012	55.8	0.106111111	3.68				
24/05/2012	55.2	0.114444444	3.73				
25/05/2012	55.55	0.106666667	3.68				
28/05/2012	57.2	0.0925	3.59				
29/05/2012	59.5	0.081111111	3.52				
30/05/2012	59.75	0.073611111	3.47				
31/05/2012	57.1	0.066111111	3.42				
01/06/2012	59.95	0.0475	3.3				
04/06/2012	57.5	0.060555556	3.39				
05/06/2012	60	0.041944444	3.27				
06/06/2012	61.05	0.030833333	3.2				
07/06/2012	62.95	0.031666667	3.2				
08/06/2012	64.2	0.018888889	3.12				
11/06/2012	66	0.006666667	3.04				
12/06/2012	65.15	0.010277778	3.07				
13/06/2012	69.6	-0.008611111	2.95				
14/06/2012	65.9	0.0125	3.08				
15/06/2012	64.3	0.018055556	3.12				
18/06/2012	66	0.007222222	3.05				
19/06/2012	62.35	0.03	3.19				
20/06/2012	61.65	0.031666667	3.2				
21/06/2012	61.7	0.026111111	3.17				
22/06/2012	60.9	0.028888889	3.19				
25/06/2012	61.3	0.006666667	3.04				
26/06/2012	60.25	0.009444444	3.06				
27/06/2012	60.45	-0.007777778	2.96				
28/06/2012	60.4	0.005555556	3.04				
29/06/2012	60.5	0.0125	3.08				
02/07/2012	60.5	0.013888889	3.09				
03/07/2012	61.5	0.029722222	3.19				
04/07/2012	61.4	0.021111111	3.14				
05/07/2012	60.9	0.021944444	3.14				
06/07/2012	64.8	-0.005	2.97				
09/07/2012	63.4	-0.000277778	3				
10/07/2012	61.95	-0.016388889	2.91				
11/07/2012	61	0.000277778	3				
12/07/2012	61.9	-0.015833333	2.91				
13/07/2012	62.45	-0.025277778	2.86				
16/07/2012	62.9	-0.048333333	2.73				
17/07/2012	61.5	-0.031111111	2.83				
18/07/2012	60.5	-0.03	2.83				
19/07/2012	60.1	-0.024722222	2.86				
20/07/2012	59	-0.019444444	2.89				
23/07/2012	58.3	-0.010833333	2.94				
24/07/2012	57.75	-0.007777778	2.96				
25/07/2012	57.1	0.004722222	3.03				
26/07/2012	56.25	0.017222222	3.11				
27/07/2012	55.7	0.012777778	3.08				
30/07/2012	54.6	0.016111111	3.1				
31/07/2012	55.3	0.009722222	3.06				
01/08/2012	54.7	0.018333333	3.12				
02/08/2012	55.35	-0.000555556	3				
03/08/2012	51	0.021666667	3.14				
06/08/2012	57.5	-0.013611111	2.92				
07/08/2012	57.7	-0.014722222	2.92				
08/08/2012	57.75	-0.009722222	2.95				
09/08/2012	58.75	-0.001944444	2.99				
10/08/2012	53.8	0.027777778	3.18				
13/08/2012	53.8	0.034444444	3.22				
14/08/2012	54.1	0.03	3.19				
15/08/2012	54.6	0.031388889	3.2				
16/08/2012	55.1	0.028611111	3.18				
17/08/2012	54.25	0.028333333	3.18				
20/08/2012	54	0.035	3.22				
21/08/2012	54.25	0.023055556	3.15				
22/08/2012	54.4	0.029166667	3.19				
23/08/2012	53.05	0.040277778	3.26				
24/08/2012	52.8	0.042222222	3.27				
27/08/2012	52	0.041666667	3.27				
28/08/2012	51.9	0.039444444	3.25				
29/08/2012	51.25	0.048333333	3.31				
30/08/2012	50.85	0.05	3.32				
31/08/2012	50.55	0.048055556	3.31				
03/09/2012	50.3	0.046944444	3.3				
04/09/2012	50.85	0.050833333	3.33				
05/09/2012	50.9	0.0425	3.27				
06/09/2012	51.25	0.0475	3.3				
07/09/2012	51.55	0.040555556	3.26				
10/09/2012	53.85	0.029166667	3.19				
11/09/2012	53.45	0.028055556	3.18				
12/09/2012	53.8	0.021388889	3.14				
13/09/2012	53.65	0.028888889	3.19				
14/09/2012	54.5	0.013888889	3.09				
17/09/2012	57.25	-0.011388889	2.94				
18/09/2012	60	-0.024722222	2.86				
19/09/2012	64.3	-0.056944444	2.68				
20/09/2012	64.55	-0.053055556	2.71				
21/09/2012	63.6	-0.056666667	2.69				
24/09/2012	62.5	-0.048611111	2.73				
25/09/2012	63.8	-0.063611111	2.65				
26/09/2012	61.75	-0.048333333	2.73				
27/09/2012	62	-0.043888889	2.76				
28/09/2012	63.9	-0.063333333	2.65				
01/10/2012	64.1	-0.067222222	2.63				
02/10/2012	64.45	-0.067777778	2.62				
03/10/2012	64.6	-0.078611111	2.56				
04/10/2012	64	-0.083333333	2.54				
05/10/2012	64.8	-0.086944444	2.52				
08/10/2012	63.6	-0.077777778	2.57				
09/10/2012	61.7	-0.036944444	2.8				
10/10/2012	65	-0.065	2.64				
11/10/2012	64.05	-0.064166667	2.64				
12/10/2012	65.05	-0.076944444	2.57				
15/10/2012	68	-0.103888889	2.42				
16/10/2012	67.55	-0.109722222	2.39				
17/10/2012	64.8	-0.103333333	2.43				
18/10/2012	64.4	-0.088888889	2.51				
19/10/2012	67.15	-0.116666667	2.35				
22/10/2012	67.85	-0.120833333	2.33				
23/10/2012	68.15	-0.106388889	2.41				
24/10/2012	67.5	-0.102222222	2.43				
25/10/2012	67.55	-0.108611111	2.4				
26/10/2012	66.4	-0.11	2.39				
29/10/2012	65.1	-0.095555556	2.47				
30/10/2012	65.25	-0.106388889	2.41				
31/10/2012	63.8	-0.095	2.47				
01/11/2012	63.5	-0.086388889	2.52				
02/11/2012	64.45	-0.1	2.45				
05/11/2012	64.45	-0.096111111	2.47				
06/11/2012	64.6	-0.099444444	2.45				
07/11/2012	64.9	-0.104444444	2.42				
08/11/2012	65.2	-0.105555556	2.41				
09/11/2012	66	-0.1125	2.38				
12/11/2012	65.65	-0.109166667	2.39				
13/11/2012	66.1	-0.106944444	2.41				
14/11/2012	66.1	-0.111388889	2.38				
15/11/2012	66.7	-0.120555556	2.33				
16/11/2012	66.15	-0.123055556	2.32				
19/11/2012	67.4	-0.131388889	2.27				
20/11/2012	66.1	-0.123611111	2.31				
21/11/2012	67.2	-0.143055556	2.21				
22/11/2012	67.35	-0.160277778	2.11				
23/11/2012	67.1	-0.173888889	2.04				
26/11/2012	67.4	-0.184722222	1.98				
27/11/2012	67.65	-0.1925	1.93				
28/11/2012	67.65	-0.187222222	1.96				
29/11/2012	68.45	-0.193888889	1.92				
30/11/2012	68.1	-0.189444444	1.95				
03/12/2012	75.95	-0.23	1.72				
04/12/2012	75						
05/12/2012	77.95						
06/12/2012	76.45						
07/12/2012	76.85						
10/12/2012	75.85						
11/12/2012	81						
12/12/2012	77.9						
13/12/2012	77						
14/12/2012	75.95						
17/12/2012	75.6						
18/12/2012	77.45						
19/12/2012	77.5						
20/12/2012	77.05						
21/12/2012	76.5						
24/12/2012	77.45						
25/12/2012	75.75						
26/12/2012	75.75						
27/12/2012	76.6						
28/12/2012	76.1						
31/12/2012	75.85						
01/01/2013	81						
02/01/2013	83.8						
03/01/2013	82						
04/01/2013	82.45						
07/01/2013	84						
08/01/2013	83.2						
09/01/2013	82.65						
10/01/2013	82.45						
11/01/2013	80.8						
14/01/2013	77.55						
15/01/2013	81						
16/01/2013	80.8						
17/01/2013	78.15						
18/01/2013	79.85						
21/01/2013	79						
22/01/2013	77.3						
23/01/2013	76						
24/01/2013	74.55						
25/01/2013	72.25						
28/01/2013	75.55						
29/01/2013	74.9						
30/01/2013	75.8						
31/01/2013	74.75						
01/02/2013	73.85						
04/02/2013	74.1						
05/02/2013	73						
06/02/2013	69						
07/02/2013	68.5						
08/02/2013	68.4						
11/02/2013	67.55						
12/02/2013	66.6						
13/02/2013	68.65						
14/02/2013	67.6						
15/02/2013	67.2						
18/02/2013	67						
19/02/2013	68.05						
20/02/2013	68.15						
21/02/2013	67.55						
22/02/2013	67.3						
25/02/2013	67.75						
26/02/2013	67.35						
27/02/2013	66.4						
28/02/2013	66.1						
01/03/2013	62.5						
04/03/2013	61.95						
05/03/2013	59.05						
06/03/2013	61.4						
07/03/2013	62.75						
08/03/2013	63						
11/03/2013	66.85						
12/03/2013	65.2						
13/03/2013	64.85						
14/03/2013	63.9						
15/03/2013	63.35						
18/03/2013	59						
19/03/2013	61.05						
20/03/2013	59.05						
21/03/2013	57.9						
22/03/2013	54.2						
25/03/2013	55.9						
26/03/2013	55.1						
27/03/2013	55.65						
28/03/2013	55.5						
29/03/2013	56.35						
01/04/2013	56.35						
02/04/2013	57.95						
03/04/2013	59.35						
04/04/2013	58						
05/04/2013	57.5						
08/04/2013	57.05						
09/04/2013	58						
10/04/2013	55.25						
11/04/2013	54.9						
12/04/2013	55.05						
15/04/2013	55.05						
16/04/2013	56						
17/04/2013	58.4						
18/04/2013	58.8						
19/04/2013	60						
22/04/2013	59.5						
23/04/2013	60.25						
24/04/2013	60.25						
25/04/2013	59.35						
26/04/2013	60.3						
29/04/2013	58.4						
30/04/2013	59.65						
01/05/2013	60.3						
02/05/2013	60.4						
03/05/2013	59.5						
06/05/2013	59						
07/05/2013	59.95						
08/05/2013	59.85						
09/05/2013	59.2						
10/05/2013	58.75						
13/05/2013	60						
14/05/2013	58.55						
15/05/2013	59.8						
16/05/2013	58.85						
17/05/2013	59.1						
20/05/2013	58.5						
21/05/2013	57.65						
22/05/2013	58.85						
23/05/2013	57						
24/05/2013	55.2						
27/05/2013	55.55						
28/05/2013	54.05						
29/05/2013	55						
30/05/2013	53.4						
31/05/2013	53.75						
03/06/2013	52.35						
04/06/2013	53.05						
05/06/2013	54.1						
06/06/2013	52.5						
07/06/2013	52						
10/06/2013	52.25						
11/06/2013	50.45						
12/06/2013	49						
13/06/2013	49.15						
14/06/2013	49.6						
17/06/2013	55.05						
18/06/2013	53.3						
19/06/2013	52.5						
20/06/2013	51.2						
21/06/2013	49.3						
24/06/2013	47.8						
25/06/2013	46.2						
26/06/2013	48.4						
27/06/2013	46.15						
28/06/2013	46.1						
01/07/2013	49						
02/07/2013	49.1						
03/07/2013	48						
04/07/2013	46.6						
05/07/2013	47.9						
08/07/2013	46.1						
09/07/2013	46.7						
10/07/2013	47.95						
11/07/2013	46.45						
12/07/2013	47.15						
15/07/2013	46.7						
16/07/2013	46.1						
17/07/2013	46.2						
18/07/2013	45.75						
19/07/2013	46						
22/07/2013	46.85						
23/07/2013	46.05						
24/07/2013	45						
25/07/2013	44						
26/07/2013	43.75						
29/07/2013	43.85						
30/07/2013	41.45						
31/07/2013	38.5						
01/08/2013	35.8						
02/08/2013	34.15						
05/08/2013	33						
06/08/2013	33.95						
07/08/2013	33.55						
08/08/2013	34						
09/08/2013	34.55						
12/08/2013	34.5						